# 3dSliceNDice -insetA 6m_1min_m1_binary+orig -insetB 6m_3min_m1_binary+orig -prefix 6m_1min_3min_m1
    0    -72.00000            0            0      0.00000 
    1    -71.00000            0            0      0.00000 
    2    -70.00000            0            0      0.00000 
    3    -69.00000            0            0      0.00000 
    4    -68.00000            0            0      0.00000 
    5    -67.00000            0            0      0.00000 
    6    -66.00000            0            0      0.00000 
    7    -65.00000            0            0      0.00000 
    8    -64.00000            0            0      0.00000 
    9    -63.00000            0            0      0.00000 
   10    -62.00000            0            0      0.00000 
   11    -61.00000            0            0      0.00000 
   12    -60.00000            0            0      0.00000 
   13    -59.00000            0            0      0.00000 
   14    -58.00000            0            0      0.00000 
   15    -57.00000            0            0      0.00000 
   16    -56.00000            0            0      0.00000 
   17    -55.00000            0            0      0.00000 
   18    -54.00000            0            0      0.00000 
   19    -53.00000            0            0      0.00000 
   20    -52.00000            0            0      0.00000 
   21    -51.00000            1            1      1.00000 
   22    -50.00000          273          273      1.00000 
   23    -49.00000          612          612      1.00000 
   24    -48.00000         1076         1072      0.99814 
   25    -47.00000         1332         1315      0.99358 
   26    -46.00000         1601         1557      0.98607 
   27    -45.00000         1831         1727      0.97077 
   28    -44.00000         1971         1816      0.95907 
   29    -43.00000         2138         1928      0.94835 
   30    -42.00000         2239         1998      0.94312 
   31    -41.00000         2310         2057      0.94207 
   32    -40.00000         2369         2096      0.93886 
   33    -39.00000         2418         2125      0.93418 
   34    -38.00000         2446         2146      0.93162 
   35    -37.00000         2401         2117      0.93094 
   36    -36.00000         2379         2114      0.93301 
   37    -35.00000         2332         2093      0.94056 
   38    -34.00000         2254         2051      0.94774 
   39    -33.00000         2170         2020      0.95131 
   40    -32.00000         2223         2125      0.92870 
   41    -31.00000         2360         2269      0.90603 
   42    -30.00000         2443         2321      0.89211 
   43    -29.00000         2522         2361      0.88020 
   44    -28.00000         2607         2379      0.86201 
   45    -27.00000         2705         2369      0.84194 
   46    -26.00000         2748         2385      0.84044 
   47    -25.00000         2804         2405      0.84008 
   48    -24.00000         2766         2340      0.83627 
   49    -23.00000         2701         2214      0.81587 
   50    -22.00000         2635         2053      0.76792 
   51    -21.00000         2689         2108      0.78382 
   52    -20.00000         2710         2131      0.79736 
   53    -19.00000         2660         2111      0.80361 
   54    -18.00000         2580         2040      0.80476 
   55    -17.00000         2494         1984      0.78517 
   56    -16.00000         2429         2036      0.77984 
   57    -15.00000         2346         2124      0.77092 
   58    -14.00000         2190         2221      0.75720 
   59    -13.00000         1961         2282      0.76078 
   60    -12.00000         1721         2407      0.78198 
   61    -11.00000         1835         2565      0.77318 
   62    -10.00000         1918         2682      0.76913 
   63     -9.00000         1949         2732      0.76266 
   64     -8.00000         1929         2754      0.75379 
   65     -7.00000         1902         2896      0.72739 
   66     -6.00000         1939         3070      0.72190 
   67     -5.00000         1996         3225      0.72055 
   68     -4.00000         2041         3265      0.71919 
   69     -3.00000         2077         3301      0.71848 
   70     -2.00000         2134         3346      0.70620 
   71     -1.00000         2181         3361      0.69109 
   72      0.00000         2219         3389      0.67582 
   73      1.00000         2183         3296      0.66253 
   74      2.00000         2167         3180      0.65233 
   75      3.00000         2095         3075      0.64371 
   76      4.00000         2014         3037      0.64502 
   77      5.00000         1931         3030      0.63737 
   78      6.00000         1805         2914      0.62683 
   79      7.00000         1671         2764      0.61826 
   80      8.00000         1564         2708      0.61142 
   81      9.00000         1542         2680      0.58787 
   82     10.00000         1495         2646      0.56315 
   83     11.00000         1405         2527      0.53815 
   84     12.00000         1270         2373      0.51441 
   85     13.00000         1200         2298      0.56089 
   86     14.00000         1304         2343      0.62736 
   87     15.00000         1381         2389      0.66737 
   88     16.00000         1376         2332      0.69417 
   89     17.00000         1383         2287      0.71771 
   90     18.00000         1696         2480      0.76628 
   91     19.00000         1996         2662      0.79090 
   92     20.00000         2188         2748      0.81199 
   93     21.00000         2276         2704      0.82369 
   94     22.00000         2301         2594      0.83718 
   95     23.00000         2324         2472      0.84696 
   96     24.00000         2341         2431      0.84954 
   97     25.00000         2375         2400      0.85068 
   98     26.00000         2322         2282      0.84839 
   99     27.00000         2263         2172      0.84329 
  100     28.00000         2141         2031      0.83845 
  101     29.00000         2011         1888      0.83868 
  102     30.00000         1885         1755      0.83956 
  103     31.00000         1704         1559      0.84462 
  104     32.00000         1565         1404      0.85753 
  105     33.00000         1477         1316      0.85070 
  106     34.00000         1462         1296      0.85352 
  107     35.00000         1419         1266      0.85885 
  108     36.00000         1340         1247      0.86046 
  109     37.00000         1263         1244      0.86558 
  110     38.00000         1243         1265      0.85327 
  111     39.00000         1195         1238      0.84669 
  112     40.00000         1144         1198      0.83689 
  113     41.00000         1052         1116      0.83948 
  114     42.00000          934         1048      0.82846 
  115     43.00000          830          930      0.85114 
  116     44.00000          738          810      0.87468 
  117     45.00000          672          734      0.91038 
  118     46.00000          608          645      0.93855 
  119     47.00000          558          559      0.98120 
  120     48.00000          489          496      0.98680 
  121     49.00000          402          414      0.98284 
  122     50.00000          302          319      0.97262 
  123     51.00000          208          224      0.96296 
  124     52.00000          155          164      0.97179 
  125     53.00000          109          110      0.99543 
  126     54.00000           57           57      1.00000 
  127     55.00000           23           23      1.00000 
  128     56.00000            0            0      0.00000 
  129     57.00000            0            0      0.00000 
  130     58.00000            0            0      0.00000 
  131     59.00000            0            0      0.00000 
  132     60.00000            0            0      0.00000 
  133     61.00000            0            0      0.00000 
  134     62.00000            0            0      0.00000 
  135     63.00000            0            0      0.00000 
  136     64.00000            0            0      0.00000 
  137     65.00000            0            0      0.00000 
  138     66.00000            0            0      0.00000 
  139     67.00000            0            0      0.00000 
  140     68.00000            0            0      0.00000 
  141     69.00000            0            0      0.00000 
  142     70.00000            0            0      0.00000 
  143     71.00000            0            0      0.00000 
  144     72.00000            0            0      0.00000 
  145     73.00000            0            0      0.00000 
  146     74.00000            0            0      0.00000 
  147     75.00000            0            0      0.00000 
  148     76.00000            0            0      0.00000 
  149     77.00000            0            0      0.00000 
  150     78.00000            0            0      0.00000 
  151     79.00000            0            0      0.00000 
  152     80.00000            0            0      0.00000 
  153     81.00000            0            0      0.00000 
  154     82.00000            0            0      0.00000 
  155     83.00000            0            0      0.00000 
  156     84.00000            0            0      0.00000 
  157     85.00000            0            0      0.00000 
  158     86.00000            0            0      0.00000 
