# 3dSliceNDice -insetA 6m_1min_m5_binary+orig -insetB 6m_3min_m5_binary+orig -prefix 6m_1min_3min_m5
    0    134.00000            0            0      0.00000 
    1    133.00000            0            0      0.00000 
    2    132.00000            0            0      0.00000 
    3    131.00000            0            0      0.00000 
    4    130.00000            0            0      0.00000 
    5    129.00000            0            0      0.00000 
    6    128.00000            0            0      0.00000 
    7    127.00000            0            0      0.00000 
    8    126.00000            0            0      0.00000 
    9    125.00000            0            0      0.00000 
   10    124.00000            0            0      0.00000 
   11    123.00000            0            0      0.00000 
   12    122.00000            0            0      0.00000 
   13    121.00000            0            0      0.00000 
   14    120.00000            0            0      0.00000 
   15    119.00000            0            0      0.00000 
   16    118.00000            0            0      0.00000 
   17    117.00000            0            0      0.00000 
   18    116.00000            0            0      0.00000 
   19    115.00000            0            0      0.00000 
   20    114.00000            0            0      0.00000 
   21    113.00000            0            0      0.00000 
   22    112.00000            0            0      0.00000 
   23    111.00000            0            0      0.00000 
   24    110.00000            0            0      0.00000 
   25    109.00000            0            0      0.00000 
   26    108.00000            0            0      0.00000 
   27    107.00000            0            0      0.00000 
   28    106.00000            0            0      0.00000 
   29    105.00000            0            0      0.00000 
   30    104.00000            0            0      0.00000 
   31    103.00000            0            0      0.00000 
   32    102.00000            0            0      0.00000 
   33    101.00000            0            0      0.00000 
   34    100.00000            0            0      0.00000 
   35     99.00000            0            0      0.00000 
   36     98.00000            0            0      0.00000 
   37     97.00000            0            0      0.00000 
   38     96.00000            0            0      0.00000 
   39     95.00000            0            0      0.00000 
   40     94.00000            0            0      0.00000 
   41     93.00000            0            0      0.00000 
   42     92.00000            0            0      0.00000 
   43     91.00000            0            0      0.00000 
   44     90.00000            0            0      0.00000 
   45     89.00000            0            0      0.00000 
   46     88.00000            0            0      0.00000 
   47     87.00000            0            0      0.00000 
   48     86.00000            0            0      0.00000 
   49     85.00000            0            0      0.00000 
   50     84.00000            0            0      0.00000 
   51     83.00000            0            0      0.00000 
   52     82.00000            0            0      0.00000 
   53     81.00000            0            0      0.00000 
   54     80.00000            0            0      0.00000 
   55     79.00000            0            0      0.00000 
   56     78.00000            0            0      0.00000 
   57     77.00000            0            0      0.00000 
   58     76.00000           25           25      1.00000 
   59     75.00000           83           83      1.00000 
   60     74.00000          141          141      1.00000 
   61     73.00000          199          199      1.00000 
   62     72.00000          275          297      0.96154 
   63     71.00000          329          382      0.92546 
   64     70.00000          400          472      0.91743 
   65     69.00000          444          534      0.90798 
   66     68.00000          481          588      0.89991 
   67     67.00000          546          640      0.92074 
   68     66.00000          634          699      0.95124 
   69     65.00000          742          783      0.97180 
   70     64.00000          827          855      0.97860 
   71     63.00000          894          917      0.97957 
   72     62.00000          964          974      0.98142 
   73     61.00000          985          995      0.97576 
   74     60.00000         1024         1026      0.97366 
   75     59.00000         1043         1037      0.96731 
   76     58.00000         1061         1049      0.96303 
   77     57.00000         1266         1137      0.89222 
   78     56.00000         1437         1204      0.84589 
   79     55.00000         1563         1241      0.81669 
   80     54.00000         1665         1278      0.79579 
   81     53.00000         1760         1323      0.78495 
   82     52.00000         1856         1572      0.84947 
   83     51.00000         1946         1718      0.86681 
   84     50.00000         2049         1804      0.86997 
   85     49.00000         2119         1865      0.87098 
   86     48.00000         2202         1924      0.87058 
   87     47.00000         2286         2000      0.87587 
   88     46.00000         2341         2058      0.88520 
   89     45.00000         2408         2106      0.89101 
   90     44.00000         2433         2131      0.89089 
   91     43.00000         2445         2152      0.88884 
   92     42.00000         2413         2133      0.88781 
   93     41.00000         2361         2104      0.88690 
   94     40.00000         2343         2104      0.88554 
   95     39.00000         2261         2064      0.88786 
   96     38.00000         2215         2074      0.90184 
   97     37.00000         2203         2082      0.89895 
   98     36.00000         2221         2083      0.88011 
   99     35.00000         2232         2102      0.86525 
  100     34.00000         2240         2095      0.85998 
  101     33.00000         2272         2101      0.85433 
  102     32.00000         2400         2223      0.88817 
  103     31.00000         2499         2352      0.90579 
  104     30.00000         2557         2427      0.91693 
  105     29.00000         2557         2441      0.91997 
  106     28.00000         2513         2417      0.91765 
  107     27.00000         2464         2380      0.91990 
  108     26.00000         2415         2321      0.92314 
  109     25.00000         2395         2316      0.92634 
  110     24.00000         2338         2268      0.92618 
  111     23.00000         2296         2244      0.92819 
  112     22.00000         2246         2222      0.93062 
  113     21.00000         2185         2180      0.93333 
  114     20.00000         2117         2145      0.93665 
  115     19.00000         2065         2086      0.92941 
  116     18.00000         2030         2055      0.92485 
  117     17.00000         2048         2069      0.92397 
  118     16.00000         2039         2057      0.92480 
  119     15.00000         2046         2064      0.92603 
  120     14.00000         2040         2058      0.92972 
  121     13.00000         2031         2052      0.93118 
  122     12.00000         2001         2027      0.93744 
  123     11.00000         1962         1983      0.94297 
  124     10.00000         1914         1941      0.94890 
  125      9.00000         1820         1886      0.94549 
  126      8.00000         1793         1883      0.94233 
  127      7.00000         1741         1845      0.93475 
  128      6.00000         1700         1807      0.93128 
  129      5.00000         1662         1767      0.92738 
  130      4.00000         1635         1722      0.92881 
  131      3.00000         1631         1692      0.93229 
  132      2.00000         1641         1630      0.92510 
  133      1.00000         1663         1568      0.91179 
  134      0.00000         1684         1502      0.89956 
  135     -1.00000         1649         1404      0.88307 
  136     -2.00000         1615         1325      0.86735 
  137     -3.00000         1540         1270      0.86406 
  138     -4.00000         1481         1277      0.87745 
  139     -5.00000         1417         1273      0.88699 
  140     -6.00000         1338         1230      0.88006 
  141     -7.00000         1273         1229      0.85212 
  142     -8.00000         1190         1212      0.82098 
  143     -9.00000         1137         1170      0.80364 
  144    -10.00000         1071         1135      0.77969 
  145    -11.00000          952         1058      0.75224 
  146    -12.00000          854          980      0.73064 
  147    -13.00000          789          901      0.71243 
  148    -14.00000          751          821      0.69338 
  149    -15.00000          710          738      0.66713 
  150    -16.00000          626          632      0.62639 
  151    -17.00000          540          543      0.55586 
  152    -18.00000          462          451      0.49507 
  153    -19.00000          419          382      0.45943 
  154    -20.00000          367          305      0.41667 
  155    -21.00000          299          203      0.32669 
  156    -22.00000          211           79      0.08276 
  157    -23.00000          126           60      0.00000 
  158    -24.00000           89          138      0.00000 
  159    -25.00000           58          204      0.00000 
  160    -26.00000           20          254      0.00000 
  161    -27.00000            5          296      0.00000 
  162    -28.00000           64          346      0.15610 
  163    -29.00000          176          370      0.32234 
  164    -30.00000          280          400      0.41176 
  165    -31.00000          360          414      0.46512 
  166    -32.00000          425          425      0.49176 
  167    -33.00000          484          421      0.50387 
  168    -34.00000          502          397      0.50278 
  169    -35.00000          529          401      0.49892 
  170    -36.00000          518          397      0.48743 
  171    -37.00000          508          397      0.47514 
  172    -38.00000          478          393      0.45465 
  173    -39.00000          433          379      0.43842 
  174    -40.00000          394          375      0.43173 
  175    -41.00000          343          355      0.40688 
  176    -42.00000          297          334      0.37401 
  177    -43.00000          225          303      0.31061 
  178    -44.00000          161          268      0.25175 
  179    -45.00000           93          224      0.11356 
  180    -46.00000           37          177      0.00935 
  181    -47.00000            5          151      0.00000 
  182    -48.00000            0          112      0.00000 
  183    -49.00000            0           71      0.00000 
  184    -50.00000            0           30      0.00000 
  185    -51.00000            0            4      0.00000 
  186    -52.00000            0            0      0.00000 
  187    -53.00000            0            0      0.00000 
  188    -54.00000            0            0      0.00000 
  189    -55.00000            0            0      0.00000 
  190    -56.00000            0            0      0.00000 
  191    -57.00000            0            0      0.00000 
  192    -58.00000            0            0      0.00000 
  193    -59.00000            0            0      0.00000 
  194    -60.00000            0            0      0.00000 
  195    -61.00000            0            0      0.00000 
  196    -62.00000            0            0      0.00000 
  197    -63.00000            0            0      0.00000 
  198    -64.00000            0            0      0.00000 
  199    -65.00000            0            0      0.00000 
  200    -66.00000            0            0      0.00000 
  201    -67.00000            0            0      0.00000 
  202    -68.00000            0            0      0.00000 
  203    -69.00000            0            0      0.00000 
  204    -70.00000            0            0      0.00000 
  205    -71.00000            0            0      0.00000 
  206    -72.00000            0            0      0.00000 
  207    -73.00000            0            0      0.00000 
  208    -74.00000            0            0      0.00000 
  209    -75.00000            0            0      0.00000 
  210    -76.00000            0            0      0.00000 
  211    -77.00000            0            0      0.00000 
  212    -78.00000            0            0      0.00000 
  213    -79.00000            0            0      0.00000 
  214    -80.00000            0            0      0.00000 
  215    -81.00000            0            0      0.00000 
  216    -82.00000            0            0      0.00000 
  217    -83.00000            0            0      0.00000 
  218    -84.00000            0            0      0.00000 
  219    -85.00000            0            0      0.00000 
  220    -86.00000            0            0      0.00000 
  221    -87.00000            0            0      0.00000 
  222    -88.00000            0            0      0.00000 
  223    -89.00000            0            0      0.00000 
  224    -90.00000            0            0      0.00000 
  225    -91.00000            0            0      0.00000 
  226    -92.00000            0            0      0.00000 
  227    -93.00000            0            0      0.00000 
  228    -94.00000            0            0      0.00000 
  229    -95.00000            0            0      0.00000 
  230    -96.00000            0            0      0.00000 
  231    -97.00000            0            0      0.00000 
  232    -98.00000            0            0      0.00000 
