# 3dSliceNDice -insetA 6m_1min_m1_binary+orig -insetB 6m_5min_m1_binary+orig -prefix 6m_1min_5min_m1
    0    -72.00000            0            0      0.00000 
    1    -71.00000            0            0      0.00000 
    2    -70.00000            0            0      0.00000 
    3    -69.00000            0            0      0.00000 
    4    -68.00000            0            0      0.00000 
    5    -67.00000            0            0      0.00000 
    6    -66.00000            0            0      0.00000 
    7    -65.00000            0            0      0.00000 
    8    -64.00000            0            0      0.00000 
    9    -63.00000            0            0      0.00000 
   10    -62.00000            0            0      0.00000 
   11    -61.00000            0            0      0.00000 
   12    -60.00000            0            0      0.00000 
   13    -59.00000            0            0      0.00000 
   14    -58.00000            0            0      0.00000 
   15    -57.00000            0            0      0.00000 
   16    -56.00000            0            0      0.00000 
   17    -55.00000            0            0      0.00000 
   18    -54.00000            0            0      0.00000 
   19    -53.00000            0            0      0.00000 
   20    -52.00000            0            0      0.00000 
   21    -51.00000            1            1      1.00000 
   22    -50.00000          273          273      1.00000 
   23    -49.00000          612          612      1.00000 
   24    -48.00000         1076         1072      0.99814 
   25    -47.00000         1332         1314      0.99320 
   26    -46.00000         1601         1549      0.98349 
   27    -45.00000         1831         1713      0.96670 
   28    -44.00000         1971         1791      0.95215 
   29    -43.00000         2138         1899      0.94080 
   30    -42.00000         2239         1961      0.93381 
   31    -41.00000         2310         2021      0.93327 
   32    -40.00000         2369         2062      0.93072 
   33    -39.00000         2418         2087      0.92653 
   34    -38.00000         2446         2102      0.92436 
   35    -37.00000         2401         2059      0.91973 
   36    -36.00000         2379         2074      0.91040 
   37    -35.00000         2332         2061      0.90326 
   38    -34.00000         2254         2029      0.89517 
   39    -33.00000         2170         1957      0.87667 
   40    -32.00000         2223         2157      0.81370 
   41    -31.00000         2360         2364      0.81033 
   42    -30.00000         2443         2486      0.80665 
   43    -29.00000         2522         2563      0.79803 
   44    -28.00000         2607         2624      0.79182 
   45    -27.00000         2705         2654      0.78597 
   46    -26.00000         2748         2685      0.79256 
   47    -25.00000         2804         2724      0.79161 
   48    -24.00000         2766         2690      0.78556 
   49    -23.00000         2701         2606      0.77332 
   50    -22.00000         2635         2553      0.74981 
   51    -21.00000         2689         2703      0.74777 
   52    -20.00000         2710         2803      0.74079 
   53    -19.00000         2660         2773      0.73109 
   54    -18.00000         2580         2637      0.70155 
   55    -17.00000         2494         2394      0.64116 
   56    -16.00000         2429         2409      0.64531 
   57    -15.00000         2346         2441      0.65051 
   58    -14.00000         2190         2439      0.66580 
   59    -13.00000         1961         2421      0.70105 
   60    -12.00000         1721         2457      0.77405 
   61    -11.00000         1835         2606      0.76514 
   62    -10.00000         1918         2726      0.75624 
   63     -9.00000         1949         2770      0.75228 
   64     -8.00000         1929         2764      0.74537 
   65     -7.00000         1902         2853      0.73312 
   66     -6.00000         1939         3011      0.72485 
   67     -5.00000         1996         3201      0.71695 
   68     -4.00000         2041         3291      0.71418 
   69     -3.00000         2077         3366      0.71100 
   70     -2.00000         2134         3484      0.69206 
   71     -1.00000         2181         3537      0.67296 
   72      0.00000         2219         3582      0.65127 
   73      1.00000         2183         3499      0.63076 
   74      2.00000         2167         3392      0.60407 
   75      3.00000         2095         3307      0.58534 
   76      4.00000         2014         3342      0.59149 
   77      5.00000         1931         3350      0.59724 
   78      6.00000         1805         3262      0.60707 
   79      7.00000         1671         3168      0.61914 
   80      8.00000         1564         3032      0.62707 
   81      9.00000         1542         2958      0.61289 
   82     10.00000         1495         2870      0.59381 
   83     11.00000         1405         2715      0.57330 
   84     12.00000         1270         2540      0.53596 
   85     13.00000         1200         2443      0.52539 
   86     14.00000         1304         2545      0.57158 
   87     15.00000         1381         2623      0.59940 
   88     16.00000         1376         2588      0.61907 
   89     17.00000         1383         2610      0.62960 
   90     18.00000         1696         2727      0.71400 
   91     19.00000         1996         2819      0.76677 
   92     20.00000         2188         2861      0.80095 
   93     21.00000         2276         2809      0.81652 
   94     22.00000         2301         2726      0.82992 
   95     23.00000         2324         2638      0.84160 
   96     24.00000         2341         2610      0.84791 
   97     25.00000         2375         2608      0.85009 
   98     26.00000         2322         2526      0.85355 
   99     27.00000         2263         2426      0.85093 
  100     28.00000         2141         2297      0.85038 
  101     29.00000         2011         2150      0.84787 
  102     30.00000         1885         2019      0.84734 
  103     31.00000         1704         1829      0.85027 
  104     32.00000         1565         1688      0.85460 
  105     33.00000         1477         1604      0.85816 
  106     34.00000         1462         1565      0.86753 
  107     35.00000         1419         1526      0.87131 
  108     36.00000         1340         1464      0.87874 
  109     37.00000         1263         1413      0.88341 
  110     38.00000         1243         1370      0.88251 
  111     39.00000         1195         1287      0.89041 
  112     40.00000         1144         1200      0.89249 
  113     41.00000         1052         1082      0.90159 
  114     42.00000          934          939      0.92045 
  115     43.00000          830          806      0.94866 
  116     44.00000          738          724      0.95486 
  117     45.00000          672          672      0.94940 
  118     46.00000          608          629      0.95069 
  119     47.00000          558          596      0.94974 
  120     48.00000          489          550      0.93551 
  121     49.00000          402          479      0.91033 
  122     50.00000          302          399      0.86163 
  123     51.00000          208          318      0.79087 
  124     52.00000          155          267      0.73460 
  125     53.00000          109          223      0.65663 
  126     54.00000           57          155      0.53774 
  127     55.00000           23          120      0.32168 
  128     56.00000            0           49      0.00000 
  129     57.00000            0            0      0.00000 
  130     58.00000            0            0      0.00000 
  131     59.00000            0            0      0.00000 
  132     60.00000            0            0      0.00000 
  133     61.00000            0            0      0.00000 
  134     62.00000            0            0      0.00000 
  135     63.00000            0            0      0.00000 
  136     64.00000            0            0      0.00000 
  137     65.00000            0            0      0.00000 
  138     66.00000            0            0      0.00000 
  139     67.00000            0            0      0.00000 
  140     68.00000            0            0      0.00000 
  141     69.00000            0            0      0.00000 
  142     70.00000            0            0      0.00000 
  143     71.00000            0            0      0.00000 
  144     72.00000            0            0      0.00000 
  145     73.00000            0            0      0.00000 
  146     74.00000            0            0      0.00000 
  147     75.00000            0            0      0.00000 
  148     76.00000            0            0      0.00000 
  149     77.00000            0            0      0.00000 
  150     78.00000            0            0      0.00000 
  151     79.00000            0            0      0.00000 
  152     80.00000            0            0      0.00000 
  153     81.00000            0            0      0.00000 
  154     82.00000            0            0      0.00000 
  155     83.00000            0            0      0.00000 
  156     84.00000            0            0      0.00000 
  157     85.00000            0            0      0.00000 
  158     86.00000            0            0      0.00000 
