# 3dSliceNDice -insetA 6m_1min_m4_binary+orig -insetB 6m_5min_m4_binary+orig -prefix 6m_1min_5min_m4
    0    -72.00000            0            0      0.00000 
    1    -71.00000            0            0      0.00000 
    2    -70.00000            0            0      0.00000 
    3    -69.00000            0            0      0.00000 
    4    -68.00000            0            0      0.00000 
    5    -67.00000            0            0      0.00000 
    6    -66.00000            0            0      0.00000 
    7    -65.00000            0            0      0.00000 
    8    -64.00000            0            0      0.00000 
    9    -63.00000            0            0      0.00000 
   10    -62.00000            0            0      0.00000 
   11    -61.00000            0            0      0.00000 
   12    -60.00000            0            0      0.00000 
   13    -59.00000            0            0      0.00000 
   14    -58.00000            0            0      0.00000 
   15    -57.00000            0            0      0.00000 
   16    -56.00000            0            0      0.00000 
   17    -55.00000            0            0      0.00000 
   18    -54.00000            0            0      0.00000 
   19    -53.00000            0            0      0.00000 
   20    -52.00000            0            0      0.00000 
   21    -51.00000            1            0      0.00000 
   22    -50.00000          151            0      0.00000 
   23    -49.00000          348            0      0.00000 
   24    -48.00000          588            0      0.00000 
   25    -47.00000          725            0      0.00000 
   26    -46.00000          848            0      0.00000 
   27    -45.00000          956            0      0.00000 
   28    -44.00000          991            0      0.00000 
   29    -43.00000         1026            0      0.00000 
   30    -42.00000         1004            0      0.00000 
   31    -41.00000          983            0      0.00000 
   32    -40.00000          948            0      0.00000 
   33    -39.00000          895            0      0.00000 
   34    -38.00000          813            0      0.00000 
   35    -37.00000          719           64      0.00000 
   36    -36.00000          663          149      0.00000 
   37    -35.00000          593          217      0.00000 
   38    -34.00000          499          277      0.00000 
   39    -33.00000          397          338      0.00000 
   40    -32.00000          434          696      0.24425 
   41    -31.00000          554          912      0.40928 
   42    -30.00000          619         1098      0.48340 
   43    -29.00000          671         1301      0.54057 
   44    -28.00000          728         1457      0.61144 
   45    -27.00000          802         1620      0.66226 
   46    -26.00000          908         1756      0.68168 
   47    -25.00000         1052         1935      0.70439 
   48    -24.00000         1155         2079      0.71429 
   49    -23.00000         1260         2216      0.72497 
   50    -22.00000         1400         2432      0.73069 
   51    -21.00000         1529         2633      0.73474 
   52    -20.00000         1662         2858      0.73540 
   53    -19.00000         1723         3027      0.72547 
   54    -18.00000         1777         3141      0.72265 
   55    -17.00000         1774         3202      0.71302 
   56    -16.00000         1747         3215      0.70415 
   57    -15.00000         1705         3208      0.69408 
   58    -14.00000         1615         3136      0.67986 
   59    -13.00000         1546         3107      0.66452 
   60    -12.00000         1427         2972      0.64878 
   61    -11.00000         1321         2843      0.63449 
   62    -10.00000         1191         2660      0.61854 
   63     -9.00000         1020         2401      0.59632 
   64     -8.00000          813         2059      0.56616 
   65     -7.00000          644         1501      0.60047 
   66     -6.00000          638         1423      0.61912 
   67     -5.00000          638         1322      0.65102 
   68     -4.00000          621         1201      0.68167 
   69     -3.00000          599         1055      0.72430 
   70     -2.00000          564          923      0.75857 
   71     -1.00000          531          910      0.73699 
   72      0.00000          497          895      0.71408 
   73      1.00000          450          852      0.69124 
   74      2.00000          421          824      0.67631 
   75      3.00000          433          809      0.60064 
   76      4.00000          479          842      0.51628 
   77      5.00000          503          839      0.44560 
   78      6.00000          495          795      0.37364 
   79      7.00000          436          728      0.24055 
   80      8.00000          668          852      0.20658 
   81      9.00000         1000         1063      0.41008 
   82     10.00000         1245         1205      0.49469 
   83     11.00000         1422         1277      0.54465 
   84     12.00000         1566         1279      0.59402 
   85     13.00000         1751         1369      0.67628 
   86     14.00000         1882         1552      0.74083 
   87     15.00000         2048         1730      0.77872 
   88     16.00000         2152         1847      0.80470 
   89     17.00000         2242         1934      0.81849 
   90     18.00000         2330         2035      0.83940 
   91     19.00000         2369         2077      0.84975 
   92     20.00000         2439         2165      0.86664 
   93     21.00000         2469         2182      0.87164 
   94     22.00000         2506         2199      0.87566 
   95     23.00000         2510         2197      0.87742 
   96     24.00000         2494         2198      0.88321 
   97     25.00000         2503         2215      0.88766 
   98     26.00000         2503         2201      0.89031 
   99     27.00000         2480         2163      0.89296 
  100     28.00000         2470         2171      0.88429 
  101     29.00000         2503         2265      0.85570 
  102     30.00000         2531         2368      0.83527 
  103     31.00000         2521         2454      0.82814 
  104     32.00000         2538         2546      0.82061 
  105     33.00000         2526         2705      0.80558 
  106     34.00000         2505         2823      0.79505 
  107     35.00000         2519         2958      0.79167 
  108     36.00000         2511         2993      0.79251 
  109     37.00000         2504         2992      0.78857 
  110     38.00000         2519         3023      0.78672 
  111     39.00000         2545         3017      0.79036 
  112     40.00000         2581         3024      0.79893 
  113     41.00000         2588         2971      0.81310 
  114     42.00000         2596         2928      0.82839 
  115     43.00000         2578         2817      0.84930 
  116     44.00000         2512         2655      0.87130 
  117     45.00000         2456         2528      0.88443 
  118     46.00000         2400         2368      0.89849 
  119     47.00000         2325         2239      0.90929 
  120     48.00000         2203         2050      0.91230 
  121     49.00000         2075         1855      0.90891 
  122     50.00000         1974         1704      0.91191 
  123     51.00000         1864         1588      0.91599 
  124     52.00000         1704         1485      0.93133 
  125     53.00000         1517         1367      0.94799 
  126     54.00000         1273         1188      0.96546 
  127     55.00000         1002          961      0.97911 
  128     56.00000          618          602      0.98689 
  129     57.00000          300          294      0.98990 
  130     58.00000           66           66      1.00000 
  131     59.00000            0            0      0.00000 
  132     60.00000            0            0      0.00000 
  133     61.00000            0            0      0.00000 
  134     62.00000            0            0      0.00000 
  135     63.00000            0            0      0.00000 
  136     64.00000            0            0      0.00000 
  137     65.00000            0            0      0.00000 
  138     66.00000            0            0      0.00000 
  139     67.00000            0            0      0.00000 
  140     68.00000            0            0      0.00000 
  141     69.00000            0            0      0.00000 
  142     70.00000            0            0      0.00000 
  143     71.00000            0            0      0.00000 
  144     72.00000            0            0      0.00000 
  145     73.00000            0            0      0.00000 
  146     74.00000            0            0      0.00000 
  147     75.00000            0            0      0.00000 
  148     76.00000            0            0      0.00000 
  149     77.00000            0            0      0.00000 
  150     78.00000            0            0      0.00000 
  151     79.00000            0            0      0.00000 
  152     80.00000            0            0      0.00000 
  153     81.00000            0            0      0.00000 
  154     82.00000            0            0      0.00000 
  155     83.00000            0            0      0.00000 
  156     84.00000            0            0      0.00000 
  157     85.00000            0            0      0.00000 
  158     86.00000            0            0      0.00000 
