# 3dSliceNDice -insetA 6m_1min_m3_binary+orig -insetB 6m_3min_m3_binary+orig -prefix 6m_1min_3min_m3
    0    134.00000            0            0      0.00000 
    1    133.00000            0            0      0.00000 
    2    132.00000            0            0      0.00000 
    3    131.00000            0            0      0.00000 
    4    130.00000            0            0      0.00000 
    5    129.00000            0            0      0.00000 
    6    128.00000            0            0      0.00000 
    7    127.00000            0            0      0.00000 
    8    126.00000            0            0      0.00000 
    9    125.00000            0            0      0.00000 
   10    124.00000            0            0      0.00000 
   11    123.00000            0            0      0.00000 
   12    122.00000            0            0      0.00000 
   13    121.00000            0            0      0.00000 
   14    120.00000            0            0      0.00000 
   15    119.00000            0            0      0.00000 
   16    118.00000            0            0      0.00000 
   17    117.00000            0            0      0.00000 
   18    116.00000            0            0      0.00000 
   19    115.00000            0            0      0.00000 
   20    114.00000            0            0      0.00000 
   21    113.00000            0            0      0.00000 
   22    112.00000            0            0      0.00000 
   23    111.00000            0            0      0.00000 
   24    110.00000            0            0      0.00000 
   25    109.00000            0            0      0.00000 
   26    108.00000            0            0      0.00000 
   27    107.00000            0            0      0.00000 
   28    106.00000            0            0      0.00000 
   29    105.00000            0            0      0.00000 
   30    104.00000            0            0      0.00000 
   31    103.00000            0            0      0.00000 
   32    102.00000            0            0      0.00000 
   33    101.00000            0            0      0.00000 
   34    100.00000            0            0      0.00000 
   35     99.00000            0            0      0.00000 
   36     98.00000            0            0      0.00000 
   37     97.00000            0            0      0.00000 
   38     96.00000            0            0      0.00000 
   39     95.00000            0            0      0.00000 
   40     94.00000            0            0      0.00000 
   41     93.00000            0            0      0.00000 
   42     92.00000            0            0      0.00000 
   43     91.00000            0            0      0.00000 
   44     90.00000            0            0      0.00000 
   45     89.00000            0            0      0.00000 
   46     88.00000            0            0      0.00000 
   47     87.00000            0            0      0.00000 
   48     86.00000            0            0      0.00000 
   49     85.00000            0            0      0.00000 
   50     84.00000            0            0      0.00000 
   51     83.00000            0            0      0.00000 
   52     82.00000            0            0      0.00000 
   53     81.00000            0            9      0.00000 
   54     80.00000            0           41      0.00000 
   55     79.00000            0           87      0.00000 
   56     78.00000            0          152      0.00000 
   57     77.00000           44          242      0.25874 
   58     76.00000          186          389      0.51478 
   59     75.00000          378          600      0.65644 
   60     74.00000          580          817      0.73873 
   61     73.00000          767         1007      0.78579 
   62     72.00000         1005         1248      0.82645 
   63     71.00000         1198         1464      0.84147 
   64     70.00000         1527         1763      0.87964 
   65     69.00000         1739         1973      0.89386 
   66     68.00000         1890         2143      0.89660 
   67     67.00000         2057         2301      0.89353 
   68     66.00000         2196         2464      0.88670 
   69     65.00000         2363         2643      0.88893 
   70     64.00000         2462         2753      0.89204 
   71     63.00000         2556         2846      0.89819 
   72     62.00000         2586         2858      0.90338 
   73     61.00000         2570         2845      0.90822 
   74     60.00000         2552         2827      0.91207 
   75     59.00000         2448         2728      0.91151 
   76     58.00000         2334         2629      0.91356 
   77     57.00000         2212         2533      0.91633 
   78     56.00000         2223         2551      0.91579 
   79     55.00000         2229         2594      0.90981 
   80     54.00000         2218         2611      0.90122 
   81     53.00000         2236         2647      0.89740 
   82     52.00000         2299         2655      0.89302 
   83     51.00000         2388         2651      0.88351 
   84     50.00000         2471         2649      0.87891 
   85     49.00000         2458         2602      0.86640 
   86     48.00000         2493         2607      0.85725 
   87     47.00000         2454         2622      0.85343 
   88     46.00000         2429         2720      0.85920 
   89     45.00000         2398         2810      0.85599 
   90     44.00000         2285         2794      0.84465 
   91     43.00000         2182         2824      0.82581 
   92     42.00000         2087         2828      0.80855 
   93     41.00000         2118         2811      0.82370 
   94     40.00000         2178         2803      0.83678 
   95     39.00000         2185         2717      0.85190 
   96     38.00000         2182         2561      0.87750 
   97     37.00000         2235         2359      0.90901 
   98     36.00000         2327         2380      0.90504 
   99     35.00000         2417         2436      0.90377 
  100     34.00000         2496         2488      0.90449 
  101     33.00000         2575         2546      0.90490 
  102     32.00000         2651         2596      0.90719 
  103     31.00000         2680         2619      0.90772 
  104     30.00000         2738         2637      0.91274 
  105     29.00000         2765         2629      0.91361 
  106     28.00000         2792         2629      0.91312 
  107     27.00000         2794         2591      0.91105 
  108     26.00000         2795         2536      0.90565 
  109     25.00000         2800         2480      0.89583 
  110     24.00000         2771         2410      0.88747 
  111     23.00000         2747         2343      0.88016 
  112     22.00000         2689         2242      0.86919 
  113     21.00000         2658         2175      0.86903 
  114     20.00000         2616         2100      0.86853 
  115     19.00000         2536         2011      0.86958 
  116     18.00000         2481         1950      0.87294 
  117     17.00000         2696         1996      0.84697 
  118     16.00000         2860         2068      0.83726 
  119     15.00000         2928         2101      0.83357 
  120     14.00000         2948         2106      0.82905 
  121     13.00000         2963         2107      0.82446 
  122     12.00000         2977         2250      0.85211 
  123     11.00000         2936         2346      0.87846 
  124     10.00000         2900         2391      0.89435 
  125      9.00000         2785         2358      0.90336 
  126      8.00000         2695         2347      0.91710 
  127      7.00000         2465         2217      0.92781 
  128      6.00000         2349         2116      0.92497 
  129      5.00000         2246         2030      0.92049 
  130      4.00000         2104         1901      0.90986 
  131      3.00000         1949         1764      0.88661 
  132      2.00000         1733         1622      0.88405 
  133      1.00000         1644         1563      0.88432 
  134      0.00000         1551         1501      0.88729 
  135     -1.00000         1432         1418      0.88912 
  136     -2.00000         1278         1317      0.89094 
  137     -3.00000         1100         1180      0.88158 
  138     -4.00000         1024         1098      0.85768 
  139     -5.00000          947         1001      0.81622 
  140     -6.00000          822          864      0.75089 
  141     -7.00000          699          742      0.63983 
  142     -8.00000          587          647      0.52512 
  143     -9.00000          546          609      0.55931 
  144    -10.00000          509          547      0.57576 
  145    -11.00000          463          456      0.59412 
  146    -12.00000          426          372      0.62657 
  147    -13.00000          386          342      0.63462 
  148    -14.00000          350          361      0.57947 
  149    -15.00000          317          372      0.54282 
  150    -16.00000          305          367      0.52083 
  151    -17.00000          304          371      0.52148 
  152    -18.00000          312          384      0.49138 
  153    -19.00000          330          375      0.46241 
  154    -20.00000          341          381      0.43490 
  155    -21.00000          343          372      0.40000 
  156    -22.00000          348          373      0.36338 
  157    -23.00000          332          355      0.29112 
  158    -24.00000          325          334      0.24583 
  159    -25.00000          312          300      0.16340 
  160    -26.00000          288          256      0.08088 
  161    -27.00000          266          223      0.00409 
  162    -28.00000          249          193      0.00000 
  163    -29.00000          239          162      0.00000 
  164    -30.00000          235          122      0.00000 
  165    -31.00000          222           80      0.00000 
  166    -32.00000          207           32      0.00000 
  167    -33.00000          184            0      0.00000 
  168    -34.00000          162            0      0.00000 
  169    -35.00000          138            0      0.00000 
  170    -36.00000          108            0      0.00000 
  171    -37.00000           88            0      0.00000 
  172    -38.00000           61            0      0.00000 
  173    -39.00000           44            0      0.00000 
  174    -40.00000           26            0      0.00000 
  175    -41.00000            5            0      0.00000 
  176    -42.00000            0            0      0.00000 
  177    -43.00000            0            0      0.00000 
  178    -44.00000            0            0      0.00000 
  179    -45.00000            0            0      0.00000 
  180    -46.00000            0            0      0.00000 
  181    -47.00000            0            0      0.00000 
  182    -48.00000            0            0      0.00000 
  183    -49.00000            0            0      0.00000 
  184    -50.00000            0            0      0.00000 
  185    -51.00000            0            0      0.00000 
  186    -52.00000            0            0      0.00000 
  187    -53.00000            0            0      0.00000 
  188    -54.00000            0            0      0.00000 
  189    -55.00000            0            0      0.00000 
  190    -56.00000            0            0      0.00000 
  191    -57.00000            0            0      0.00000 
  192    -58.00000            0            0      0.00000 
  193    -59.00000            0            0      0.00000 
  194    -60.00000            0            0      0.00000 
  195    -61.00000            0            0      0.00000 
  196    -62.00000            0            0      0.00000 
  197    -63.00000            0            0      0.00000 
  198    -64.00000            0            0      0.00000 
  199    -65.00000            0            0      0.00000 
  200    -66.00000            0            0      0.00000 
  201    -67.00000            0            0      0.00000 
  202    -68.00000            0            0      0.00000 
  203    -69.00000            0            0      0.00000 
  204    -70.00000            0            0      0.00000 
  205    -71.00000            0            0      0.00000 
  206    -72.00000            0            0      0.00000 
  207    -73.00000            0            0      0.00000 
  208    -74.00000            0            0      0.00000 
  209    -75.00000            0            0      0.00000 
  210    -76.00000            0            0      0.00000 
  211    -77.00000            0            0      0.00000 
  212    -78.00000            0            0      0.00000 
  213    -79.00000            0            0      0.00000 
  214    -80.00000            0            0      0.00000 
  215    -81.00000            0            0      0.00000 
  216    -82.00000            0            0      0.00000 
  217    -83.00000            0            0      0.00000 
  218    -84.00000            0            0      0.00000 
  219    -85.00000            0            0      0.00000 
  220    -86.00000            0            0      0.00000 
  221    -87.00000            0            0      0.00000 
  222    -88.00000            0            0      0.00000 
  223    -89.00000            0            0      0.00000 
  224    -90.00000            0            0      0.00000 
  225    -91.00000            0            0      0.00000 
  226    -92.00000            0            0      0.00000 
  227    -93.00000            0            0      0.00000 
  228    -94.00000            0            0      0.00000 
  229    -95.00000            0            0      0.00000 
  230    -96.00000            0            0      0.00000 
  231    -97.00000            0            0      0.00000 
  232    -98.00000            0            0      0.00000 
