# 3dSliceNDice -insetA 6m_1min_m5_binary+orig -insetB 6m_2min_m5_binary+orig -prefix 6m_1min_2min_m5
    0    -72.00000            0            0      0.00000 
    1    -71.00000            0            0      0.00000 
    2    -70.00000            0            0      0.00000 
    3    -69.00000            0            0      0.00000 
    4    -68.00000            0            0      0.00000 
    5    -67.00000            0            0      0.00000 
    6    -66.00000            0            0      0.00000 
    7    -65.00000            0            0      0.00000 
    8    -64.00000            0            0      0.00000 
    9    -63.00000            0            0      0.00000 
   10    -62.00000            0            0      0.00000 
   11    -61.00000            0            0      0.00000 
   12    -60.00000            0            0      0.00000 
   13    -59.00000            0            0      0.00000 
   14    -58.00000            0            0      0.00000 
   15    -57.00000            0            0      0.00000 
   16    -56.00000            0            0      0.00000 
   17    -55.00000            0            0      0.00000 
   18    -54.00000            0            0      0.00000 
   19    -53.00000            0            0      0.00000 
   20    -52.00000            0            0      0.00000 
   21    -51.00000            1            1      1.00000 
   22    -50.00000          273          273      1.00000 
   23    -49.00000          612          612      1.00000 
   24    -48.00000         1073         1079      0.99721 
   25    -47.00000         1321         1337      0.99398 
   26    -46.00000         1557         1604      0.98513 
   27    -45.00000         1741         1793      0.98529 
   28    -44.00000         1847         1909      0.98136 
   29    -43.00000         1965         2042      0.97879 
   30    -42.00000         2037         2135      0.97267 
   31    -41.00000         2106         2220      0.96902 
   32    -40.00000         2153         2277      0.96433 
   33    -39.00000         2184         2307      0.95970 
   34    -38.00000         2219         2346      0.95685 
   35    -37.00000         2160         2293      0.94768 
   36    -36.00000         2138         2282      0.94208 
   37    -35.00000         2078         2236      0.93602 
   38    -34.00000         1989         2168      0.92759 
   39    -33.00000         1883         2089      0.91591 
   40    -32.00000         1776         2015      0.89211 
   41    -31.00000         1741         1981      0.89307 
   42    -30.00000         1665         1904      0.89157 
   43    -29.00000         1547         1782      0.89156 
   44    -28.00000         1404         1620      0.90410 
   45    -27.00000         1258         1437      0.92171 
   46    -26.00000         1173         1353      0.91211 
   47    -25.00000         1060         1232      0.90314 
   48    -24.00000          895         1048      0.88935 
   49    -23.00000          608          758      0.80234 
   50    -22.00000            0          296      0.00000 
   51    -21.00000            0          254      0.00000 
   52    -20.00000            0          204      0.00000 
   53    -19.00000            0          138      0.00000 
   54    -18.00000            0           60      0.00000 
   55    -17.00000            0            0      0.00000 
   56    -16.00000            0            0      0.00000 
   57    -15.00000            0            0      0.00000 
   58    -14.00000            0            0      0.00000 
   59    -13.00000            0            0      0.00000 
   60    -12.00000            0            0      0.00000 
   61    -11.00000            0            0      0.00000 
   62    -10.00000            0            0      0.00000 
   63     -9.00000            0            0      0.00000 
   64     -8.00000            0            0      0.00000 
   65     -7.00000            0            0      0.00000 
   66     -6.00000            0            0      0.00000 
   67     -5.00000            0            0      0.00000 
   68     -4.00000            0            0      0.00000 
   69     -3.00000            0            0      0.00000 
   70     -2.00000          224           88      0.56410 
   71     -1.00000          401          185      0.63140 
   72      0.00000          521          261      0.66752 
   73      1.00000          609          318      0.68608 
   74      2.00000          681          366      0.69914 
   75      3.00000         1112          617      0.68132 
   76      4.00000         1439          824      0.68670 
   77      5.00000         1701         1013      0.71334 
   78      6.00000         1888         1156      0.73456 
   79      7.00000         2047         1273      0.74880 
   80      8.00000         2243         1550      0.80306 
   81      9.00000         2407         1773      0.83684 
   82     10.00000         2596         1981      0.85427 
   83     11.00000         2701         2131      0.86755 
   84     12.00000         2788         2255      0.87964 
   85     13.00000         2904         2490      0.87134 
   86     14.00000         2996         2732      0.85580 
   87     15.00000         3114         2996      0.84092 
   88     16.00000         3168         3184      0.83092 
   89     17.00000         3237         3342      0.82262 
   90     18.00000         3314         3490      0.82128 
   91     19.00000         3373         3542      0.82574 
   92     20.00000         3418         3607      0.83416 
   93     21.00000         3416         3617      0.84146 
   94     22.00000         3410         3624      0.85243 
   95     23.00000         3359         3579      0.85875 
   96     24.00000         3283         3492      0.86229 
   97     25.00000         3199         3398      0.86676 
   98     26.00000         3071         3254      0.86893 
   99     27.00000         2951         3138      0.86812 
  100     28.00000         2836         2991      0.86906 
  101     29.00000         2737         2874      0.87293 
  102     30.00000         2643         2731      0.88016 
  103     31.00000         2481         2508      0.88876 
  104     32.00000         2396         2354      0.90358 
  105     33.00000         2268         2218      0.91306 
  106     34.00000         2133         2106      0.91531 
  107     35.00000         2012         1982      0.91087 
  108     36.00000         1885         1819      0.90335 
  109     37.00000         1813         1696      0.87090 
  110     38.00000         1739         1559      0.83626 
  111     39.00000         1669         1450      0.81885 
  112     40.00000         1617         1336      0.79648 
  113     41.00000         1528         1213      0.77490 
  114     42.00000         1451         1086      0.75049 
  115     43.00000         1355          975      0.72790 
  116     44.00000         1248          900      0.72253 
  117     45.00000         1146          850      0.72345 
  118     46.00000         1047          780      0.72578 
  119     47.00000          993          734      0.74233 
  120     48.00000          920          645      0.75016 
  121     49.00000          848          563      0.76400 
  122     50.00000          792          474      0.74882 
  123     51.00000          753          426      0.72265 
  124     52.00000          698          398      0.72628 
  125     53.00000          629          370      0.74074 
  126     54.00000          536          323      0.75204 
  127     55.00000          428          257      0.75036 
  128     56.00000          277          157      0.72350 
  129     57.00000          131           75      0.72816 
  130     58.00000           19            3      0.27273 
  131     59.00000            0            0      0.00000 
  132     60.00000            0            0      0.00000 
  133     61.00000            0            0      0.00000 
  134     62.00000            0            0      0.00000 
  135     63.00000            0            0      0.00000 
  136     64.00000            0            0      0.00000 
  137     65.00000            0            0      0.00000 
  138     66.00000            0            0      0.00000 
  139     67.00000            0            0      0.00000 
  140     68.00000            0            0      0.00000 
  141     69.00000            0            0      0.00000 
  142     70.00000            0            0      0.00000 
  143     71.00000            0            0      0.00000 
  144     72.00000            0            0      0.00000 
  145     73.00000            0            0      0.00000 
  146     74.00000            0            0      0.00000 
  147     75.00000            0            0      0.00000 
  148     76.00000            0            0      0.00000 
  149     77.00000            0            0      0.00000 
  150     78.00000            0            0      0.00000 
  151     79.00000            0            0      0.00000 
  152     80.00000            0            0      0.00000 
  153     81.00000            0            0      0.00000 
  154     82.00000            0            0      0.00000 
  155     83.00000            0            0      0.00000 
  156     84.00000            0            0      0.00000 
  157     85.00000            0            0      0.00000 
  158     86.00000            0            0      0.00000 
