# 3dSliceNDice -insetA 6m_1min_m3_binary+orig -insetB 6m_5min_m3_binary+orig -prefix 6m_1min_5min_m3
    0    -72.00000            0            0      0.00000 
    1    -71.00000            0            0      0.00000 
    2    -70.00000            0            0      0.00000 
    3    -69.00000            0            0      0.00000 
    4    -68.00000            0            0      0.00000 
    5    -67.00000            0            0      0.00000 
    6    -66.00000            0            0      0.00000 
    7    -65.00000            0            0      0.00000 
    8    -64.00000            0            0      0.00000 
    9    -63.00000            0            0      0.00000 
   10    -62.00000            0            0      0.00000 
   11    -61.00000            0            0      0.00000 
   12    -60.00000            0            0      0.00000 
   13    -59.00000            0            0      0.00000 
   14    -58.00000            0            0      0.00000 
   15    -57.00000            0            0      0.00000 
   16    -56.00000            0            0      0.00000 
   17    -55.00000            0            0      0.00000 
   18    -54.00000            0            0      0.00000 
   19    -53.00000            0            0      0.00000 
   20    -52.00000            0            0      0.00000 
   21    -51.00000            0            0      0.00000 
   22    -50.00000            0            0      0.00000 
   23    -49.00000            0            0      0.00000 
   24    -48.00000            0            0      0.00000 
   25    -47.00000            0            0      0.00000 
   26    -46.00000            0            0      0.00000 
   27    -45.00000            0            0      0.00000 
   28    -44.00000            0            0      0.00000 
   29    -43.00000            0            0      0.00000 
   30    -42.00000            0            0      0.00000 
   31    -41.00000           15            0      0.00000 
   32    -40.00000           40            0      0.00000 
   33    -39.00000           59            0      0.00000 
   34    -38.00000           88            0      0.00000 
   35    -37.00000          137           12      0.00000 
   36    -36.00000          219           66      0.00000 
   37    -35.00000          290          110      0.00000 
   38    -34.00000          362          161      0.00000 
   39    -33.00000          425          209      0.00000 
   40    -32.00000          796          594      0.41151 
   41    -31.00000         1085          843      0.51971 
   42    -30.00000         1292         1007      0.56807 
   43    -29.00000         1453         1126      0.59636 
   44    -28.00000         1578         1207      0.61041 
   45    -27.00000         1950         1536      0.65577 
   46    -26.00000         2318         1844      0.68813 
   47    -25.00000         2687         2065      0.71380 
   48    -24.00000         2934         2231      0.72488 
   49    -23.00000         3134         2376      0.73503 
   50    -22.00000         3864         3880      0.91451 
   51    -21.00000         4153         4389      0.93912 
   52    -20.00000         4374         4667      0.94282 
   53    -19.00000         4509         4846      0.94238 
   54    -18.00000         4602         4955      0.94235 
   55    -17.00000         4884         5087      0.93932 
   56    -16.00000         5121         5226      0.93805 
   57    -15.00000         5303         5389      0.94108 
   58    -14.00000         5401         5473      0.94280 
   59    -13.00000         5372         5414      0.94530 
   60    -12.00000         5242         5239      0.94876 
   61    -11.00000         5162         5175      0.95076 
   62    -10.00000         5091         5128      0.95137 
   63     -9.00000         4934         4999      0.95077 
   64     -8.00000         4741         4829      0.95026 
   65     -7.00000         4542         4568      0.95543 
   66     -6.00000         4443         4470      0.95479 
   67     -5.00000         4322         4340      0.95359 
   68     -4.00000         4142         4127      0.95151 
   69     -3.00000         3962         3881      0.94785 
   70     -2.00000         3740         3581      0.94577 
   71     -1.00000         3605         3446      0.94171 
   72      0.00000         3433         3284      0.93822 
   73      1.00000         3171         3045      0.93275 
   74      2.00000         2910         2790      0.93123 
   75      3.00000         2730         2570      0.91887 
   76      4.00000         2744         2462      0.89627 
   77      5.00000         2682         2310      0.87540 
   78      6.00000         2492         2062      0.85332 
   79      7.00000         2077         1608      0.81411 
   80      8.00000          992          576      0.44643 
   81      9.00000         1074          676      0.48457 
   82     10.00000         1156          752      0.51572 
   83     11.00000         1179          781      0.54388 
   84     12.00000         1180          797      0.58574 
   85     13.00000         1210          866      0.60694 
   86     14.00000         1255          958      0.61636 
   87     15.00000         1306         1051      0.64064 
   88     16.00000         1340         1114      0.66993 
   89     17.00000         1373         1163      0.69479 
   90     18.00000         1615         1244      0.68276 
   91     19.00000         1790         1312      0.68343 
   92     20.00000         1911         1382      0.69663 
   93     21.00000         1926         1402      0.70493 
   94     22.00000         1910         1427      0.72161 
   95     23.00000         1869         1531      0.77471 
   96     24.00000         1833         1603      0.81315 
   97     25.00000         1796         1651      0.84421 
   98     26.00000         1738         1644      0.87404 
   99     27.00000         1671         1596      0.89930 
  100     28.00000         1600         1541      0.93091 
  101     29.00000         1533         1503      0.94401 
  102     30.00000         1470         1482      0.96341 
  103     31.00000         1410         1438      0.96067 
  104     32.00000         1362         1417      0.95718 
  105     33.00000         1276         1362      0.94845 
  106     34.00000         1188         1299      0.94089 
  107     35.00000         1100         1238      0.92900 
  108     36.00000         1013         1182      0.91845 
  109     37.00000          943         1135      0.90760 
  110     38.00000          850         1055      0.89239 
  111     39.00000          762          968      0.88092 
  112     40.00000          665          881      0.86028 
  113     41.00000          593          794      0.85508 
  114     42.00000          538          712      0.86080 
  115     43.00000          463          588      0.88107 
  116     44.00000          396          487      0.89694 
  117     45.00000          334          385      0.92907 
  118     46.00000          272          293      0.96283 
  119     47.00000          223          223      1.00000 
  120     48.00000          170          170      1.00000 
  121     49.00000          114          114      1.00000 
  122     50.00000           73           73      1.00000 
  123     51.00000           31           31      1.00000 
  124     52.00000            2            2      1.00000 
  125     53.00000            0            0      0.00000 
  126     54.00000            0            0      0.00000 
  127     55.00000            0            0      0.00000 
  128     56.00000            0            0      0.00000 
  129     57.00000            0            0      0.00000 
  130     58.00000            0            0      0.00000 
  131     59.00000            0            0      0.00000 
  132     60.00000            0            0      0.00000 
  133     61.00000            0            0      0.00000 
  134     62.00000            0            0      0.00000 
  135     63.00000            0            0      0.00000 
  136     64.00000            0            0      0.00000 
  137     65.00000            0            0      0.00000 
  138     66.00000            0            0      0.00000 
  139     67.00000            0            0      0.00000 
  140     68.00000            0            0      0.00000 
  141     69.00000            0            0      0.00000 
  142     70.00000            0            0      0.00000 
  143     71.00000            0            0      0.00000 
  144     72.00000            0            0      0.00000 
  145     73.00000            0            0      0.00000 
  146     74.00000            0            0      0.00000 
  147     75.00000            0            0      0.00000 
  148     76.00000            0            0      0.00000 
  149     77.00000            0            0      0.00000 
  150     78.00000            0            0      0.00000 
  151     79.00000            0            0      0.00000 
  152     80.00000            0            0      0.00000 
  153     81.00000            0            0      0.00000 
  154     82.00000            0            0      0.00000 
  155     83.00000            0            0      0.00000 
  156     84.00000            0            0      0.00000 
  157     85.00000            0            0      0.00000 
  158     86.00000            0            0      0.00000 
