# 3dSliceNDice -insetA 6m_1min_m2_binary+orig -insetB 6m_2min_m2_binary+orig -prefix 6m_1min_2min_m2
    0    -72.00000            0            0      0.00000 
    1    -71.00000            0            0      0.00000 
    2    -70.00000            0            0      0.00000 
    3    -69.00000            0            0      0.00000 
    4    -68.00000            0            0      0.00000 
    5    -67.00000            0            0      0.00000 
    6    -66.00000            0            0      0.00000 
    7    -65.00000            0            0      0.00000 
    8    -64.00000            0            0      0.00000 
    9    -63.00000            0            0      0.00000 
   10    -62.00000            0            0      0.00000 
   11    -61.00000            0            0      0.00000 
   12    -60.00000            0            0      0.00000 
   13    -59.00000            0            0      0.00000 
   14    -58.00000            0            0      0.00000 
   15    -57.00000            0            0      0.00000 
   16    -56.00000            0            0      0.00000 
   17    -55.00000            0            0      0.00000 
   18    -54.00000            0            0      0.00000 
   19    -53.00000            0            0      0.00000 
   20    -52.00000            0            0      0.00000 
   21    -51.00000            1            1      1.00000 
   22    -50.00000          273          273      1.00000 
   23    -49.00000          612          612      1.00000 
   24    -48.00000         1079         1079      1.00000 
   25    -47.00000         1337         1337      1.00000 
   26    -46.00000         1613         1611      0.99938 
   27    -45.00000         1867         1850      0.99543 
   28    -44.00000         2027         1998      0.99280 
   29    -43.00000         2211         2176      0.99202 
   30    -42.00000         2355         2309      0.98971 
   31    -41.00000         2495         2415      0.98045 
   32    -40.00000         2617         2511      0.97465 
   33    -39.00000         2716         2608      0.97295 
   34    -38.00000         2785         2684      0.97166 
   35    -37.00000         2777         2702      0.97354 
   36    -36.00000         2781         2730      0.97514 
   37    -35.00000         2758         2738      0.97744 
   38    -34.00000         2719         2717      0.97792 
   39    -33.00000         2703         2716      0.98431 
   40    -32.00000         2667         2677      0.98204 
   41    -31.00000         2654         2663      0.97988 
   42    -30.00000         2621         2662      0.97180 
   43    -29.00000         2589         2678      0.95880 
   44    -28.00000         2616         2706      0.95415 
   45    -27.00000         2598         2700      0.95470 
   46    -26.00000         2586         2682      0.95634 
   47    -25.00000         2574         2654      0.96021 
   48    -24.00000         2508         2565      0.96432 
   49    -23.00000         2462         2489      0.96869 
   50    -22.00000         2383         2394      0.96923 
   51    -21.00000         2307         2311      0.96882 
   52    -20.00000         2204         2198      0.96774 
   53    -19.00000         2053         2040      0.96360 
   54    -18.00000         1903         1890      0.95070 
   55    -17.00000         1858         1835      0.93853 
   56    -16.00000         1881         1854      0.93976 
   57    -15.00000         1875         1838      0.94587 
   58    -14.00000         1796         1756      0.94876 
   59    -13.00000         1700         1686      0.94211 
   60    -12.00000         1608         1619      0.93337 
   61    -11.00000         1547         1568      0.92263 
   62    -10.00000         1470         1509      0.91306 
   63     -9.00000         1331         1392      0.89534 
   64     -8.00000         1093         1193      0.84689 
   65     -7.00000          546          846      0.66236 
   66     -6.00000          562          878      0.66111 
   67     -5.00000          582          921      0.67598 
   68     -4.00000          594          920      0.69617 
   69     -3.00000          600          895      0.72241 
   70     -2.00000          596          887      0.73769 
   71     -1.00000          587          913      0.73067 
   72      0.00000          577          940      0.72380 
   73      1.00000          546          934      0.70811 
   74      2.00000          523          932      0.69141 
   75      3.00000          481          903      0.67630 
   76      4.00000          444          870      0.65753 
   77      5.00000          397          825      0.63339 
   78      6.00000          333          737      0.59252 
   79      7.00000          266          600      0.49192 
   80      8.00000          216          432      0.41975 
   81      9.00000          180          360      0.39259 
   82     10.00000          140          280      0.36190 
   83     11.00000           88          176      0.28788 
   84     12.00000           32           64      0.08333 
   85     13.00000            0            0      0.00000 
   86     14.00000            0            0      0.00000 
   87     15.00000            0            0      0.00000 
   88     16.00000            0            0      0.00000 
   89     17.00000            0            0      0.00000 
   90     18.00000            0            0      0.00000 
   91     19.00000            0            0      0.00000 
   92     20.00000            0            0      0.00000 
   93     21.00000            0            0      0.00000 
   94     22.00000            0            0      0.00000 
   95     23.00000            0           32      0.00000 
   96     24.00000            0           88      0.00000 
   97     25.00000            0          140      0.00000 
   98     26.00000            0          180      0.00000 
   99     27.00000            0          209      0.00000 
  100     28.00000            0          229      0.00000 
  101     29.00000            0          237      0.00000 
  102     30.00000            0          240      0.00000 
  103     31.00000            0          233      0.00000 
  104     32.00000            0          225      0.00000 
  105     33.00000            0          213      0.00000 
  106     34.00000            0          202      0.00000 
  107     35.00000            0          182      0.00000 
  108     36.00000            0          154      0.00000 
  109     37.00000            0          131      0.00000 
  110     38.00000            0           98      0.00000 
  111     39.00000            0           71      0.00000 
  112     40.00000            0           40      0.00000 
  113     41.00000            0           15      0.00000 
  114     42.00000            0            0      0.00000 
  115     43.00000            0            0      0.00000 
  116     44.00000            0            0      0.00000 
  117     45.00000            0            0      0.00000 
  118     46.00000            0            0      0.00000 
  119     47.00000            0            0      0.00000 
  120     48.00000            0            0      0.00000 
  121     49.00000            0            0      0.00000 
  122     50.00000            0            0      0.00000 
  123     51.00000            0            0      0.00000 
  124     52.00000            0            0      0.00000 
  125     53.00000            0            0      0.00000 
  126     54.00000            0            0      0.00000 
  127     55.00000            0            0      0.00000 
  128     56.00000            0            0      0.00000 
  129     57.00000            0            0      0.00000 
  130     58.00000            0            0      0.00000 
  131     59.00000            0            0      0.00000 
  132     60.00000            0            0      0.00000 
  133     61.00000            0            0      0.00000 
  134     62.00000            0            0      0.00000 
  135     63.00000            0            0      0.00000 
  136     64.00000            0            0      0.00000 
  137     65.00000            0            0      0.00000 
  138     66.00000            0            0      0.00000 
  139     67.00000            0            0      0.00000 
  140     68.00000            0            0      0.00000 
  141     69.00000            0            0      0.00000 
  142     70.00000            0            0      0.00000 
  143     71.00000            0            0      0.00000 
  144     72.00000            0            0      0.00000 
  145     73.00000            0            0      0.00000 
  146     74.00000            0            0      0.00000 
  147     75.00000            0            0      0.00000 
  148     76.00000            0            0      0.00000 
  149     77.00000            0            0      0.00000 
  150     78.00000            0            0      0.00000 
  151     79.00000            0            0      0.00000 
  152     80.00000            0            0      0.00000 
  153     81.00000            0            0      0.00000 
  154     82.00000            0            0      0.00000 
  155     83.00000            0            0      0.00000 
  156     84.00000            0            0      0.00000 
  157     85.00000            0            0      0.00000 
  158     86.00000            0            0      0.00000 
