# 3dSliceNDice -insetA 6m_1min_m1_binary+orig -insetB 6m_2min_m1_binary+orig -prefix 6m_1min_2min_m1
    0    134.00000            0            0      0.00000 
    1    133.00000            0            0      0.00000 
    2    132.00000            0            0      0.00000 
    3    131.00000            0            0      0.00000 
    4    130.00000            0            0      0.00000 
    5    129.00000            0            0      0.00000 
    6    128.00000            0            0      0.00000 
    7    127.00000            0            0      0.00000 
    8    126.00000            0            0      0.00000 
    9    125.00000            0            0      0.00000 
   10    124.00000            0            0      0.00000 
   11    123.00000            0            0      0.00000 
   12    122.00000            0            0      0.00000 
   13    121.00000            0            0      0.00000 
   14    120.00000            0            0      0.00000 
   15    119.00000            0            0      0.00000 
   16    118.00000            0            0      0.00000 
   17    117.00000            0            0      0.00000 
   18    116.00000            0            0      0.00000 
   19    115.00000            0            0      0.00000 
   20    114.00000            0            0      0.00000 
   21    113.00000            0            0      0.00000 
   22    112.00000            0            0      0.00000 
   23    111.00000            0            0      0.00000 
   24    110.00000            0            0      0.00000 
   25    109.00000            0            0      0.00000 
   26    108.00000            0            0      0.00000 
   27    107.00000            0            0      0.00000 
   28    106.00000            0            0      0.00000 
   29    105.00000            0            0      0.00000 
   30    104.00000            0            0      0.00000 
   31    103.00000            0            0      0.00000 
   32    102.00000            0            0      0.00000 
   33    101.00000            0            0      0.00000 
   34    100.00000            0            0      0.00000 
   35     99.00000            0            0      0.00000 
   36     98.00000            0            0      0.00000 
   37     97.00000            0            0      0.00000 
   38     96.00000            0            0      0.00000 
   39     95.00000            0            0      0.00000 
   40     94.00000            0            0      0.00000 
   41     93.00000            0            0      0.00000 
   42     92.00000            0            0      0.00000 
   43     91.00000            0            0      0.00000 
   44     90.00000            0            0      0.00000 
   45     89.00000            0            0      0.00000 
   46     88.00000            0            0      0.00000 
   47     87.00000            0            0      0.00000 
   48     86.00000            0            0      0.00000 
   49     85.00000            0            0      0.00000 
   50     84.00000           10           27      0.54054 
   51     83.00000          161          194      0.90704 
   52     82.00000          337          385      0.93352 
   53     81.00000          501          562      0.93697 
   54     80.00000          687          757      0.92659 
   55     79.00000          838          915      0.91728 
   56     78.00000          969         1048      0.90332 
   57     77.00000         1071         1169      0.89286 
   58     76.00000         1167         1301      0.88169 
   59     75.00000         1265         1408      0.87841 
   60     74.00000         1336         1510      0.87421 
   61     73.00000         1405         1591      0.86716 
   62     72.00000         1487         1685      0.86381 
   63     71.00000         1597         1844      0.87010 
   64     70.00000         1752         2023      0.87470 
   65     69.00000         1812         2118      0.87074 
   66     68.00000         1858         2142      0.87650 
   67     67.00000         1921         2166      0.88182 
   68     66.00000         2007         2264      0.88036 
   69     65.00000         2107         2378      0.87715 
   70     64.00000         2139         2395      0.86987 
   71     63.00000         2167         2423      0.86405 
   72     62.00000         2216         2396      0.84909 
   73     61.00000         2329         2411      0.83165 
   74     60.00000         2429         2402      0.81474 
   75     59.00000         2436         2325      0.79479 
   76     58.00000         2400         2213      0.77607 
   77     57.00000         2438         2548      0.78540 
   78     56.00000         2585         2810      0.82187 
   79     55.00000         2665         2944      0.84364 
   80     54.00000         2660         2989      0.86599 
   81     53.00000         2660         3017      0.88850 
   82     52.00000         2729         3073      0.91107 
   83     51.00000         2839         3152      0.92205 
   84     50.00000         2973         3271      0.92729 
   85     49.00000         3031         3277      0.92993 
   86     48.00000         3089         3259      0.93730 
   87     47.00000         3199         3260      0.95092 
   88     46.00000         3315         3317      0.95718 
   89     45.00000         3442         3386      0.96749 
   90     44.00000         3504         3398      0.96668 
   91     43.00000         3507         3359      0.96301 
   92     42.00000         3503         3356      0.95495 
   93     41.00000         3583         3429      0.93839 
   94     40.00000         3681         3513      0.92633 
   95     39.00000         3676         3513      0.91251 
   96     38.00000         3700         3525      0.89910 
   97     37.00000         3781         3533      0.89636 
   98     36.00000         3813         3482      0.89952 
   99     35.00000         3760         3416      0.89493 
  100     34.00000         3614         3271      0.89034 
  101     33.00000         3416         3126      0.88291 
  102     32.00000         3144         3003      0.86514 
  103     31.00000         3132         2982      0.87700 
  104     30.00000         3131         2983      0.89172 
  105     29.00000         3097         2935      0.90186 
  106     28.00000         3061         2881      0.90475 
  107     27.00000         2959         2774      0.90947 
  108     26.00000         2870         2688      0.91400 
  109     25.00000         2756         2571      0.91834 
  110     24.00000         2577         2398      0.92382 
  111     23.00000         2403         2237      0.93578 
  112     22.00000         2236         2072      0.94429 
  113     21.00000         2085         1920      0.94232 
  114     20.00000         1906         1730      0.93729 
  115     19.00000         1695         1505      0.92437 
  116     18.00000         1472         1272      0.90816 
  117     17.00000         1228         1043      0.90445 
  118     16.00000         1134          937      0.89812 
  119     15.00000         1030          829      0.88757 
  120     14.00000          909          703      0.87221 
  121     13.00000          733          545      0.85290 
  122     12.00000          515          409      0.88528 
  123     11.00000          466          365      0.87846 
  124     10.00000          411          321      0.87705 
  125      9.00000          325          248      0.86562 
  126      8.00000          250          188      0.85845 
  127      7.00000           85           47      0.71212 
  128      6.00000           37           16      0.60377 
  129      5.00000           18            8      0.61538 
  130      4.00000            2            0      0.00000 
  131      3.00000            0            0      0.00000 
  132      2.00000            0            0      0.00000 
  133      1.00000            0            0      0.00000 
  134      0.00000            0            0      0.00000 
  135     -1.00000            0            0      0.00000 
  136     -2.00000            0            0      0.00000 
  137     -3.00000            0           32      0.00000 
  138     -4.00000            0           88      0.00000 
  139     -5.00000            0          140      0.00000 
  140     -6.00000            0          180      0.00000 
  141     -7.00000            0          216      0.00000 
  142     -8.00000            0          256      0.00000 
  143     -9.00000            0          276      0.00000 
  144    -10.00000            0          300      0.00000 
  145    -11.00000            0          308      0.00000 
  146    -12.00000            0          316      0.00000 
  147    -13.00000            0          404      0.00000 
  148    -14.00000            0          493      0.00000 
  149    -15.00000            0          561      0.00000 
  150    -16.00000            0          626      0.00000 
  151    -17.00000            0          682      0.00000 
  152    -18.00000            0          736      0.00000 
  153    -19.00000            0          752      0.00000 
  154    -20.00000            0          781      0.00000 
  155    -21.00000            0          773      0.00000 
  156    -22.00000            0          768      0.00000 
  157    -23.00000           32          738      0.04156 
  158    -24.00000           88          701      0.10139 
  159    -25.00000          140          661      0.15730 
  160    -26.00000          180          596      0.21134 
  161    -27.00000          216          534      0.26400 
  162    -28.00000          316          537      0.41032 
  163    -29.00000          414          590      0.51793 
  164    -30.00000          504          628      0.58481 
  165    -31.00000          562          647      0.63027 
  166    -32.00000          612          678      0.66357 
  167    -33.00000          726          772      0.67557 
  168    -34.00000          828          861      0.67614 
  169    -35.00000          918          938      0.69397 
  170    -36.00000          949          954      0.70730 
  171    -37.00000          976          960      0.71384 
  172    -38.00000          973          943      0.72756 
  173    -39.00000          975          915      0.74603 
  174    -40.00000          977          895      0.77030 
  175    -41.00000          923          827      0.78400 
  176    -42.00000          877          765      0.82826 
  177    -43.00000          835          706      0.85269 
  178    -44.00000          809          676      0.84175 
  179    -45.00000          786          641      0.82831 
  180    -46.00000          749          580      0.80963 
  181    -47.00000          744          538      0.78627 
  182    -48.00000          713          506      0.79245 
  183    -49.00000          663          493      0.83218 
  184    -50.00000          593          461      0.87287 
  185    -51.00000          528          422      0.87368 
  186    -52.00000          468          380      0.86557 
  187    -53.00000          382          313      0.84604 
  188    -54.00000          281          241      0.83908 
  189    -55.00000          213          199      0.84466 
  190    -56.00000          141          143      0.83099 
  191    -57.00000           84           97      0.79558 
  192    -58.00000           12           35      0.51064 
  193    -59.00000            0            0      0.00000 
  194    -60.00000            0            0      0.00000 
  195    -61.00000            0            0      0.00000 
  196    -62.00000            0            0      0.00000 
  197    -63.00000            0            0      0.00000 
  198    -64.00000            0            0      0.00000 
  199    -65.00000            0            0      0.00000 
  200    -66.00000            0            0      0.00000 
  201    -67.00000            0            0      0.00000 
  202    -68.00000            0            0      0.00000 
  203    -69.00000            0            0      0.00000 
  204    -70.00000            0            0      0.00000 
  205    -71.00000            0            0      0.00000 
  206    -72.00000            0            0      0.00000 
  207    -73.00000            0            0      0.00000 
  208    -74.00000            0            0      0.00000 
  209    -75.00000            0            0      0.00000 
  210    -76.00000            0            0      0.00000 
  211    -77.00000            0            0      0.00000 
  212    -78.00000            0            0      0.00000 
  213    -79.00000            0            0      0.00000 
  214    -80.00000            0            0      0.00000 
  215    -81.00000            0            0      0.00000 
  216    -82.00000            0            0      0.00000 
  217    -83.00000            0            0      0.00000 
  218    -84.00000            0            0      0.00000 
  219    -85.00000            0            0      0.00000 
  220    -86.00000            0            0      0.00000 
  221    -87.00000            0            0      0.00000 
  222    -88.00000            0            0      0.00000 
  223    -89.00000            0            0      0.00000 
  224    -90.00000            0            0      0.00000 
  225    -91.00000            0            0      0.00000 
  226    -92.00000            0            0      0.00000 
  227    -93.00000            0            0      0.00000 
  228    -94.00000            0            0      0.00000 
  229    -95.00000            0            0      0.00000 
  230    -96.00000            0            0      0.00000 
  231    -97.00000            0            0      0.00000 
  232    -98.00000            0            0      0.00000 
