# 3dSliceNDice -insetA 6m_1min_m1_binary+orig -insetB 6m_4min_m1_binary+orig -prefix 6m_1min_4min_m1
    0    134.00000            0            0      0.00000 
    1    133.00000            0            0      0.00000 
    2    132.00000            0            0      0.00000 
    3    131.00000            0            0      0.00000 
    4    130.00000            0            0      0.00000 
    5    129.00000            0            0      0.00000 
    6    128.00000            0            0      0.00000 
    7    127.00000            0            0      0.00000 
    8    126.00000            0            0      0.00000 
    9    125.00000            0            0      0.00000 
   10    124.00000            0            0      0.00000 
   11    123.00000            0            0      0.00000 
   12    122.00000            0            0      0.00000 
   13    121.00000            0            0      0.00000 
   14    120.00000            0            0      0.00000 
   15    119.00000            0            0      0.00000 
   16    118.00000            0            0      0.00000 
   17    117.00000            0            0      0.00000 
   18    116.00000            0            0      0.00000 
   19    115.00000            0            0      0.00000 
   20    114.00000            0            0      0.00000 
   21    113.00000            0            0      0.00000 
   22    112.00000            0            0      0.00000 
   23    111.00000            0            0      0.00000 
   24    110.00000            0            0      0.00000 
   25    109.00000            0            0      0.00000 
   26    108.00000            0            0      0.00000 
   27    107.00000            0            0      0.00000 
   28    106.00000            0            0      0.00000 
   29    105.00000            0            0      0.00000 
   30    104.00000            0            0      0.00000 
   31    103.00000            0            0      0.00000 
   32    102.00000            0            0      0.00000 
   33    101.00000            0            0      0.00000 
   34    100.00000            0            0      0.00000 
   35     99.00000            0            0      0.00000 
   36     98.00000            0            0      0.00000 
   37     97.00000            0            0      0.00000 
   38     96.00000            0            0      0.00000 
   39     95.00000            0            0      0.00000 
   40     94.00000            0            0      0.00000 
   41     93.00000            0            0      0.00000 
   42     92.00000            0            0      0.00000 
   43     91.00000            0            0      0.00000 
   44     90.00000            0            0      0.00000 
   45     89.00000            0            0      0.00000 
   46     88.00000            0            0      0.00000 
   47     87.00000            0            0      0.00000 
   48     86.00000            0            0      0.00000 
   49     85.00000            0            0      0.00000 
   50     84.00000           10            6      0.75000 
   51     83.00000          161          139      0.90000 
   52     82.00000          337          301      0.90909 
   53     81.00000          501          463      0.90456 
   54     80.00000          687          646      0.90023 
   55     79.00000          838          800      0.89621 
   56     78.00000          969          942      0.88749 
   57     77.00000         1071         1060      0.87565 
   58     76.00000         1167         1194      0.87251 
   59     75.00000         1265         1301      0.87140 
   60     74.00000         1336         1395      0.86269 
   61     73.00000         1405         1474      0.86002 
   62     72.00000         1487         1572      0.85910 
   63     71.00000         1597         1740      0.85766 
   64     70.00000         1752         1924      0.86561 
   65     69.00000         1812         2018      0.86057 
   66     68.00000         1858         2069      0.87293 
   67     67.00000         1921         2126      0.88065 
   68     66.00000         2007         2228      0.87226 
   69     65.00000         2107         2359      0.85938 
   70     64.00000         2139         2414      0.84296 
   71     63.00000         2167         2454      0.82623 
   72     62.00000         2216         2498      0.80781 
   73     61.00000         2329         2574      0.77667 
   74     60.00000         2429         2598      0.74398 
   75     59.00000         2436         2550      0.70798 
   76     58.00000         2400         2490      0.66830 
   77     57.00000         2438         2528      0.69150 
   78     56.00000         2585         2707      0.72638 
   79     55.00000         2665         2832      0.74295 
   80     54.00000         2660         2893      0.75563 
   81     53.00000         2660         2974      0.77032 
   82     52.00000         2729         3054      0.80374 
   83     51.00000         2839         3162      0.82886 
   84     50.00000         2973         3235      0.84923 
   85     49.00000         3031         3196      0.86848 
   86     48.00000         3089         3119      0.89401 
   87     47.00000         3199         3040      0.92867 
   88     46.00000         3315         3126      0.92656 
   89     45.00000         3442         3218      0.93393 
   90     44.00000         3504         3245      0.93406 
   91     43.00000         3507         3225      0.93523 
   92     42.00000         3503         3176      0.93457 
   93     41.00000         3583         3222      0.92344 
   94     40.00000         3681         3315      0.91681 
   95     39.00000         3676         3343      0.90982 
   96     38.00000         3700         3371      0.90171 
   97     37.00000         3781         3382      0.89823 
   98     36.00000         3813         3381      0.90603 
   99     35.00000         3760         3376      0.91003 
  100     34.00000         3614         3289      0.90627 
  101     33.00000         3416         3194      0.89168 
  102     32.00000         3144         3124      0.86599 
  103     31.00000         3132         3087      0.86799 
  104     30.00000         3131         3076      0.87160 
  105     29.00000         3097         3008      0.87469 
  106     28.00000         3061         2919      0.87860 
  107     27.00000         2959         2804      0.88426 
  108     26.00000         2870         2710      0.89140 
  109     25.00000         2756         2614      0.90056 
  110     24.00000         2577         2482      0.91164 
  111     23.00000         2403         2359      0.92566 
  112     22.00000         2236         2219      0.92884 
  113     21.00000         2085         2065      0.92386 
  114     20.00000         1906         1876      0.91433 
  115     19.00000         1695         1646      0.90512 
  116     18.00000         1472         1429      0.89762 
  117     17.00000         1228         1171      0.88537 
  118     16.00000         1134         1070      0.88657 
  119     15.00000         1030          967      0.88433 
  120     14.00000          909          835      0.87271 
  121     13.00000          733          652      0.86643 
  122     12.00000          515          431      0.91121 
  123     11.00000          466          381      0.89965 
  124     10.00000          411          330      0.89069 
  125      9.00000          325          252      0.87348 
  126      8.00000          250          188      0.85845 
  127      7.00000           85           47      0.71212 
  128      6.00000           37           16      0.60377 
  129      5.00000           18            8      0.61538 
  130      4.00000            2            0      0.00000 
  131      3.00000            0            0      0.00000 
  132      2.00000            0            0      0.00000 
  133      1.00000            0            0      0.00000 
  134      0.00000            0            0      0.00000 
  135     -1.00000            0            0      0.00000 
  136     -2.00000            0            0      0.00000 
  137     -3.00000            0          252      0.00000 
  138     -4.00000            0          457      0.00000 
  139     -5.00000            0          599      0.00000 
  140     -6.00000            0          703      0.00000 
  141     -7.00000            0          781      0.00000 
  142     -8.00000            0          911      0.00000 
  143     -9.00000            0          994      0.00000 
  144    -10.00000            0         1107      0.00000 
  145    -11.00000            0         1165      0.00000 
  146    -12.00000            0         1215      0.00000 
  147    -13.00000            0         1275      0.00000 
  148    -14.00000            0         1298      0.00000 
  149    -15.00000            0         1321      0.00000 
  150    -16.00000            0         1313      0.00000 
  151    -17.00000            0         1313      0.00000 
  152    -18.00000            0         1317      0.00000 
  153    -19.00000            0         1322      0.00000 
  154    -20.00000            0         1345      0.00000 
  155    -21.00000            0         1333      0.00000 
  156    -22.00000            0         1333      0.00000 
  157    -23.00000           32         1313      0.01487 
  158    -24.00000           88         1269      0.04864 
  159    -25.00000          140         1220      0.09265 
  160    -26.00000          180         1115      0.12664 
  161    -27.00000          216         1004      0.16230 
  162    -28.00000          316          962      0.18153 
  163    -29.00000          414         1035      0.16977 
  164    -30.00000          504         1069      0.16656 
  165    -31.00000          562         1048      0.15652 
  166    -32.00000          612         1005      0.15832 
  167    -33.00000          726          967      0.20673 
  168    -34.00000          828          942      0.28249 
  169    -35.00000          918          909      0.32841 
  170    -36.00000          949          833      0.36364 
  171    -37.00000          976          724      0.40353 
  172    -38.00000          973          614      0.48393 
  173    -39.00000          975          605      0.55316 
  174    -40.00000          977          626      0.61759 
  175    -41.00000          923          631      0.66023 
  176    -42.00000          877          644      0.70611 
  177    -43.00000          835          662      0.75885 
  178    -44.00000          809          669      0.78349 
  179    -45.00000          786          682      0.81880 
  180    -46.00000          749          676      0.84491 
  181    -47.00000          744          675      0.85835 
  182    -48.00000          713          659      0.88047 
  183    -49.00000          663          629      0.90557 
  184    -50.00000          593          575      0.93151 
  185    -51.00000          528          518      0.92925 
  186    -52.00000          468          456      0.92208 
  187    -53.00000          382          361      0.90175 
  188    -54.00000          281          265      0.87546 
  189    -55.00000          213          211      0.87736 
  190    -56.00000          141          151      0.86301 
  191    -57.00000           84           97      0.79558 
  192    -58.00000           12           35      0.51064 
  193    -59.00000            0            0      0.00000 
  194    -60.00000            0            0      0.00000 
  195    -61.00000            0            0      0.00000 
  196    -62.00000            0            0      0.00000 
  197    -63.00000            0            0      0.00000 
  198    -64.00000            0            0      0.00000 
  199    -65.00000            0            0      0.00000 
  200    -66.00000            0            0      0.00000 
  201    -67.00000            0            0      0.00000 
  202    -68.00000            0            0      0.00000 
  203    -69.00000            0            0      0.00000 
  204    -70.00000            0            0      0.00000 
  205    -71.00000            0            0      0.00000 
  206    -72.00000            0            0      0.00000 
  207    -73.00000            0            0      0.00000 
  208    -74.00000            0            0      0.00000 
  209    -75.00000            0            0      0.00000 
  210    -76.00000            0            0      0.00000 
  211    -77.00000            0            0      0.00000 
  212    -78.00000            0            0      0.00000 
  213    -79.00000            0            0      0.00000 
  214    -80.00000            0            0      0.00000 
  215    -81.00000            0            0      0.00000 
  216    -82.00000            0            0      0.00000 
  217    -83.00000            0            0      0.00000 
  218    -84.00000            0            0      0.00000 
  219    -85.00000            0            0      0.00000 
  220    -86.00000            0            0      0.00000 
  221    -87.00000            0            0      0.00000 
  222    -88.00000            0            0      0.00000 
  223    -89.00000            0            0      0.00000 
  224    -90.00000            0            0      0.00000 
  225    -91.00000            0            0      0.00000 
  226    -92.00000            0            0      0.00000 
  227    -93.00000            0            0      0.00000 
  228    -94.00000            0            0      0.00000 
  229    -95.00000            0            0      0.00000 
  230    -96.00000            0            0      0.00000 
  231    -97.00000            0            0      0.00000 
  232    -98.00000            0            0      0.00000 
