# 3dSliceNDice -insetA 6m_1min_m5_binary+orig -insetB 6m_4min_m5_binary+orig -prefix 6m_1min_4min_m5
    0     96.00000            0            0      0.00000 
    1     95.00000            0            0      0.00000 
    2     94.00000            0            0      0.00000 
    3     93.00000            0            0      0.00000 
    4     92.00000            0            0      0.00000 
    5     91.00000            0            0      0.00000 
    6     90.00000            0            0      0.00000 
    7     89.00000            0            0      0.00000 
    8     88.00000            0            0      0.00000 
    9     87.00000            0            0      0.00000 
   10     86.00000            0            0      0.00000 
   11     85.00000            0            0      0.00000 
   12     84.00000            0            0      0.00000 
   13     83.00000            0            0      0.00000 
   14     82.00000            0            0      0.00000 
   15     81.00000            0            0      0.00000 
   16     80.00000            0            0      0.00000 
   17     79.00000            0            0      0.00000 
   18     78.00000            0            0      0.00000 
   19     77.00000            0            0      0.00000 
   20     76.00000            0            0      0.00000 
   21     75.00000            0            0      0.00000 
   22     74.00000            0            0      0.00000 
   23     73.00000            0            0      0.00000 
   24     72.00000            0            0      0.00000 
   25     71.00000            0            0      0.00000 
   26     70.00000            0            0      0.00000 
   27     69.00000            0            0      0.00000 
   28     68.00000            0            0      0.00000 
   29     67.00000            0            0      0.00000 
   30     66.00000            0            0      0.00000 
   31     65.00000            0            0      0.00000 
   32     64.00000            0            0      0.00000 
   33     63.00000            0            0      0.00000 
   34     62.00000            0            0      0.00000 
   35     61.00000            0            0      0.00000 
   36     60.00000            0            0      0.00000 
   37     59.00000            0            0      0.00000 
   38     58.00000            0            0      0.00000 
   39     57.00000            0            0      0.00000 
   40     56.00000            0            0      0.00000 
   41     55.00000            0            0      0.00000 
   42     54.00000           20            0      0.00000 
   43     53.00000          100            0      0.00000 
   44     52.00000          159            0      0.00000 
   45     51.00000          190            0      0.00000 
   46     50.00000          238            0      0.00000 
   47     49.00000          290            0      0.00000 
   48     48.00000          307            0      0.00000 
   49     47.00000          311            0      0.00000 
   50     46.00000          308            0      0.00000 
   51     45.00000          300            0      0.00000 
   52     44.00000          276            0      0.00000 
   53     43.00000          256            0      0.00000 
   54     42.00000          216            0      0.00000 
   55     41.00000          180            0      0.00000 
   56     40.00000          140            0      0.00000 
   57     39.00000           88            0      0.00000 
   58     38.00000           32            0      0.00000 
   59     37.00000           21            0      0.00000 
   60     36.00000           60            0      0.00000 
   61     35.00000          100            0      0.00000 
   62     34.00000          135            0      0.00000 
   63     33.00000          170            0      0.00000 
   64     32.00000          225          204      0.64336 
   65     31.00000          291          399      0.69855 
   66     30.00000          364          567      0.70892 
   67     29.00000          416          696      0.70863 
   68     28.00000          461          798      0.70691 
   69     27.00000          611          986      0.75767 
   70     26.00000          813         1168      0.81171 
   71     25.00000          972         1332      0.82552 
   72     24.00000         1085         1438      0.83155 
   73     23.00000         1189         1538      0.83462 
   74     22.00000         1440         1683      0.87096 
   75     21.00000         1648         1825      0.87014 
   76     20.00000         1839         1944      0.87127 
   77     19.00000         1964         2024      0.87111 
   78     18.00000         2072         2098      0.86859 
   79     17.00000         2773         2551      0.86251 
   80     16.00000         3127         2794      0.87418 
   81     15.00000         3381         2984      0.88452 
   82     14.00000         3534         3109      0.88725 
   83     13.00000         3637         3207      0.88837 
   84     12.00000         3841         3550      0.93113 
   85     11.00000         4033         3788      0.94873 
   86     10.00000         4210         3968      0.95427 
   87      9.00000         4324         4077      0.95584 
   88      8.00000         4425         4170      0.95730 
   89      7.00000         4570         4318      0.95545 
   90      6.00000         4650         4402      0.95802 
   91      5.00000         4697         4475      0.96249 
   92      4.00000         4656         4466      0.96404 
   93      3.00000         4607         4439      0.96617 
   94      2.00000         4494         4367      0.96829 
   95      1.00000         4309         4215      0.97114 
   96      0.00000         4174         4102      0.97293 
   97     -1.00000         4157         4100      0.96887 
   98     -2.00000         4265         4206      0.96423 
   99     -3.00000         4305         4233      0.95924 
  100     -4.00000         4300         4217      0.95621 
  101     -5.00000         4246         4140      0.95135 
  102     -6.00000         4095         3947      0.94330 
  103     -7.00000         3830         3643      0.92573 
  104     -8.00000         3467         3219      0.90757 
  105     -9.00000         3298         3036      0.90275 
  106    -10.00000         3063         2792      0.89701 
  107    -11.00000         2745         2471      0.88689 
  108    -12.00000         2273         2023      0.87709 
  109    -13.00000         1600         1613      0.92686 
  110    -14.00000         1568         1639      0.91612 
  111    -15.00000         1508         1623      0.91089 
  112    -16.00000         1401         1554      0.89543 
  113    -17.00000         1208         1416      0.86585 
  114    -18.00000          959         1177      0.89794 
  115    -19.00000          951         1182      0.89170 
  116    -20.00000          938         1185      0.88366 
  117    -21.00000          901         1155      0.87646 
  118    -22.00000          883         1140      0.87296 
  119    -23.00000          849         1160      0.84520 
  120    -24.00000          803         1192      0.80501 
  121    -25.00000          763         1205      0.77541 
  122    -26.00000          703         1163      0.75348 
  123    -27.00000          665         1143      0.73562 
  124    -28.00000          640         1109      0.73185 
  125    -29.00000          637         1046      0.75698 
  126    -30.00000          624          975      0.78049 
  127    -31.00000          580          853      0.80949 
  128    -32.00000          555          748      0.85188 
  129    -33.00000          535          633      0.91610 
  130    -34.00000          494          568      0.93032 
  131    -35.00000          452          498      0.95158 
  132    -36.00000          397          415      0.93103 
  133    -37.00000          338          337      0.88889 
  134    -38.00000          289          255      0.81618 
  135    -39.00000          249          198      0.76957 
  136    -40.00000          208          128      0.69048 
  137    -41.00000          174           67      0.55602 
  138    -42.00000          150           24      0.27586 
  139    -43.00000          116            0      0.00000 
  140    -44.00000           82            0      0.00000 
  141    -45.00000           51            0      0.00000 
  142    -46.00000           19            0      0.00000 
  143    -47.00000            0            0      0.00000 
  144    -48.00000            0            0      0.00000 
  145    -49.00000            0            0      0.00000 
  146    -50.00000            0            0      0.00000 
  147    -51.00000            0            0      0.00000 
  148    -52.00000            0            0      0.00000 
  149    -53.00000            0            0      0.00000 
  150    -54.00000            0            0      0.00000 
  151    -55.00000            0            0      0.00000 
  152    -56.00000            0            0      0.00000 
  153    -57.00000            0            0      0.00000 
  154    -58.00000            0            0      0.00000 
  155    -59.00000            0            0      0.00000 
  156    -60.00000            0            0      0.00000 
  157    -61.00000            0            0      0.00000 
  158    -62.00000            0            0      0.00000 
  159    -63.00000            0            0      0.00000 
  160    -64.00000            0            0      0.00000 
  161    -65.00000            0            0      0.00000 
  162    -66.00000            0            0      0.00000 
  163    -67.00000            0            0      0.00000 
  164    -68.00000            0            0      0.00000 
  165    -69.00000            0            0      0.00000 
  166    -70.00000            0            0      0.00000 
  167    -71.00000            0            0      0.00000 
  168    -72.00000            0            0      0.00000 
  169    -73.00000            0            0      0.00000 
  170    -74.00000            0            0      0.00000 
  171    -75.00000            0            0      0.00000 
  172    -76.00000            0            0      0.00000 
  173    -77.00000            0            0      0.00000 
  174    -78.00000            0            0      0.00000 
  175    -79.00000            0            0      0.00000 
  176    -80.00000            0            0      0.00000 
  177    -81.00000            0            0      0.00000 
  178    -82.00000            0            0      0.00000 
  179    -83.00000            0            0      0.00000 
  180    -84.00000            0            0      0.00000 
  181    -85.00000            0            0      0.00000 
  182    -86.00000            0            0      0.00000 
  183    -87.00000            0            0      0.00000 
  184    -88.00000            0            0      0.00000 
  185    -89.00000            0            0      0.00000 
  186    -90.00000            0            0      0.00000 
  187    -91.00000            0            0      0.00000 
  188    -92.00000            0            0      0.00000 
  189    -93.00000            0            0      0.00000 
  190    -94.00000            0            0      0.00000 
  191    -95.00000            0            0      0.00000 
  192    -96.00000            0            0      0.00000 
  193    -97.00000            0            0      0.00000 
  194    -98.00000            0            0      0.00000 
