# 3dSliceNDice -insetA 6m_1min_m4_binary+orig -insetB 6m_5min_m4_binary+orig -prefix 6m_1min_5min_m4
    0     96.00000            0            0      0.00000 
    1     95.00000            0            0      0.00000 
    2     94.00000            0            0      0.00000 
    3     93.00000            0            0      0.00000 
    4     92.00000            0            0      0.00000 
    5     91.00000            0            0      0.00000 
    6     90.00000            0            0      0.00000 
    7     89.00000            0            0      0.00000 
    8     88.00000            0            0      0.00000 
    9     87.00000            0            0      0.00000 
   10     86.00000            0            0      0.00000 
   11     85.00000            0            0      0.00000 
   12     84.00000            0            0      0.00000 
   13     83.00000            0            0      0.00000 
   14     82.00000            0            0      0.00000 
   15     81.00000            0            0      0.00000 
   16     80.00000            0            0      0.00000 
   17     79.00000            0            0      0.00000 
   18     78.00000            0            0      0.00000 
   19     77.00000            0            0      0.00000 
   20     76.00000            0            0      0.00000 
   21     75.00000            0            0      0.00000 
   22     74.00000            0            0      0.00000 
   23     73.00000            0            0      0.00000 
   24     72.00000            0            0      0.00000 
   25     71.00000            0            0      0.00000 
   26     70.00000            0            0      0.00000 
   27     69.00000            0            0      0.00000 
   28     68.00000            0            0      0.00000 
   29     67.00000            0            0      0.00000 
   30     66.00000            0            0      0.00000 
   31     65.00000            0            0      0.00000 
   32     64.00000            0            0      0.00000 
   33     63.00000            0            0      0.00000 
   34     62.00000            0            0      0.00000 
   35     61.00000            0            0      0.00000 
   36     60.00000            0            0      0.00000 
   37     59.00000            0            0      0.00000 
   38     58.00000            0            0      0.00000 
   39     57.00000            0            0      0.00000 
   40     56.00000            0           10      0.00000 
   41     55.00000            0           58      0.00000 
   42     54.00000           14           96      0.25455 
   43     53.00000           44          149      0.45596 
   44     52.00000           92          212      0.60526 
   45     51.00000          147          262      0.71883 
   46     50.00000          205          316      0.78695 
   47     49.00000          247          358      0.81653 
   48     48.00000          281          391      0.83631 
   49     47.00000          313          416      0.85871 
   50     46.00000          332          432      0.86911 
   51     45.00000          348          443      0.87990 
   52     44.00000          356          448      0.88557 
   53     43.00000          377          488      0.87168 
   54     42.00000          395          530      0.85405 
   55     41.00000          421          597      0.82711 
   56     40.00000          424          630      0.80455 
   57     39.00000          402          650      0.76426 
   58     38.00000          379          672      0.72122 
   59     37.00000          331          673      0.65936 
   60     36.00000          283          662      0.59894 
   61     35.00000          229          657      0.51693 
   62     34.00000          157          616      0.40621 
   63     33.00000           64          588      0.19632 
   64     32.00000            0          546      0.00000 
   65     31.00000            0          509      0.00000 
   66     30.00000            0          459      0.00000 
   67     29.00000            0          381      0.00000 
   68     28.00000            0          293      0.00000 
   69     27.00000            0          207      0.00000 
   70     26.00000            0          178      0.00000 
   71     25.00000            0          140      0.00000 
   72     24.00000            0           88      0.00000 
   73     23.00000            0           32      0.00000 
   74     22.00000          878          401      0.62705 
   75     21.00000         1157          659      0.72577 
   76     20.00000         1321          827      0.77002 
   77     19.00000         1437          946      0.79396 
   78     18.00000         1523         1032      0.80783 
   79     17.00000         1713         1368      0.79714 
   80     16.00000         1846         1624      0.78674 
   81     15.00000         1978         1835      0.78259 
   82     14.00000         2066         1980      0.77954 
   83     13.00000         2144         2087      0.77429 
   84     12.00000         2371         2286      0.78076 
   85     11.00000         2557         2426      0.79430 
   86     10.00000         2719         2598      0.80910 
   87      9.00000         2831         2707      0.81979 
   88      8.00000         2919         2785      0.82784 
   89      7.00000         3082         3063      0.86509 
   90      6.00000         3274         3158      0.86536 
   91      5.00000         3409         3240      0.86870 
   92      4.00000         3455         3257      0.87128 
   93      3.00000         3438         3226      0.87095 
   94      2.00000         3454         3235      0.87248 
   95      1.00000         3359         3108      0.87305 
   96      0.00000         3290         3013      0.86498 
   97     -1.00000         3353         3091      0.85754 
   98     -2.00000         3518         3285      0.85727 
   99     -3.00000         3715         3492      0.85611 
  100     -4.00000         3844         3619      0.85488 
  101     -5.00000         3947         3716      0.85397 
  102     -6.00000         3959         3737      0.85369 
  103     -7.00000         3984         3749      0.84909 
  104     -8.00000         3973         3640      0.83279 
  105     -9.00000         3942         3565      0.82696 
  106    -10.00000         3890         3464      0.81779 
  107    -11.00000         3809         3288      0.79893 
  108    -12.00000         3679         3014      0.77036 
  109    -13.00000         3297         2280      0.65519 
  110    -14.00000         3152         2215      0.64282 
  111    -15.00000         2973         2122      0.62807 
  112    -16.00000         2685         1956      0.60978 
  113    -17.00000         2341         1802      0.59570 
  114    -18.00000         1823         1584      0.58468 
  115    -19.00000         1756         1534      0.57143 
  116    -20.00000         1663         1478      0.55524 
  117    -21.00000         1498         1363      0.53058 
  118    -22.00000         1316         1247      0.50956 
  119    -23.00000         1074         1348      0.47481 
  120    -24.00000         1016         1555      0.46441 
  121    -25.00000          949         1694      0.44419 
  122    -26.00000          854         1784      0.42002 
  123    -27.00000          768         1826      0.40478 
  124    -28.00000          737         1906      0.40484 
  125    -29.00000          749         1919      0.42804 
  126    -30.00000          737         1987      0.43539 
  127    -31.00000          708         1954      0.44252 
  128    -32.00000          669         1891      0.44609 
  129    -33.00000          654         1812      0.46796 
  130    -34.00000          676         1772      0.50572 
  131    -35.00000          726         1768      0.55493 
  132    -36.00000          749         1729      0.59483 
  133    -37.00000          786         1710      0.62981 
  134    -38.00000          854         1692      0.67086 
  135    -39.00000          892         1698      0.68880 
  136    -40.00000          943         1694      0.71521 
  137    -41.00000          924         1631      0.71389 
  138    -42.00000          909         1576      0.71630 
  139    -43.00000          927         1608      0.71558 
  140    -44.00000          923         1618      0.71625 
  141    -45.00000          932         1655      0.72053 
  142    -46.00000          926         1631      0.72350 
  143    -47.00000          918         1610      0.72627 
  144    -48.00000          887         1600      0.71331 
  145    -49.00000          840         1530      0.70886 
  146    -50.00000          793         1451      0.70677 
  147    -51.00000          713         1295      0.71016 
  148    -52.00000          646         1143      0.72219 
  149    -53.00000          561          962      0.73670 
  150    -54.00000          467          799      0.73776 
  151    -55.00000          384          675      0.72521 
  152    -56.00000          269          499      0.70052 
  153    -57.00000          188          338      0.71483 
  154    -58.00000            6           24      0.40000 
  155    -59.00000            0            0      0.00000 
  156    -60.00000            0            0      0.00000 
  157    -61.00000            0            0      0.00000 
  158    -62.00000            0            0      0.00000 
  159    -63.00000            0            0      0.00000 
  160    -64.00000            0            0      0.00000 
  161    -65.00000            0            0      0.00000 
  162    -66.00000            0            0      0.00000 
  163    -67.00000            0            0      0.00000 
  164    -68.00000            0            0      0.00000 
  165    -69.00000            0            0      0.00000 
  166    -70.00000            0            0      0.00000 
  167    -71.00000            0            0      0.00000 
  168    -72.00000            0            0      0.00000 
  169    -73.00000            0            0      0.00000 
  170    -74.00000            0            0      0.00000 
  171    -75.00000            0            0      0.00000 
  172    -76.00000            0            0      0.00000 
  173    -77.00000            0            0      0.00000 
  174    -78.00000            0            0      0.00000 
  175    -79.00000            0            0      0.00000 
  176    -80.00000            0            0      0.00000 
  177    -81.00000            0            0      0.00000 
  178    -82.00000            0            0      0.00000 
  179    -83.00000            0            0      0.00000 
  180    -84.00000            0            0      0.00000 
  181    -85.00000            0            0      0.00000 
  182    -86.00000            0            0      0.00000 
  183    -87.00000            0            0      0.00000 
  184    -88.00000            0            0      0.00000 
  185    -89.00000            0            0      0.00000 
  186    -90.00000            0            0      0.00000 
  187    -91.00000            0            0      0.00000 
  188    -92.00000            0            0      0.00000 
  189    -93.00000            0            0      0.00000 
  190    -94.00000            0            0      0.00000 
  191    -95.00000            0            0      0.00000 
  192    -96.00000            0            0      0.00000 
  193    -97.00000            0            0      0.00000 
  194    -98.00000            0            0      0.00000 
