# 3dSliceNDice -insetA 6m_1min_m3_binary+orig -insetB 6m_4min_m3_binary+orig -prefix 6m_1min_4min_m3
    0     96.00000            0            0      0.00000 
    1     95.00000            0            0      0.00000 
    2     94.00000            0            0      0.00000 
    3     93.00000            0            0      0.00000 
    4     92.00000            0            0      0.00000 
    5     91.00000            0            0      0.00000 
    6     90.00000            0            0      0.00000 
    7     89.00000            0            0      0.00000 
    8     88.00000            0            0      0.00000 
    9     87.00000            0            0      0.00000 
   10     86.00000            0            0      0.00000 
   11     85.00000            0            0      0.00000 
   12     84.00000            0            0      0.00000 
   13     83.00000            0            0      0.00000 
   14     82.00000            0            0      0.00000 
   15     81.00000            0            0      0.00000 
   16     80.00000            0            0      0.00000 
   17     79.00000            0            0      0.00000 
   18     78.00000            0            0      0.00000 
   19     77.00000            0            0      0.00000 
   20     76.00000            0            0      0.00000 
   21     75.00000            0            0      0.00000 
   22     74.00000            0            0      0.00000 
   23     73.00000            0            0      0.00000 
   24     72.00000            0            0      0.00000 
   25     71.00000            0            0      0.00000 
   26     70.00000            0            0      0.00000 
   27     69.00000            0            0      0.00000 
   28     68.00000            0            0      0.00000 
   29     67.00000            0            0      0.00000 
   30     66.00000            0            0      0.00000 
   31     65.00000            0            0      0.00000 
   32     64.00000            0            0      0.00000 
   33     63.00000            0            0      0.00000 
   34     62.00000            0            0      0.00000 
   35     61.00000            0            0      0.00000 
   36     60.00000            0            0      0.00000 
   37     59.00000            0            0      0.00000 
   38     58.00000            0            0      0.00000 
   39     57.00000            0            0      0.00000 
   40     56.00000            0            0      0.00000 
   41     55.00000            0            0      0.00000 
   42     54.00000            0            0      0.00000 
   43     53.00000            0            0      0.00000 
   44     52.00000            0            0      0.00000 
   45     51.00000            0            0      0.00000 
   46     50.00000            0            0      0.00000 
   47     49.00000            0            0      0.00000 
   48     48.00000            0            0      0.00000 
   49     47.00000           32           32      1.00000 
   50     46.00000           88           88      1.00000 
   51     45.00000          140          140      1.00000 
   52     44.00000          180          180      1.00000 
   53     43.00000          216          216      1.00000 
   54     42.00000          268          290      0.96057 
   55     41.00000          401          451      0.94131 
   56     40.00000          557          621      0.94567 
   57     39.00000          687          761      0.94890 
   58     38.00000          816          893      0.95494 
   59     37.00000          985         1063      0.96191 
   60     36.00000         1107         1185      0.96597 
   61     35.00000         1232         1315      0.96741 
   62     34.00000         1318         1409      0.96663 
   63     33.00000         1391         1488      0.96631 
   64     32.00000         1458         1573      0.96206 
   65     31.00000         1513         1614      0.96450 
   66     30.00000         1582         1685      0.96174 
   67     29.00000         1638         1718      0.95054 
   68     28.00000         1690         1747      0.94210 
   69     27.00000         1722         1743      0.92525 
   70     26.00000         1731         1722      0.90993 
   71     25.00000         1747         1703      0.89449 
   72     24.00000         1752         1668      0.88421 
   73     23.00000         1772         1630      0.87713 
   74     22.00000         1764         1634      0.87816 
   75     21.00000         1733         1684      0.87855 
   76     20.00000         1711         1746      0.88227 
   77     19.00000         1660         1786      0.88566 
   78     18.00000         1609         1824      0.89310 
   79     17.00000         1922         2138      0.89704 
   80     16.00000         2119         2360      0.88279 
   81     15.00000         2259         2531      0.86430 
   82     14.00000         2370         2662      0.85453 
   83     13.00000         2476         2775      0.84860 
   84     12.00000         2661         2892      0.86116 
   85     11.00000         2849         2973      0.87564 
   86     10.00000         3018         3092      0.88642 
   87      9.00000         3139         3176      0.89438 
   88      8.00000         3257         3246      0.89620 
   89      7.00000         3372         3307      0.89474 
   90      6.00000         3413         3301      0.89604 
   91      5.00000         3469         3324      0.89416 
   92      4.00000         3474         3319      0.89710 
   93      3.00000         3499         3318      0.90040 
   94      2.00000         3462         3260      0.90420 
   95      1.00000         3362         3151      0.90496 
   96      0.00000         3273         3036      0.90664 
   97     -1.00000         3270         3020      0.90970 
   98     -2.00000         3339         3084      0.91328 
   99     -3.00000         3345         3083      0.91288 
  100     -4.00000         3329         3081      0.91076 
  101     -5.00000         3290         3057      0.90846 
  102     -6.00000         3201         3003      0.90264 
  103     -7.00000         3076         2975      0.88878 
  104     -8.00000         2925         2910      0.87369 
  105     -9.00000         2842         2842      0.87298 
  106    -10.00000         2737         2747      0.87090 
  107    -11.00000         2581         2631      0.87107 
  108    -12.00000         2401         2431      0.87541 
  109    -13.00000         2140         2082      0.89910 
  110    -14.00000         2064         2029      0.90643 
  111    -15.00000         1973         1967      0.91320 
  112    -16.00000         1862         1897      0.91514 
  113    -17.00000         1763         1866      0.91540 
  114    -18.00000         1684         1898      0.90731 
  115    -19.00000         1706         1952      0.90268 
  116    -20.00000         1715         1985      0.89892 
  117    -21.00000         1687         1959      0.88426 
  118    -22.00000         1641         1930      0.86474 
  119    -23.00000         1592         1867      0.84822 
  120    -24.00000         1585         1795      0.85621 
  121    -25.00000         1583         1713      0.86408 
  122    -26.00000         1552         1594      0.86523 
  123    -27.00000         1545         1487      0.89314 
  124    -28.00000         1598         1439      0.90616 
  125    -29.00000         1646         1498      0.90967 
  126    -30.00000         1698         1553      0.91664 
  127    -31.00000         1662         1521      0.92114 
  128    -32.00000         1632         1521      0.92420 
  129    -33.00000         1777         1573      0.88358 
  130    -34.00000         1919         1635      0.85650 
  131    -35.00000         2014         1679      0.83076 
  132    -36.00000         1995         1635      0.79504 
  133    -37.00000         1929         1564      0.75064 
  134    -38.00000         1919         1535      0.73538 
  135    -39.00000         1960         1562      0.75468 
  136    -40.00000         1989         1607      0.77197 
  137    -41.00000         1952         1572      0.78604 
  138    -42.00000         1897         1538      0.79942 
  139    -43.00000         1836         1519      0.78689 
  140    -44.00000         1757         1471      0.78377 
  141    -45.00000         1674         1420      0.77505 
  142    -46.00000         1517         1330      0.76572 
  143    -47.00000         1349         1232      0.74932 
  144    -48.00000         1200         1126      0.74807 
  145    -49.00000         1099         1017      0.76276 
  146    -50.00000          998          904      0.78128 
  147    -51.00000          897          743      0.79390 
  148    -52.00000          813          615      0.80252 
  149    -53.00000          662          455      0.78962 
  150    -54.00000          531          345      0.77397 
  151    -55.00000          410          233      0.72473 
  152    -56.00000          273          144      0.69065 
  153    -57.00000          152           61      0.57277 
  154    -58.00000           38            4      0.19048 
  155    -59.00000            0            0      0.00000 
  156    -60.00000            0            0      0.00000 
  157    -61.00000            0            0      0.00000 
  158    -62.00000            0            0      0.00000 
  159    -63.00000            0            0      0.00000 
  160    -64.00000            0            0      0.00000 
  161    -65.00000            0            0      0.00000 
  162    -66.00000            0            0      0.00000 
  163    -67.00000            0            0      0.00000 
  164    -68.00000            0            0      0.00000 
  165    -69.00000            0            0      0.00000 
  166    -70.00000            0            0      0.00000 
  167    -71.00000            0            0      0.00000 
  168    -72.00000            0            0      0.00000 
  169    -73.00000            0            0      0.00000 
  170    -74.00000            0            0      0.00000 
  171    -75.00000            0            0      0.00000 
  172    -76.00000            0            0      0.00000 
  173    -77.00000            0            0      0.00000 
  174    -78.00000            0            0      0.00000 
  175    -79.00000            0            0      0.00000 
  176    -80.00000            0            0      0.00000 
  177    -81.00000            0            0      0.00000 
  178    -82.00000            0            0      0.00000 
  179    -83.00000            0            0      0.00000 
  180    -84.00000            0            0      0.00000 
  181    -85.00000            0            0      0.00000 
  182    -86.00000            0            0      0.00000 
  183    -87.00000            0            0      0.00000 
  184    -88.00000            0            0      0.00000 
  185    -89.00000            0            0      0.00000 
  186    -90.00000            0            0      0.00000 
  187    -91.00000            0            0      0.00000 
  188    -92.00000            0            0      0.00000 
  189    -93.00000            0            0      0.00000 
  190    -94.00000            0            0      0.00000 
  191    -95.00000            0            0      0.00000 
  192    -96.00000            0            0      0.00000 
  193    -97.00000            0            0      0.00000 
  194    -98.00000            0            0      0.00000 
