# 3dSliceNDice -insetA 6m_1min_m1_binary+orig -insetB 6m_5min_m1_binary+orig -prefix 6m_1min_5min_m1
    0    134.00000            0            0      0.00000 
    1    133.00000            0            0      0.00000 
    2    132.00000            0            0      0.00000 
    3    131.00000            0            0      0.00000 
    4    130.00000            0            0      0.00000 
    5    129.00000            0            0      0.00000 
    6    128.00000            0            0      0.00000 
    7    127.00000            0            0      0.00000 
    8    126.00000            0            0      0.00000 
    9    125.00000            0            0      0.00000 
   10    124.00000            0            0      0.00000 
   11    123.00000            0            0      0.00000 
   12    122.00000            0            0      0.00000 
   13    121.00000            0            0      0.00000 
   14    120.00000            0            0      0.00000 
   15    119.00000            0            0      0.00000 
   16    118.00000            0            0      0.00000 
   17    117.00000            0            0      0.00000 
   18    116.00000            0            0      0.00000 
   19    115.00000            0            0      0.00000 
   20    114.00000            0            0      0.00000 
   21    113.00000            0            0      0.00000 
   22    112.00000            0            0      0.00000 
   23    111.00000            0            0      0.00000 
   24    110.00000            0            0      0.00000 
   25    109.00000            0            0      0.00000 
   26    108.00000            0            0      0.00000 
   27    107.00000            0            0      0.00000 
   28    106.00000            0            0      0.00000 
   29    105.00000            0            0      0.00000 
   30    104.00000            0            0      0.00000 
   31    103.00000            0            0      0.00000 
   32    102.00000            0            0      0.00000 
   33    101.00000            0            0      0.00000 
   34    100.00000            0            0      0.00000 
   35     99.00000            0            0      0.00000 
   36     98.00000            0            0      0.00000 
   37     97.00000            0            0      0.00000 
   38     96.00000            0            0      0.00000 
   39     95.00000            0            0      0.00000 
   40     94.00000            0            0      0.00000 
   41     93.00000            0            0      0.00000 
   42     92.00000            0            0      0.00000 
   43     91.00000            0            0      0.00000 
   44     90.00000            0            0      0.00000 
   45     89.00000            0            0      0.00000 
   46     88.00000            0            0      0.00000 
   47     87.00000            0            0      0.00000 
   48     86.00000            0            0      0.00000 
   49     85.00000            0            0      0.00000 
   50     84.00000           10            6      0.75000 
   51     83.00000          161          139      0.90000 
   52     82.00000          337          301      0.90909 
   53     81.00000          501          468      0.89990 
   54     80.00000          687          670      0.86809 
   55     79.00000          838          840      0.85220 
   56     78.00000          969          985      0.84647 
   57     77.00000         1071         1132      0.82433 
   58     76.00000         1167         1307      0.81245 
   59     75.00000         1265         1445      0.81476 
   60     74.00000         1336         1565      0.81489 
   61     73.00000         1405         1680      0.82010 
   62     72.00000         1487         1810      0.82439 
   63     71.00000         1597         1983      0.82961 
   64     70.00000         1752         2202      0.83966 
   65     69.00000         1812         2343      0.83562 
   66     68.00000         1858         2432      0.84522 
   67     67.00000         1921         2527      0.85522 
   68     66.00000         2007         2655      0.85157 
   69     65.00000         2107         2783      0.85153 
   70     64.00000         2139         2857      0.84708 
   71     63.00000         2167         2907      0.84746 
   72     62.00000         2216         2894      0.83523 
   73     61.00000         2329         2865      0.81402 
   74     60.00000         2429         2811      0.78893 
   75     59.00000         2436         2671      0.76248 
   76     58.00000         2400         2561      0.72526 
   77     57.00000         2438         2765      0.72689 
   78     56.00000         2585         3020      0.76646 
   79     55.00000         2665         3126      0.78536 
   80     54.00000         2660         3114      0.80048 
   81     53.00000         2660         3025      0.82146 
   82     52.00000         2729         2980      0.84498 
   83     51.00000         2839         3042      0.84407 
   84     50.00000         2973         3154      0.85197 
   85     49.00000         3031         3153      0.85058 
   86     48.00000         3089         3156      0.84996 
   87     47.00000         3199         3151      0.85701 
   88     46.00000         3315         3152      0.86346 
   89     45.00000         3442         3180      0.87859 
   90     44.00000         3504         3148      0.88154 
   91     43.00000         3507         3039      0.88634 
   92     42.00000         3503         2967      0.87666 
   93     41.00000         3583         3066      0.85938 
   94     40.00000         3681         3168      0.84976 
   95     39.00000         3676         3194      0.84134 
   96     38.00000         3700         3239      0.83441 
   97     37.00000         3781         3273      0.85143 
   98     36.00000         3813         3286      0.86125 
   99     35.00000         3760         3289      0.86395 
  100     34.00000         3614         3221      0.86203 
  101     33.00000         3416         3144      0.85549 
  102     32.00000         3144         3054      0.83285 
  103     31.00000         3132         3041      0.84303 
  104     30.00000         3131         3021      0.85371 
  105     29.00000         3097         2942      0.86140 
  106     28.00000         3061         2857      0.86685 
  107     27.00000         2959         2757      0.86879 
  108     26.00000         2870         2674      0.86869 
  109     25.00000         2756         2583      0.86945 
  110     24.00000         2577         2437      0.87036 
  111     23.00000         2403         2315      0.87622 
  112     22.00000         2236         2163      0.87747 
  113     21.00000         2085         2002      0.87399 
  114     20.00000         1906         1803      0.86546 
  115     19.00000         1695         1575      0.85627 
  116     18.00000         1472         1345      0.85339 
  117     17.00000         1228         1129      0.85448 
  118     16.00000         1134         1044      0.84757 
  119     15.00000         1030          954      0.83669 
  120     14.00000          909          850      0.81751 
  121     13.00000          733          728      0.76249 
  122     12.00000          515          563      0.64378 
  123     11.00000          466          486      0.64286 
  124     10.00000          411          397      0.63614 
  125      9.00000          325          266      0.60237 
  126      8.00000          250          142      0.56122 
  127      7.00000           85           11      0.22917 
  128      6.00000           37            0      0.00000 
  129      5.00000           18            0      0.00000 
  130      4.00000            2            0      0.00000 
  131      3.00000            0            0      0.00000 
  132      2.00000            0            0      0.00000 
  133      1.00000            0            0      0.00000 
  134      0.00000            0            0      0.00000 
  135     -1.00000            0            0      0.00000 
  136     -2.00000            0            0      0.00000 
  137     -3.00000            0          200      0.00000 
  138     -4.00000            0          382      0.00000 
  139     -5.00000            0          510      0.00000 
  140     -6.00000            0          604      0.00000 
  141     -7.00000            0          676      0.00000 
  142     -8.00000            0          870      0.00000 
  143     -9.00000            0          995      0.00000 
  144    -10.00000            0         1117      0.00000 
  145    -11.00000            0         1183      0.00000 
  146    -12.00000            0         1241      0.00000 
  147    -13.00000            0         1303      0.00000 
  148    -14.00000            0         1334      0.00000 
  149    -15.00000            0         1374      0.00000 
  150    -16.00000            0         1387      0.00000 
  151    -17.00000            0         1423      0.00000 
  152    -18.00000            0         1439      0.00000 
  153    -19.00000            0         1439      0.00000 
  154    -20.00000            0         1438      0.00000 
  155    -21.00000            0         1413      0.00000 
  156    -22.00000            0         1406      0.00000 
  157    -23.00000           32         1374      0.04552 
  158    -24.00000           88         1337      0.11649 
  159    -25.00000          140         1299      0.17929 
  160    -26.00000          180         1216      0.23209 
  161    -27.00000          216         1139      0.28487 
  162    -28.00000          316         1147      0.34997 
  163    -29.00000          414         1236      0.39879 
  164    -30.00000          504         1303      0.44494 
  165    -31.00000          562         1325      0.48437 
  166    -32.00000          612         1342      0.52201 
  167    -33.00000          726         1377      0.59344 
  168    -34.00000          828         1427      0.65277 
  169    -35.00000          918         1481      0.68529 
  170    -36.00000          949         1469      0.70223 
  171    -37.00000          976         1466      0.71744 
  172    -38.00000          973         1439      0.72388 
  173    -39.00000          975         1395      0.73840 
  174    -40.00000          977         1366      0.75032 
  175    -41.00000          923         1286      0.74785 
  176    -42.00000          877         1217      0.73926 
  177    -43.00000          835         1140      0.74228 
  178    -44.00000          809         1072      0.75492 
  179    -45.00000          786          999      0.77311 
  180    -46.00000          749          908      0.79783 
  181    -47.00000          744          837      0.83365 
  182    -48.00000          713          761      0.88467 
  183    -49.00000          663          695      0.92636 
  184    -50.00000          593          621      0.96211 
  185    -51.00000          528          565      0.96615 
  186    -52.00000          468          508      0.95902 
  187    -53.00000          382          422      0.95025 
  188    -54.00000          281          322      0.93201 
  189    -55.00000          213          252      0.91613 
  190    -56.00000          141          173      0.89809 
  191    -57.00000           84          110      0.86598 
  192    -58.00000           12           35      0.51064 
  193    -59.00000            0            0      0.00000 
  194    -60.00000            0            0      0.00000 
  195    -61.00000            0            0      0.00000 
  196    -62.00000            0            0      0.00000 
  197    -63.00000            0            0      0.00000 
  198    -64.00000            0            0      0.00000 
  199    -65.00000            0            0      0.00000 
  200    -66.00000            0            0      0.00000 
  201    -67.00000            0            0      0.00000 
  202    -68.00000            0            0      0.00000 
  203    -69.00000            0            0      0.00000 
  204    -70.00000            0            0      0.00000 
  205    -71.00000            0            0      0.00000 
  206    -72.00000            0            0      0.00000 
  207    -73.00000            0            0      0.00000 
  208    -74.00000            0            0      0.00000 
  209    -75.00000            0            0      0.00000 
  210    -76.00000            0            0      0.00000 
  211    -77.00000            0            0      0.00000 
  212    -78.00000            0            0      0.00000 
  213    -79.00000            0            0      0.00000 
  214    -80.00000            0            0      0.00000 
  215    -81.00000            0            0      0.00000 
  216    -82.00000            0            0      0.00000 
  217    -83.00000            0            0      0.00000 
  218    -84.00000            0            0      0.00000 
  219    -85.00000            0            0      0.00000 
  220    -86.00000            0            0      0.00000 
  221    -87.00000            0            0      0.00000 
  222    -88.00000            0            0      0.00000 
  223    -89.00000            0            0      0.00000 
  224    -90.00000            0            0      0.00000 
  225    -91.00000            0            0      0.00000 
  226    -92.00000            0            0      0.00000 
  227    -93.00000            0            0      0.00000 
  228    -94.00000            0            0      0.00000 
  229    -95.00000            0            0      0.00000 
  230    -96.00000            0            0      0.00000 
  231    -97.00000            0            0      0.00000 
  232    -98.00000            0            0      0.00000 
