# 3dSliceNDice -insetA 6m_1min_m1_binary+orig -insetB 6m_5min_m1_binary+orig -prefix 6m_1min_5min_m1
    0     96.00000            0            0      0.00000 
    1     95.00000            0            0      0.00000 
    2     94.00000            0            0      0.00000 
    3     93.00000            0            0      0.00000 
    4     92.00000            0            0      0.00000 
    5     91.00000            0            0      0.00000 
    6     90.00000            0            0      0.00000 
    7     89.00000            0            0      0.00000 
    8     88.00000            0            0      0.00000 
    9     87.00000            0            0      0.00000 
   10     86.00000            0            0      0.00000 
   11     85.00000            0            0      0.00000 
   12     84.00000            0            0      0.00000 
   13     83.00000            0            0      0.00000 
   14     82.00000            0            0      0.00000 
   15     81.00000            0            0      0.00000 
   16     80.00000            0            0      0.00000 
   17     79.00000            0            0      0.00000 
   18     78.00000            0            0      0.00000 
   19     77.00000            0            0      0.00000 
   20     76.00000            0            0      0.00000 
   21     75.00000            0            0      0.00000 
   22     74.00000            0            0      0.00000 
   23     73.00000            0            0      0.00000 
   24     72.00000            0            0      0.00000 
   25     71.00000            0            0      0.00000 
   26     70.00000            0            0      0.00000 
   27     69.00000            0            0      0.00000 
   28     68.00000            0            0      0.00000 
   29     67.00000            0            0      0.00000 
   30     66.00000            0            0      0.00000 
   31     65.00000            0            0      0.00000 
   32     64.00000            0            0      0.00000 
   33     63.00000            0            0      0.00000 
   34     62.00000            0            0      0.00000 
   35     61.00000            0            0      0.00000 
   36     60.00000            0            0      0.00000 
   37     59.00000            0            0      0.00000 
   38     58.00000            3            0      0.00000 
   39     57.00000           40            0      0.00000 
   40     56.00000          129           27      0.14103 
   41     55.00000          280          131      0.48175 
   42     54.00000          427          230      0.59361 
   43     53.00000          572          337      0.66447 
   44     52.00000          715          452      0.70608 
   45     51.00000          820          533      0.73319 
   46     50.00000          916          614      0.75294 
   47     49.00000          974          680      0.77751 
   48     48.00000         1040          745      0.79776 
   49     47.00000         1076          799      0.82133 
   50     46.00000         1089          826      0.83342 
   51     45.00000         1099          846      0.84524 
   52     44.00000         1094          851      0.85553 
   53     43.00000         1100          897      0.87631 
   54     42.00000         1102          919      0.88372 
   55     41.00000         1139          948      0.88356 
   56     40.00000         1158          933      0.86370 
   57     39.00000         1142          877      0.83210 
   58     38.00000         1148          831      0.80243 
   59     37.00000         1099          842      0.76455 
   60     36.00000         1094          947      0.76041 
   61     35.00000         1081         1029      0.74882 
   62     34.00000         1017         1046      0.73388 
   63     33.00000          931         1050      0.73700 
   64     32.00000          883         1152      0.76855 
   65     31.00000         1053         1279      0.79417 
   66     30.00000         1192         1428      0.80458 
   67     29.00000         1277         1521      0.81058 
   68     28.00000         1334         1599      0.81827 
   69     27.00000         1428         1689      0.82451 
   70     26.00000         1578         1771      0.82413 
   71     25.00000         1750         1882      0.81773 
   72     24.00000         1876         1978      0.80643 
   73     23.00000         2002         2082      0.80215 
   74     22.00000         2148         2182      0.80462 
   75     21.00000         2272         2278      0.82593 
   76     20.00000         2414         2382      0.83736 
   77     19.00000         2485         2448      0.84006 
   78     18.00000         2567         2526      0.84312 
   79     17.00000         2601         2625      0.83620 
   80     16.00000         2582         2714      0.81533 
   81     15.00000         2559         2795      0.79978 
   82     14.00000         2451         2801      0.77609 
   83     13.00000         2295         2760      0.75134 
   84     12.00000         2240         2814      0.73170 
   85     11.00000         2298         2915      0.73393 
   86     10.00000         2325         2952      0.73337 
   87      9.00000         2261         2906      0.72847 
   88      8.00000         2132         2789      0.71286 
   89      7.00000         2013         2592      0.70836 
   90      6.00000         2027         2596      0.71079 
   91      5.00000         2025         2558      0.71656 
   92      4.00000         1951         2437      0.71787 
   93      3.00000         1878         2315      0.71786 
   94      2.00000         1842         2246      0.70939 
   95      1.00000         1816         2230      0.69946 
   96      0.00000         1777         2259      0.69376 
   97     -1.00000         1762         2331      0.67628 
   98     -2.00000         1795         2470      0.65229 
   99     -3.00000         1951         2645      0.67624 
  100     -4.00000         2058         2823      0.68674 
  101     -5.00000         2142         3029      0.68575 
  102     -6.00000         2178         3136      0.68686 
  103     -7.00000         2173         3205      0.68576 
  104     -8.00000         2241         3286      0.70309 
  105     -9.00000         2311         3385      0.71559 
  106    -10.00000         2367         3473      0.72295 
  107    -11.00000         2420         3499      0.73256 
  108    -12.00000         2465         3511      0.73963 
  109    -13.00000         2645         3550      0.75513 
  110    -14.00000         2798         3598      0.77205 
  111    -15.00000         2907         3655      0.78635 
  112    -16.00000         2951         3639      0.80303 
  113    -17.00000         2956         3605      0.82244 
  114    -18.00000         2940         3498      0.84654 
  115    -19.00000         2933         3473      0.85076 
  116    -20.00000         2929         3466      0.85192 
  117    -21.00000         2830         3385      0.84763 
  118    -22.00000         2762         3345      0.84035 
  119    -23.00000         2635         3268      0.82365 
  120    -24.00000         2500         3189      0.80577 
  121    -25.00000         2351         3092      0.78302 
  122    -26.00000         2162         2920      0.75679 
  123    -27.00000         1999         2746      0.72455 
  124    -28.00000         1905         2740      0.69279 
  125    -29.00000         1896         2759      0.69259 
  126    -30.00000         1821         2708      0.68624 
  127    -31.00000         1626         2534      0.66250 
  128    -32.00000         1366         2315      0.61451 
  129    -33.00000         1024         2020      0.56176 
  130    -34.00000         1048         2037      0.58671 
  131    -35.00000         1102         2064      0.62539 
  132    -36.00000         1127         2027      0.66582 
  133    -37.00000         1151         2020      0.69883 
  134    -38.00000         1219         2004      0.73658 
  135    -39.00000         1258         1961      0.75986 
  136    -40.00000         1325         1944      0.78495 
  137    -41.00000         1361         1884      0.81171 
  138    -42.00000         1387         1856      0.82948 
  139    -43.00000         1406         1782      0.85571 
  140    -44.00000         1406         1706      0.87532 
  141    -45.00000         1395         1623      0.89662 
  142    -46.00000         1359         1525      0.91817 
  143    -47.00000         1299         1402      0.93817 
  144    -48.00000         1194         1298      0.93981 
  145    -49.00000         1114         1224      0.93755 
  146    -50.00000          985         1100      0.93429 
  147    -51.00000          813          931      0.92661 
  148    -52.00000          688          792      0.92973 
  149    -53.00000          535          608      0.93613 
  150    -54.00000          380          425      0.94410 
  151    -55.00000          233          252      0.95258 
  152    -56.00000          129          125      0.93701 
  153    -57.00000           88           46      0.68657 
  154    -58.00000            3            0      0.00000 
  155    -59.00000            0            0      0.00000 
  156    -60.00000            0            0      0.00000 
  157    -61.00000            0            0      0.00000 
  158    -62.00000            0            0      0.00000 
  159    -63.00000            0            0      0.00000 
  160    -64.00000            0            0      0.00000 
  161    -65.00000            0            0      0.00000 
  162    -66.00000            0            0      0.00000 
  163    -67.00000            0            0      0.00000 
  164    -68.00000            0            0      0.00000 
  165    -69.00000            0            0      0.00000 
  166    -70.00000            0            0      0.00000 
  167    -71.00000            0            0      0.00000 
  168    -72.00000            0            0      0.00000 
  169    -73.00000            0            0      0.00000 
  170    -74.00000            0            0      0.00000 
  171    -75.00000            0            0      0.00000 
  172    -76.00000            0            0      0.00000 
  173    -77.00000            0            0      0.00000 
  174    -78.00000            0            0      0.00000 
  175    -79.00000            0            0      0.00000 
  176    -80.00000            0            0      0.00000 
  177    -81.00000            0            0      0.00000 
  178    -82.00000            0            0      0.00000 
  179    -83.00000            0            0      0.00000 
  180    -84.00000            0            0      0.00000 
  181    -85.00000            0            0      0.00000 
  182    -86.00000            0            0      0.00000 
  183    -87.00000            0            0      0.00000 
  184    -88.00000            0            0      0.00000 
  185    -89.00000            0            0      0.00000 
  186    -90.00000            0            0      0.00000 
  187    -91.00000            0            0      0.00000 
  188    -92.00000            0            0      0.00000 
  189    -93.00000            0            0      0.00000 
  190    -94.00000            0            0      0.00000 
  191    -95.00000            0            0      0.00000 
  192    -96.00000            0            0      0.00000 
  193    -97.00000            0            0      0.00000 
  194    -98.00000            0            0      0.00000 
