# 3dSliceNDice -insetA 6m_1min_m4_binary+orig -insetB 6m_2min_m4_binary+orig -prefix 6m_1min_2min_m4
    0    -72.00000            0            0      0.00000 
    1    -71.00000            0            0      0.00000 
    2    -70.00000            0            0      0.00000 
    3    -69.00000            0            0      0.00000 
    4    -68.00000            0            0      0.00000 
    5    -67.00000            0            0      0.00000 
    6    -66.00000            0            0      0.00000 
    7    -65.00000            0            0      0.00000 
    8    -64.00000            0            0      0.00000 
    9    -63.00000            0            0      0.00000 
   10    -62.00000            0            0      0.00000 
   11    -61.00000            0            0      0.00000 
   12    -60.00000            0            0      0.00000 
   13    -59.00000            0            0      0.00000 
   14    -58.00000            0            0      0.00000 
   15    -57.00000            0            0      0.00000 
   16    -56.00000            0            0      0.00000 
   17    -55.00000            0            0      0.00000 
   18    -54.00000            0            0      0.00000 
   19    -53.00000            0            0      0.00000 
   20    -52.00000            0            0      0.00000 
   21    -51.00000            1            0      0.00000 
   22    -50.00000          151            0      0.00000 
   23    -49.00000          348            0      0.00000 
   24    -48.00000          588            0      0.00000 
   25    -47.00000          725            0      0.00000 
   26    -46.00000          848            0      0.00000 
   27    -45.00000          956            0      0.00000 
   28    -44.00000          991            0      0.00000 
   29    -43.00000         1026            0      0.00000 
   30    -42.00000         1004            0      0.00000 
   31    -41.00000          983            0      0.00000 
   32    -40.00000          948            0      0.00000 
   33    -39.00000          895            0      0.00000 
   34    -38.00000          813            0      0.00000 
   35    -37.00000          719            0      0.00000 
   36    -36.00000          663           13      0.00000 
   37    -35.00000          593           35      0.00000 
   38    -34.00000          499           63      0.00000 
   39    -33.00000          397           89      0.00000 
   40    -32.00000          434          337      0.33722 
   41    -31.00000          554          528      0.49908 
   42    -30.00000          619          674      0.56922 
   43    -29.00000          671          825      0.63102 
   44    -28.00000          728          960      0.69787 
   45    -27.00000          802         1133      0.76072 
   46    -26.00000          908         1270      0.79247 
   47    -25.00000         1052         1426      0.81114 
   48    -24.00000         1155         1540      0.82301 
   49    -23.00000         1260         1644      0.82989 
   50    -22.00000         1400         1806      0.83593 
   51    -21.00000         1529         1963      0.83734 
   52    -20.00000         1662         2135      0.83856 
   53    -19.00000         1723         2249      0.83132 
   54    -18.00000         1777         2349      0.82307 
   55    -17.00000         1774         2382      0.81328 
   56    -16.00000         1747         2374      0.80563 
   57    -15.00000         1705         2328      0.79891 
   58    -14.00000         1615         2205      0.79424 
   59    -13.00000         1546         2085      0.79317 
   60    -12.00000         1427         1916      0.78492 
   61    -11.00000         1321         1783      0.78479 
   62    -10.00000         1191         1611      0.78658 
   63     -9.00000         1020         1383      0.79151 
   64     -8.00000          813         1040      0.84296 
   65     -7.00000          644          668      0.98171 
   66     -6.00000          638          665      0.97928 
   67     -5.00000          638          663      0.98078 
   68     -4.00000          621          648      0.97084 
   69     -3.00000          599          633      0.96429 
   70     -2.00000          564          600      0.95533 
   71     -1.00000          531          570      0.94823 
   72      0.00000          497          537      0.94584 
   73      1.00000          450          487      0.94984 
   74      2.00000          421          455      0.94521 
   75      3.00000          433          406      0.88439 
   76      4.00000          479          367      0.78487 
   77      5.00000          503          319      0.69830 
   78      6.00000          495          248      0.59219 
   79      7.00000          436          140      0.40278 
   80      8.00000          668          428      0.78102 
   81      9.00000         1000          673      0.80454 
   82     10.00000         1245          831      0.80058 
   83     11.00000         1422          946      0.79899 
   84     12.00000         1566         1036      0.79631 
   85     13.00000         1751         1173      0.79891 
   86     14.00000         1882         1310      0.80514 
   87     15.00000         2048         1469      0.81092 
   88     16.00000         2152         1581      0.81436 
   89     17.00000         2242         1684      0.81966 
   90     18.00000         2330         1800      0.82760 
   91     19.00000         2369         1886      0.83854 
   92     20.00000         2439         2000      0.85064 
   93     21.00000         2469         2070      0.86451 
   94     22.00000         2506         2143      0.87804 
   95     23.00000         2510         2209      0.89468 
   96     24.00000         2494         2229      0.90409 
   97     25.00000         2503         2278      0.91571 
   98     26.00000         2503         2293      0.92327 
   99     27.00000         2480         2304      0.93604 
  100     28.00000         2470         2285      0.93880 
  101     29.00000         2503         2245      0.92797 
  102     30.00000         2531         2250      0.92282 
  103     31.00000         2521         2240      0.91913 
  104     32.00000         2538         2250      0.91353 
  105     33.00000         2526         2327      0.91572 
  106     34.00000         2505         2420      0.91411 
  107     35.00000         2519         2526      0.91140 
  108     36.00000         2511         2600      0.91058 
  109     37.00000         2504         2674      0.91232 
  110     38.00000         2519         2776      0.91483 
  111     39.00000         2545         2808      0.91239 
  112     40.00000         2581         2887      0.90929 
  113     41.00000         2588         2910      0.90797 
  114     42.00000         2596         2936      0.90745 
  115     43.00000         2578         2931      0.90761 
  116     44.00000         2512         2832      0.91205 
  117     45.00000         2456         2784      0.90916 
  118     46.00000         2400         2696      0.91327 
  119     47.00000         2325         2606      0.91503 
  120     48.00000         2203         2449      0.91788 
  121     49.00000         2075         2276      0.92393 
  122     50.00000         1974         2158      0.93078 
  123     51.00000         1864         2062      0.93021 
  124     52.00000         1704         1905      0.93045 
  125     53.00000         1517         1678      0.94460 
  126     54.00000         1273         1358      0.96769 
  127     55.00000         1002         1044      0.97947 
  128     56.00000          618          650      0.97476 
  129     57.00000          300          307      0.98847 
  130     58.00000           66           66      1.00000 
  131     59.00000            0            0      0.00000 
  132     60.00000            0            0      0.00000 
  133     61.00000            0            0      0.00000 
  134     62.00000            0            0      0.00000 
  135     63.00000            0            0      0.00000 
  136     64.00000            0            0      0.00000 
  137     65.00000            0            0      0.00000 
  138     66.00000            0            0      0.00000 
  139     67.00000            0            0      0.00000 
  140     68.00000            0            0      0.00000 
  141     69.00000            0            0      0.00000 
  142     70.00000            0            0      0.00000 
  143     71.00000            0            0      0.00000 
  144     72.00000            0            0      0.00000 
  145     73.00000            0            0      0.00000 
  146     74.00000            0            0      0.00000 
  147     75.00000            0            0      0.00000 
  148     76.00000            0            0      0.00000 
  149     77.00000            0            0      0.00000 
  150     78.00000            0            0      0.00000 
  151     79.00000            0            0      0.00000 
  152     80.00000            0            0      0.00000 
  153     81.00000            0            0      0.00000 
  154     82.00000            0            0      0.00000 
  155     83.00000            0            0      0.00000 
  156     84.00000            0            0      0.00000 
  157     85.00000            0            0      0.00000 
  158     86.00000            0            0      0.00000 
