# 3dSliceNDice -insetA 6m_1min_m2_binary+orig -insetB 6m_4min_m2_binary+orig -prefix 6m_1min_4min_m2
    0    -72.00000            0            0      0.00000 
    1    -71.00000            0            0      0.00000 
    2    -70.00000            0            0      0.00000 
    3    -69.00000            0            0      0.00000 
    4    -68.00000            0            0      0.00000 
    5    -67.00000            0            0      0.00000 
    6    -66.00000            0            0      0.00000 
    7    -65.00000            0            0      0.00000 
    8    -64.00000            0            0      0.00000 
    9    -63.00000            0            0      0.00000 
   10    -62.00000            0            0      0.00000 
   11    -61.00000            0            0      0.00000 
   12    -60.00000            0            0      0.00000 
   13    -59.00000            0            0      0.00000 
   14    -58.00000            0            0      0.00000 
   15    -57.00000            0            0      0.00000 
   16    -56.00000            0            0      0.00000 
   17    -55.00000            0            0      0.00000 
   18    -54.00000            0            0      0.00000 
   19    -53.00000            0            0      0.00000 
   20    -52.00000            0            0      0.00000 
   21    -51.00000            1            1      1.00000 
   22    -50.00000          273          273      1.00000 
   23    -49.00000          612          612      1.00000 
   24    -48.00000         1079         1079      1.00000 
   25    -47.00000         1337         1337      1.00000 
   26    -46.00000         1613         1604      0.99720 
   27    -45.00000         1867         1819      0.98698 
   28    -44.00000         2027         1955      0.98192 
   29    -43.00000         2211         2110      0.97663 
   30    -42.00000         2355         2238      0.97409 
   31    -41.00000         2495         2363      0.96912 
   32    -40.00000         2617         2460      0.96317 
   33    -39.00000         2716         2541      0.95872 
   34    -38.00000         2785         2619      0.96003 
   35    -37.00000         2777         2605      0.95875 
   36    -36.00000         2781         2605      0.95804 
   37    -35.00000         2758         2565      0.95472 
   38    -34.00000         2719         2494      0.94955 
   39    -33.00000         2703         2463      0.94928 
   40    -32.00000         2667         2436      0.94650 
   41    -31.00000         2654         2426      0.94291 
   42    -30.00000         2621         2422      0.93198 
   43    -29.00000         2589         2443      0.91534 
   44    -28.00000         2616         2494      0.91429 
   45    -27.00000         2598         2489      0.91685 
   46    -26.00000         2586         2454      0.91587 
   47    -25.00000         2574         2422      0.91473 
   48    -24.00000         2508         2330      0.91236 
   49    -23.00000         2462         2243      0.90499 
   50    -22.00000         2383         2166      0.90437 
   51    -21.00000         2307         2103      0.90476 
   52    -20.00000         2204         2014      0.90659 
   53    -19.00000         2053         1886      0.90835 
   54    -18.00000         1903         1796      0.91268 
   55    -17.00000         1858         1776      0.88498 
   56    -16.00000         1881         1825      0.87102 
   57    -15.00000         1875         1847      0.86943 
   58    -14.00000         1796         1802      0.87160 
   59    -13.00000         1700         1760      0.86994 
   60    -12.00000         1608         1771      0.86179 
   61    -11.00000         1547         1789      0.85312 
   62    -10.00000         1470         1798      0.83354 
   63     -9.00000         1331         1740      0.80365 
   64     -8.00000         1093         1669      0.72556 
   65     -7.00000          546         1610      0.42022 
   66     -6.00000          562         1594      0.43043 
   67     -5.00000          582         1595      0.44465 
   68     -4.00000          594         1530      0.46798 
   69     -3.00000          600         1385      0.50781 
   70     -2.00000          596         1214      0.55580 
   71     -1.00000          587         1234      0.54585 
   72      0.00000          577         1270      0.53167 
   73      1.00000          546         1266      0.52097 
   74      2.00000          523         1266      0.50866 
   75      3.00000          481         1243      0.49420 
   76      4.00000          444         1213      0.48763 
   77      5.00000          397         1172      0.47291 
   78      6.00000          333         1081      0.45120 
   79      7.00000          266         1013      0.41595 
   80      8.00000          216          888      0.39130 
   81      9.00000          180          809      0.36400 
   82     10.00000          140          704      0.33175 
   83     11.00000           88          561      0.27119 
   84     12.00000           32          387      0.15274 
   85     13.00000            0          215      0.00000 
   86     14.00000            0          180      0.00000 
   87     15.00000            0          140      0.00000 
   88     16.00000            0           88      0.00000 
   89     17.00000            0           32      0.00000 
   90     18.00000            0           32      0.00000 
   91     19.00000            0           88      0.00000 
   92     20.00000            0          140      0.00000 
   93     21.00000            0          180      0.00000 
   94     22.00000            0          216      0.00000 
   95     23.00000            0          256      0.00000 
   96     24.00000            0          276      0.00000 
   97     25.00000            0          300      0.00000 
   98     26.00000            0          308      0.00000 
   99     27.00000            0          316      0.00000 
  100     28.00000            0          316      0.00000 
  101     29.00000            0          308      0.00000 
  102     30.00000            0          298      0.00000 
  103     31.00000            0          273      0.00000 
  104     32.00000            0          249      0.00000 
  105     33.00000            0          212      0.00000 
  106     34.00000            0          178      0.00000 
  107     35.00000            0          139      0.00000 
  108     36.00000            0           88      0.00000 
  109     37.00000            0           32      0.00000 
  110     38.00000            0            0      0.00000 
  111     39.00000            0            0      0.00000 
  112     40.00000            0            0      0.00000 
  113     41.00000            0            0      0.00000 
  114     42.00000            0            0      0.00000 
  115     43.00000            0            0      0.00000 
  116     44.00000            0            0      0.00000 
  117     45.00000            0            0      0.00000 
  118     46.00000            0            0      0.00000 
  119     47.00000            0            0      0.00000 
  120     48.00000            0            0      0.00000 
  121     49.00000            0            0      0.00000 
  122     50.00000            0            0      0.00000 
  123     51.00000            0            0      0.00000 
  124     52.00000            0            0      0.00000 
  125     53.00000            0            0      0.00000 
  126     54.00000            0            0      0.00000 
  127     55.00000            0            0      0.00000 
  128     56.00000            0            0      0.00000 
  129     57.00000            0            0      0.00000 
  130     58.00000            0            0      0.00000 
  131     59.00000            0            0      0.00000 
  132     60.00000            0            0      0.00000 
  133     61.00000            0            0      0.00000 
  134     62.00000            0            0      0.00000 
  135     63.00000            0            0      0.00000 
  136     64.00000            0            0      0.00000 
  137     65.00000            0            0      0.00000 
  138     66.00000            0            0      0.00000 
  139     67.00000            0            0      0.00000 
  140     68.00000            0            0      0.00000 
  141     69.00000            0            0      0.00000 
  142     70.00000            0            0      0.00000 
  143     71.00000            0            0      0.00000 
  144     72.00000            0            0      0.00000 
  145     73.00000            0            0      0.00000 
  146     74.00000            0            0      0.00000 
  147     75.00000            0            0      0.00000 
  148     76.00000            0            0      0.00000 
  149     77.00000            0            0      0.00000 
  150     78.00000            0            0      0.00000 
  151     79.00000            0            0      0.00000 
  152     80.00000            0            0      0.00000 
  153     81.00000            0            0      0.00000 
  154     82.00000            0            0      0.00000 
  155     83.00000            0            0      0.00000 
  156     84.00000            0            0      0.00000 
  157     85.00000            0            0      0.00000 
  158     86.00000            0            0      0.00000 
