# 3dSliceNDice -insetA 6m_1min_m5_binary+orig -insetB 6m_4min_m5_binary+orig -prefix 6m_1min_4min_m5
    0    134.00000            0            0      0.00000 
    1    133.00000            0            0      0.00000 
    2    132.00000            0            0      0.00000 
    3    131.00000            0            0      0.00000 
    4    130.00000            0            0      0.00000 
    5    129.00000            0            0      0.00000 
    6    128.00000            0            0      0.00000 
    7    127.00000            0            0      0.00000 
    8    126.00000            0            0      0.00000 
    9    125.00000            0            0      0.00000 
   10    124.00000            0            0      0.00000 
   11    123.00000            0            0      0.00000 
   12    122.00000            0            0      0.00000 
   13    121.00000            0            0      0.00000 
   14    120.00000            0            0      0.00000 
   15    119.00000            0            0      0.00000 
   16    118.00000            0            0      0.00000 
   17    117.00000            0            0      0.00000 
   18    116.00000            0            0      0.00000 
   19    115.00000            0            0      0.00000 
   20    114.00000            0            0      0.00000 
   21    113.00000            0            0      0.00000 
   22    112.00000            0            0      0.00000 
   23    111.00000            0            0      0.00000 
   24    110.00000            0            0      0.00000 
   25    109.00000            0            0      0.00000 
   26    108.00000            0            0      0.00000 
   27    107.00000            0            0      0.00000 
   28    106.00000            0            0      0.00000 
   29    105.00000            0            0      0.00000 
   30    104.00000            0            0      0.00000 
   31    103.00000            0            0      0.00000 
   32    102.00000            0            0      0.00000 
   33    101.00000            0            0      0.00000 
   34    100.00000            0            0      0.00000 
   35     99.00000            0            0      0.00000 
   36     98.00000            0            0      0.00000 
   37     97.00000            0            0      0.00000 
   38     96.00000            0            0      0.00000 
   39     95.00000            0            0      0.00000 
   40     94.00000            0            0      0.00000 
   41     93.00000            0            0      0.00000 
   42     92.00000            0            0      0.00000 
   43     91.00000            0            0      0.00000 
   44     90.00000            0            0      0.00000 
   45     89.00000            0            0      0.00000 
   46     88.00000            0            0      0.00000 
   47     87.00000            0            0      0.00000 
   48     86.00000            0            0      0.00000 
   49     85.00000            0            0      0.00000 
   50     84.00000            0            0      0.00000 
   51     83.00000            0            0      0.00000 
   52     82.00000            0            0      0.00000 
   53     81.00000            0            0      0.00000 
   54     80.00000            0            0      0.00000 
   55     79.00000            0            0      0.00000 
   56     78.00000            0            0      0.00000 
   57     77.00000            0            0      0.00000 
   58     76.00000           25           13      0.68421 
   59     75.00000           83           57      0.81429 
   60     74.00000          141          106      0.85830 
   61     73.00000          199          164      0.90358 
   62     72.00000          275          234      0.91945 
   63     71.00000          329          287      0.91234 
   64     70.00000          400          349      0.89186 
   65     69.00000          444          390      0.87290 
   66     68.00000          481          429      0.86154 
   67     67.00000          546          531      0.89879 
   68     66.00000          634          637      0.92368 
   69     65.00000          742          739      0.95206 
   70     64.00000          827          810      0.96274 
   71     63.00000          894          869      0.96767 
   72     62.00000          964          925      0.97300 
   73     61.00000          985          943      0.97199 
   74     60.00000         1024          973      0.97446 
   75     59.00000         1043          997      0.97157 
   76     58.00000         1061         1028      0.96601 
   77     57.00000         1266         1270      0.93770 
   78     56.00000         1437         1480      0.93589 
   79     55.00000         1563         1631      0.93112 
   80     54.00000         1665         1758      0.92843 
   81     53.00000         1760         1867      0.93631 
   82     52.00000         1856         1972      0.93730 
   83     51.00000         1946         2058      0.94356 
   84     50.00000         2049         2162      0.94324 
   85     49.00000         2119         2224      0.93852 
   86     48.00000         2202         2293      0.93526 
   87     47.00000         2286         2362      0.92685 
   88     46.00000         2341         2383      0.91956 
   89     45.00000         2408         2425      0.90999 
   90     44.00000         2433         2438      0.90043 
   91     43.00000         2445         2453      0.89098 
   92     42.00000         2413         2409      0.87972 
   93     41.00000         2361         2369      0.87315 
   94     40.00000         2343         2345      0.87415 
   95     39.00000         2261         2280      0.87998 
   96     38.00000         2215         2206      0.89889 
   97     37.00000         2203         2132      0.91580 
   98     36.00000         2221         2086      0.90643 
   99     35.00000         2232         2089      0.89516 
  100     34.00000         2240         2071      0.88842 
  101     33.00000         2272         2070      0.87978 
  102     32.00000         2400         2219      0.89283 
  103     31.00000         2499         2361      0.91070 
  104     30.00000         2557         2429      0.91777 
  105     29.00000         2557         2455      0.92139 
  106     28.00000         2513         2442      0.91665 
  107     27.00000         2464         2420      0.91974 
  108     26.00000         2415         2369      0.92684 
  109     25.00000         2395         2363      0.93401 
  110     24.00000         2338         2315      0.93832 
  111     23.00000         2296         2274      0.94311 
  112     22.00000         2246         2236      0.94601 
  113     21.00000         2185         2176      0.94841 
  114     20.00000         2117         2109      0.94936 
  115     19.00000         2065         2029      0.94529 
  116     18.00000         2030         1987      0.94050 
  117     17.00000         2048         1962      0.93915 
  118     16.00000         2039         1942      0.94298 
  119     15.00000         2046         1970      0.94074 
  120     14.00000         2040         1989      0.94018 
  121     13.00000         2031         2009      0.93960 
  122     12.00000         2001         2015      0.93576 
  123     11.00000         1962         1988      0.93063 
  124     10.00000         1914         1973      0.92719 
  125      9.00000         1820         1910      0.91582 
  126      8.00000         1793         1900      0.90929 
  127      7.00000         1741         1875      0.90155 
  128      6.00000         1700         1852      0.89809 
  129      5.00000         1662         1825      0.89819 
  130      4.00000         1635         1781      0.90222 
  131      3.00000         1631         1764      0.90898 
  132      2.00000         1641         1696      0.90740 
  133      1.00000         1663         1628      0.89578 
  134      0.00000         1684         1545      0.88634 
  135     -1.00000         1649         1425      0.87183 
  136     -2.00000         1615         1312      0.85343 
  137     -3.00000         1540         1161      0.81377 
  138     -4.00000         1481         1102      0.80527 
  139     -5.00000         1417         1043      0.80000 
  140     -6.00000         1338          973      0.79360 
  141     -7.00000         1273          929      0.78837 
  142     -8.00000         1190          869      0.77125 
  143     -9.00000         1137          810      0.76425 
  144    -10.00000         1071          765      0.76797 
  145    -11.00000          952          708      0.78072 
  146    -12.00000          854          682      0.79948 
  147    -13.00000          789          655      0.81440 
  148    -14.00000          751          627      0.82003 
  149    -15.00000          710          594      0.82669 
  150    -16.00000          626          532      0.82902 
  151    -17.00000          540          475      0.83744 
  152    -18.00000          462          413      0.82514 
  153    -19.00000          419          384      0.81196 
  154    -20.00000          367          352      0.80668 
  155    -21.00000          299          304      0.80265 
  156    -22.00000          211          248      0.71460 
  157    -23.00000          126          221      0.62824 
  158    -24.00000           89          236      0.45538 
  159    -25.00000           58          250      0.29870 
  160    -26.00000           20          244      0.12879 
  161    -27.00000            5          237      0.00826 
  162    -28.00000           64          288      0.36364 
  163    -29.00000          176          370      0.64469 
  164    -30.00000          280          458      0.75881 
  165    -31.00000          360          520      0.81818 
  166    -32.00000          425          571      0.85341 
  167    -33.00000          484          610      0.88483 
  168    -34.00000          502          614      0.89964 
  169    -35.00000          529          627      0.91522 
  170    -36.00000          518          618      0.91197 
  171    -37.00000          508          608      0.91039 
  172    -38.00000          478          577      0.90616 
  173    -39.00000          433          532      0.89741 
  174    -40.00000          394          489      0.89241 
  175    -41.00000          343          430      0.88745 
  176    -42.00000          297          380      0.87740 
  177    -43.00000          225          300      0.85714 
  178    -44.00000          161          227      0.82990 
  179    -45.00000           93          146      0.77824 
  180    -46.00000           37           63      0.74000 
  181    -47.00000            5            9      0.71429 
  182    -48.00000            0            0      0.00000 
  183    -49.00000            0            0      0.00000 
  184    -50.00000            0            0      0.00000 
  185    -51.00000            0            0      0.00000 
  186    -52.00000            0            0      0.00000 
  187    -53.00000            0            0      0.00000 
  188    -54.00000            0            0      0.00000 
  189    -55.00000            0            0      0.00000 
  190    -56.00000            0            0      0.00000 
  191    -57.00000            0            0      0.00000 
  192    -58.00000            0            0      0.00000 
  193    -59.00000            0            0      0.00000 
  194    -60.00000            0            0      0.00000 
  195    -61.00000            0            0      0.00000 
  196    -62.00000            0            0      0.00000 
  197    -63.00000            0            0      0.00000 
  198    -64.00000            0            0      0.00000 
  199    -65.00000            0            0      0.00000 
  200    -66.00000            0            0      0.00000 
  201    -67.00000            0            0      0.00000 
  202    -68.00000            0            0      0.00000 
  203    -69.00000            0            0      0.00000 
  204    -70.00000            0            0      0.00000 
  205    -71.00000            0            0      0.00000 
  206    -72.00000            0            0      0.00000 
  207    -73.00000            0            0      0.00000 
  208    -74.00000            0            0      0.00000 
  209    -75.00000            0            0      0.00000 
  210    -76.00000            0            0      0.00000 
  211    -77.00000            0            0      0.00000 
  212    -78.00000            0            0      0.00000 
  213    -79.00000            0            0      0.00000 
  214    -80.00000            0            0      0.00000 
  215    -81.00000            0            0      0.00000 
  216    -82.00000            0            0      0.00000 
  217    -83.00000            0            0      0.00000 
  218    -84.00000            0            0      0.00000 
  219    -85.00000            0            0      0.00000 
  220    -86.00000            0            0      0.00000 
  221    -87.00000            0            0      0.00000 
  222    -88.00000            0            0      0.00000 
  223    -89.00000            0            0      0.00000 
  224    -90.00000            0            0      0.00000 
  225    -91.00000            0            0      0.00000 
  226    -92.00000            0            0      0.00000 
  227    -93.00000            0            0      0.00000 
  228    -94.00000            0            0      0.00000 
  229    -95.00000            0            0      0.00000 
  230    -96.00000            0            0      0.00000 
  231    -97.00000            0            0      0.00000 
  232    -98.00000            0            0      0.00000 
