# 3dSliceNDice -insetA 6m_1min_m1_binary+orig -insetB 6m_3min_m1_binary+orig -prefix 6m_1min_3min_m1
    0    134.00000            0            0      0.00000 
    1    133.00000            0            0      0.00000 
    2    132.00000            0            0      0.00000 
    3    131.00000            0            0      0.00000 
    4    130.00000            0            0      0.00000 
    5    129.00000            0            0      0.00000 
    6    128.00000            0            0      0.00000 
    7    127.00000            0            0      0.00000 
    8    126.00000            0            0      0.00000 
    9    125.00000            0            0      0.00000 
   10    124.00000            0            0      0.00000 
   11    123.00000            0            0      0.00000 
   12    122.00000            0            0      0.00000 
   13    121.00000            0            0      0.00000 
   14    120.00000            0            0      0.00000 
   15    119.00000            0            0      0.00000 
   16    118.00000            0            0      0.00000 
   17    117.00000            0            0      0.00000 
   18    116.00000            0            0      0.00000 
   19    115.00000            0            0      0.00000 
   20    114.00000            0            0      0.00000 
   21    113.00000            0            0      0.00000 
   22    112.00000            0            0      0.00000 
   23    111.00000            0            0      0.00000 
   24    110.00000            0            0      0.00000 
   25    109.00000            0            0      0.00000 
   26    108.00000            0            0      0.00000 
   27    107.00000            0            0      0.00000 
   28    106.00000            0            0      0.00000 
   29    105.00000            0            0      0.00000 
   30    104.00000            0            0      0.00000 
   31    103.00000            0            0      0.00000 
   32    102.00000            0            0      0.00000 
   33    101.00000            0            0      0.00000 
   34    100.00000            0            0      0.00000 
   35     99.00000            0            0      0.00000 
   36     98.00000            0            0      0.00000 
   37     97.00000            0            0      0.00000 
   38     96.00000            0            0      0.00000 
   39     95.00000            0            0      0.00000 
   40     94.00000            0            0      0.00000 
   41     93.00000            0            0      0.00000 
   42     92.00000            0            0      0.00000 
   43     91.00000            0            0      0.00000 
   44     90.00000            0            0      0.00000 
   45     89.00000            0            0      0.00000 
   46     88.00000            0            0      0.00000 
   47     87.00000            0            0      0.00000 
   48     86.00000            0            0      0.00000 
   49     85.00000            0            0      0.00000 
   50     84.00000           10            6      0.75000 
   51     83.00000          161          136      0.88889 
   52     82.00000          337          284      0.87923 
   53     81.00000          501          433      0.86938 
   54     80.00000          687          594      0.85558 
   55     79.00000          838          731      0.84767 
   56     78.00000          969          855      0.83443 
   57     77.00000         1071          966      0.82769 
   58     76.00000         1167         1077      0.83957 
   59     75.00000         1265         1190      0.85621 
   60     74.00000         1336         1281      0.87123 
   61     73.00000         1405         1368      0.88568 
   62     72.00000         1487         1446      0.89056 
   63     71.00000         1597         1511      0.88031 
   64     70.00000         1752         1648      0.87353 
   65     69.00000         1812         1686      0.86621 
   66     68.00000         1858         1705      0.87174 
   67     67.00000         1921         1727      0.87281 
   68     66.00000         2007         1787      0.86874 
   69     65.00000         2107         1864      0.86276 
   70     64.00000         2139         1883      0.85132 
   71     63.00000         2167         1906      0.84066 
   72     62.00000         2216         1904      0.81165 
   73     61.00000         2329         1936      0.77186 
   74     60.00000         2429         1949      0.73230 
   75     59.00000         2436         1887      0.69489 
   76     58.00000         2400         1801      0.65127 
   77     57.00000         2438         1919      0.69130 
   78     56.00000         2585         2145      0.75560 
   79     55.00000         2665         2284      0.79168 
   80     54.00000         2660         2389      0.82709 
   81     53.00000         2660         2491      0.85614 
   82     52.00000         2729         2647      0.87760 
   83     51.00000         2839         2740      0.88367 
   84     50.00000         2973         2866      0.88406 
   85     49.00000         3031         2874      0.87993 
   86     48.00000         3089         2862      0.87884 
   87     47.00000         3199         2936      0.90236 
   88     46.00000         3315         3080      0.91665 
   89     45.00000         3442         3191      0.93080 
   90     44.00000         3504         3229      0.93183 
   91     43.00000         3507         3212      0.93050 
   92     42.00000         3503         3183      0.93419 
   93     41.00000         3583         3189      0.92410 
   94     40.00000         3681         3245      0.91684 
   95     39.00000         3676         3213      0.90724 
   96     38.00000         3700         3214      0.89586 
   97     37.00000         3781         3339      0.88989 
   98     36.00000         3813         3409      0.88923 
   99     35.00000         3760         3395      0.88330 
  100     34.00000         3614         3316      0.87937 
  101     33.00000         3416         3237      0.87149 
  102     32.00000         3144         3160      0.85184 
  103     31.00000         3132         3135      0.85591 
  104     30.00000         3131         3120      0.85970 
  105     29.00000         3097         3066      0.86484 
  106     28.00000         3061         3031      0.86868 
  107     27.00000         2959         2948      0.87388 
  108     26.00000         2870         2877      0.87976 
  109     25.00000         2756         2805      0.88869 
  110     24.00000         2577         2683      0.89582 
  111     23.00000         2403         2573      0.90675 
  112     22.00000         2236         2445      0.91433 
  113     21.00000         2085         2288      0.91470 
  114     20.00000         1906         2096      0.91454 
  115     19.00000         1695         1850      0.91284 
  116     18.00000         1472         1583      0.91260 
  117     17.00000         1228         1285      0.91763 
  118     16.00000         1134         1183      0.91498 
  119     15.00000         1030         1075      0.91211 
  120     14.00000          909          944      0.90556 
  121     13.00000          733          745      0.88498 
  122     12.00000          515          461      0.94467 
  123     11.00000          466          419      0.94689 
  124     10.00000          411          371      0.94885 
  125      9.00000          325          295      0.95161 
  126      8.00000          250          224      0.94515 
  127      7.00000           85           64      0.85906 
  128      6.00000           37           21      0.72414 
  129      5.00000           18            8      0.61538 
  130      4.00000            2            0      0.00000 
  131      3.00000            0            0      0.00000 
  132      2.00000            0            0      0.00000 
  133      1.00000            0            0      0.00000 
  134      0.00000            0            0      0.00000 
  135     -1.00000            0            0      0.00000 
  136     -2.00000            0            0      0.00000 
  137     -3.00000            0           96      0.00000 
  138     -4.00000            0          245      0.00000 
  139     -5.00000            0          369      0.00000 
  140     -6.00000            0          463      0.00000 
  141     -7.00000            0          547      0.00000 
  142     -8.00000            0          720      0.00000 
  143     -9.00000            0          911      0.00000 
  144    -10.00000            0         1069      0.00000 
  145    -11.00000            0         1165      0.00000 
  146    -12.00000            0         1243      0.00000 
  147    -13.00000            0         1315      0.00000 
  148    -14.00000            0         1333      0.00000 
  149    -15.00000            0         1385      0.00000 
  150    -16.00000            0         1389      0.00000 
  151    -17.00000            0         1391      0.00000 
  152    -18.00000            0         1414      0.00000 
  153    -19.00000            0         1424      0.00000 
  154    -20.00000            0         1439      0.00000 
  155    -21.00000            0         1399      0.00000 
  156    -22.00000            0         1393      0.00000 
  157    -23.00000           32         1333      0.04689 
  158    -24.00000           88         1270      0.12224 
  159    -25.00000          140         1186      0.19457 
  160    -26.00000          180         1052      0.26299 
  161    -27.00000          216          854      0.36075 
  162    -28.00000          316          816      0.45230 
  163    -29.00000          414          968      0.47612 
  164    -30.00000          504         1091      0.49781 
  165    -31.00000          562         1171      0.51125 
  166    -32.00000          612         1245      0.52666 
  167    -33.00000          726         1321      0.57938 
  168    -34.00000          828         1405      0.63771 
  169    -35.00000          918         1472      0.67197 
  170    -36.00000          949         1478      0.69304 
  171    -37.00000          976         1484      0.70732 
  172    -38.00000          973         1468      0.71446 
  173    -39.00000          975         1437      0.72554 
  174    -40.00000          977         1410      0.73649 
  175    -41.00000          923         1355      0.74012 
  176    -42.00000          877         1284      0.75058 
  177    -43.00000          835         1203      0.77429 
  178    -44.00000          809         1159      0.78963 
  179    -45.00000          786         1108      0.81098 
  180    -46.00000          749         1013      0.83541 
  181    -47.00000          744          952      0.86203 
  182    -48.00000          713          841      0.90090 
  183    -49.00000          663          731      0.94118 
  184    -50.00000          593          618      0.97936 
  185    -51.00000          528          529      0.98770 
  186    -52.00000          468          469      0.97332 
  187    -53.00000          382          386      0.95573 
  188    -54.00000          281          289      0.93684 
  189    -55.00000          213          224      0.91076 
  190    -56.00000          141          156      0.88215 
  191    -57.00000           84          105      0.84656 
  192    -58.00000           12           35      0.51064 
  193    -59.00000            0            0      0.00000 
  194    -60.00000            0            0      0.00000 
  195    -61.00000            0            0      0.00000 
  196    -62.00000            0            0      0.00000 
  197    -63.00000            0            0      0.00000 
  198    -64.00000            0            0      0.00000 
  199    -65.00000            0            0      0.00000 
  200    -66.00000            0            0      0.00000 
  201    -67.00000            0            0      0.00000 
  202    -68.00000            0            0      0.00000 
  203    -69.00000            0            0      0.00000 
  204    -70.00000            0            0      0.00000 
  205    -71.00000            0            0      0.00000 
  206    -72.00000            0            0      0.00000 
  207    -73.00000            0            0      0.00000 
  208    -74.00000            0            0      0.00000 
  209    -75.00000            0            0      0.00000 
  210    -76.00000            0            0      0.00000 
  211    -77.00000            0            0      0.00000 
  212    -78.00000            0            0      0.00000 
  213    -79.00000            0            0      0.00000 
  214    -80.00000            0            0      0.00000 
  215    -81.00000            0            0      0.00000 
  216    -82.00000            0            0      0.00000 
  217    -83.00000            0            0      0.00000 
  218    -84.00000            0            0      0.00000 
  219    -85.00000            0            0      0.00000 
  220    -86.00000            0            0      0.00000 
  221    -87.00000            0            0      0.00000 
  222    -88.00000            0            0      0.00000 
  223    -89.00000            0            0      0.00000 
  224    -90.00000            0            0      0.00000 
  225    -91.00000            0            0      0.00000 
  226    -92.00000            0            0      0.00000 
  227    -93.00000            0            0      0.00000 
  228    -94.00000            0            0      0.00000 
  229    -95.00000            0            0      0.00000 
  230    -96.00000            0            0      0.00000 
  231    -97.00000            0            0      0.00000 
  232    -98.00000            0            0      0.00000 
