# 3dSliceNDice -insetA 6m_1min_m2_binary+orig -insetB 6m_3min_m2_binary+orig -prefix 6m_1min_3min_m2
    0    134.00000            0            0      0.00000 
    1    133.00000            0            0      0.00000 
    2    132.00000            0            0      0.00000 
    3    131.00000            0            0      0.00000 
    4    130.00000            0            0      0.00000 
    5    129.00000            0            0      0.00000 
    6    128.00000            0            0      0.00000 
    7    127.00000            0            0      0.00000 
    8    126.00000            0            0      0.00000 
    9    125.00000            0            0      0.00000 
   10    124.00000            0            0      0.00000 
   11    123.00000            0            0      0.00000 
   12    122.00000            0            0      0.00000 
   13    121.00000            0            0      0.00000 
   14    120.00000            0            0      0.00000 
   15    119.00000            0            0      0.00000 
   16    118.00000            0            0      0.00000 
   17    117.00000            0            0      0.00000 
   18    116.00000            0            0      0.00000 
   19    115.00000            0            0      0.00000 
   20    114.00000            0            0      0.00000 
   21    113.00000            0            0      0.00000 
   22    112.00000            0            0      0.00000 
   23    111.00000            0            0      0.00000 
   24    110.00000            0            0      0.00000 
   25    109.00000            0            0      0.00000 
   26    108.00000            0            0      0.00000 
   27    107.00000            0            0      0.00000 
   28    106.00000            0            0      0.00000 
   29    105.00000            0            0      0.00000 
   30    104.00000            0            0      0.00000 
   31    103.00000            0            0      0.00000 
   32    102.00000            0            0      0.00000 
   33    101.00000            0            0      0.00000 
   34    100.00000            0            0      0.00000 
   35     99.00000            0            0      0.00000 
   36     98.00000            0            0      0.00000 
   37     97.00000            0            0      0.00000 
   38     96.00000            0            0      0.00000 
   39     95.00000            0            0      0.00000 
   40     94.00000            0            0      0.00000 
   41     93.00000            0            0      0.00000 
   42     92.00000            0            0      0.00000 
   43     91.00000            0            0      0.00000 
   44     90.00000            0            0      0.00000 
   45     89.00000            0            0      0.00000 
   46     88.00000            0            0      0.00000 
   47     87.00000            0            0      0.00000 
   48     86.00000            0            0      0.00000 
   49     85.00000            0            0      0.00000 
   50     84.00000            0            0      0.00000 
   51     83.00000            0            0      0.00000 
   52     82.00000            0            0      0.00000 
   53     81.00000            0            0      0.00000 
   54     80.00000            0            0      0.00000 
   55     79.00000            0            0      0.00000 
   56     78.00000            0            0      0.00000 
   57     77.00000            0            0      0.00000 
   58     76.00000            0            0      0.00000 
   59     75.00000            0            0      0.00000 
   60     74.00000            0            0      0.00000 
   61     73.00000            0            0      0.00000 
   62     72.00000            0            0      0.00000 
   63     71.00000            0            0      0.00000 
   64     70.00000            0            0      0.00000 
   65     69.00000            0            0      0.00000 
   66     68.00000            0            0      0.00000 
   67     67.00000            0            0      0.00000 
   68     66.00000            6            0      0.00000 
   69     65.00000           36            0      0.00000 
   70     64.00000           64            0      0.00000 
   71     63.00000           88            0      0.00000 
   72     62.00000          147           67      0.62617 
   73     61.00000          245          143      0.73711 
   74     60.00000          349          204      0.73779 
   75     59.00000          437          250      0.72780 
   76     58.00000          514          287      0.71660 
   77     57.00000          719          473      0.78859 
   78     56.00000          894          703      0.87289 
   79     55.00000         1049          867      0.89666 
   80     54.00000         1178         1006      0.90934 
   81     53.00000         1293         1130      0.91870 
   82     52.00000         1426         1325      0.91167 
   83     51.00000         1566         1541      0.91407 
   84     50.00000         1718         1720      0.92263 
   85     49.00000         1854         1867      0.93093 
   86     48.00000         1976         2007      0.93497 
   87     47.00000         2128         2184      0.93182 
   88     46.00000         2243         2352      0.92448 
   89     45.00000         2377         2509      0.92182 
   90     44.00000         2482         2629      0.92037 
   91     43.00000         2562         2735      0.91788 
   92     42.00000         2617         2829      0.91627 
   93     41.00000         2670         2905      0.91695 
   94     40.00000         2747         3035      0.91768 
   95     39.00000         2779         3110      0.91764 
   96     38.00000         2832         3186      0.91592 
   97     37.00000         2852         3232      0.91321 
   98     36.00000         2835         3237      0.91337 
   99     35.00000         2849         3254      0.91201 
  100     34.00000         2831         3238      0.90756 
  101     33.00000         2850         3258      0.90668 
  102     32.00000         2841         3236      0.90801 
  103     31.00000         2813         3185      0.90697 
  104     30.00000         2777         3133      0.91066 
  105     29.00000         2712         3028      0.91568 
  106     28.00000         2627         2911      0.91874 
  107     27.00000         2502         2747      0.92399 
  108     26.00000         2384         2589      0.92902 
  109     25.00000         2245         2419      0.93310 
  110     24.00000         2048         2189      0.93982 
  111     23.00000         1829         1938      0.94717 
  112     22.00000         1639         1773      0.94725 
  113     21.00000         1535         1717      0.93173 
  114     20.00000         1418         1645      0.91087 
  115     19.00000         1310         1586      0.88743 
  116     18.00000         1224         1553      0.86352 
  117     17.00000         1170         1610      0.81655 
  118     16.00000         1120         1668      0.77260 
  119     15.00000         1077         1724      0.72688 
  120     14.00000         1046         1744      0.69534 
  121     13.00000         1013         1763      0.66499 
  122     12.00000          972         1782      0.65069 
  123     11.00000          928         1751      0.64203 
  124     10.00000          879         1736      0.63098 
  125      9.00000          785         1637      0.62097 
  126      8.00000          700         1556      0.59929 
  127      7.00000          510         1361      0.53020 
  128      6.00000          434         1265      0.50029 
  129      5.00000          364         1155      0.47531 
  130      4.00000          273          994      0.43094 
  131      3.00000          174          834      0.34524 
  132      2.00000          118          646      0.30890 
  133      1.00000           96          538      0.30284 
  134      0.00000           73          424      0.29376 
  135     -1.00000           41          282      0.25387 
  136     -2.00000           10          119      0.15504 
  137     -3.00000            0            0      0.00000 
  138     -4.00000            0            0      0.00000 
  139     -5.00000            0            0      0.00000 
  140     -6.00000            0            0      0.00000 
  141     -7.00000            0            0      0.00000 
  142     -8.00000            0            0      0.00000 
  143     -9.00000            0            0      0.00000 
  144    -10.00000            0            0      0.00000 
  145    -11.00000            0            0      0.00000 
  146    -12.00000            0            0      0.00000 
  147    -13.00000            0            0      0.00000 
  148    -14.00000            0            0      0.00000 
  149    -15.00000            0            0      0.00000 
  150    -16.00000            0            0      0.00000 
  151    -17.00000            0            0      0.00000 
  152    -18.00000            0            0      0.00000 
  153    -19.00000            0            0      0.00000 
  154    -20.00000            0            0      0.00000 
  155    -21.00000            0            0      0.00000 
  156    -22.00000            0            0      0.00000 
  157    -23.00000            0            0      0.00000 
  158    -24.00000            0            0      0.00000 
  159    -25.00000            0            0      0.00000 
  160    -26.00000            0            0      0.00000 
  161    -27.00000            0            0      0.00000 
  162    -28.00000            0            0      0.00000 
  163    -29.00000            0            0      0.00000 
  164    -30.00000            0            0      0.00000 
  165    -31.00000            0            0      0.00000 
  166    -32.00000            0            0      0.00000 
  167    -33.00000            0            0      0.00000 
  168    -34.00000            0            0      0.00000 
  169    -35.00000            0            0      0.00000 
  170    -36.00000            0            0      0.00000 
  171    -37.00000            0            0      0.00000 
  172    -38.00000            0            0      0.00000 
  173    -39.00000            0            0      0.00000 
  174    -40.00000            0            0      0.00000 
  175    -41.00000            0            0      0.00000 
  176    -42.00000            0            0      0.00000 
  177    -43.00000            0            0      0.00000 
  178    -44.00000            0            0      0.00000 
  179    -45.00000            0            0      0.00000 
  180    -46.00000            0            0      0.00000 
  181    -47.00000            0            0      0.00000 
  182    -48.00000            0            0      0.00000 
  183    -49.00000            0            0      0.00000 
  184    -50.00000            0            0      0.00000 
  185    -51.00000            0            0      0.00000 
  186    -52.00000            0            0      0.00000 
  187    -53.00000            0            0      0.00000 
  188    -54.00000            0            0      0.00000 
  189    -55.00000            0            0      0.00000 
  190    -56.00000            0            0      0.00000 
  191    -57.00000            0            0      0.00000 
  192    -58.00000            0            0      0.00000 
  193    -59.00000            0            0      0.00000 
  194    -60.00000            0            0      0.00000 
  195    -61.00000            0            0      0.00000 
  196    -62.00000            0            0      0.00000 
  197    -63.00000            0            0      0.00000 
  198    -64.00000            0            0      0.00000 
  199    -65.00000            0            0      0.00000 
  200    -66.00000            0            0      0.00000 
  201    -67.00000            0            0      0.00000 
  202    -68.00000            0            0      0.00000 
  203    -69.00000            0            0      0.00000 
  204    -70.00000            0            0      0.00000 
  205    -71.00000            0            0      0.00000 
  206    -72.00000            0            0      0.00000 
  207    -73.00000            0            0      0.00000 
  208    -74.00000            0            0      0.00000 
  209    -75.00000            0            0      0.00000 
  210    -76.00000            0            0      0.00000 
  211    -77.00000            0            0      0.00000 
  212    -78.00000            0            0      0.00000 
  213    -79.00000            0            0      0.00000 
  214    -80.00000            0            0      0.00000 
  215    -81.00000            0            0      0.00000 
  216    -82.00000            0            0      0.00000 
  217    -83.00000            0            0      0.00000 
  218    -84.00000            0            0      0.00000 
  219    -85.00000            0            0      0.00000 
  220    -86.00000            0            0      0.00000 
  221    -87.00000            0            0      0.00000 
  222    -88.00000            0            0      0.00000 
  223    -89.00000            0            0      0.00000 
  224    -90.00000            0            0      0.00000 
  225    -91.00000            0            0      0.00000 
  226    -92.00000            0            0      0.00000 
  227    -93.00000            0            0      0.00000 
  228    -94.00000            0            0      0.00000 
  229    -95.00000            0            0      0.00000 
  230    -96.00000            0            0      0.00000 
  231    -97.00000            0            0      0.00000 
  232    -98.00000            0            0      0.00000 
