# 3dSliceNDice -insetA 6m_1min_m3_binary+orig -insetB 6m_3min_m3_binary+orig -prefix 6m_1min_3min_m3
    0    -72.00000            0            0      0.00000 
    1    -71.00000            0            0      0.00000 
    2    -70.00000            0            0      0.00000 
    3    -69.00000            0            0      0.00000 
    4    -68.00000            0            0      0.00000 
    5    -67.00000            0            0      0.00000 
    6    -66.00000            0            0      0.00000 
    7    -65.00000            0            0      0.00000 
    8    -64.00000            0            0      0.00000 
    9    -63.00000            0            0      0.00000 
   10    -62.00000            0            0      0.00000 
   11    -61.00000            0            0      0.00000 
   12    -60.00000            0            0      0.00000 
   13    -59.00000            0            0      0.00000 
   14    -58.00000            0            0      0.00000 
   15    -57.00000            0            0      0.00000 
   16    -56.00000            0            0      0.00000 
   17    -55.00000            0            0      0.00000 
   18    -54.00000            0            0      0.00000 
   19    -53.00000            0            0      0.00000 
   20    -52.00000            0            0      0.00000 
   21    -51.00000            0            0      0.00000 
   22    -50.00000            0            0      0.00000 
   23    -49.00000            0            0      0.00000 
   24    -48.00000            0            0      0.00000 
   25    -47.00000            0            0      0.00000 
   26    -46.00000            0            0      0.00000 
   27    -45.00000            0            0      0.00000 
   28    -44.00000            0            0      0.00000 
   29    -43.00000            0            0      0.00000 
   30    -42.00000            0            0      0.00000 
   31    -41.00000           15            0      0.00000 
   32    -40.00000           40            0      0.00000 
   33    -39.00000           59            0      0.00000 
   34    -38.00000           88            0      0.00000 
   35    -37.00000          137           12      0.00000 
   36    -36.00000          219           66      0.00000 
   37    -35.00000          290          110      0.00000 
   38    -34.00000          362          161      0.00000 
   39    -33.00000          425          209      0.00000 
   40    -32.00000          796          458      0.37321 
   41    -31.00000         1085          690      0.48000 
   42    -30.00000         1292          865      0.52295 
   43    -29.00000         1453          995      0.54739 
   44    -28.00000         1578         1096      0.55946 
   45    -27.00000         1950         1505      0.62287 
   46    -26.00000         2318         1911      0.68054 
   47    -25.00000         2687         2236      0.72232 
   48    -24.00000         2934         2460      0.74416 
   49    -23.00000         3134         2659      0.76023 
   50    -22.00000         3864         3800      0.89744 
   51    -21.00000         4153         4307      0.92719 
   52    -20.00000         4374         4603      0.93261 
   53    -19.00000         4509         4802      0.93266 
   54    -18.00000         4602         4984      0.92552 
   55    -17.00000         4884         5196      0.90655 
   56    -16.00000         5121         5419      0.90361 
   57    -15.00000         5303         5627      0.90320 
   58    -14.00000         5401         5730      0.90073 
   59    -13.00000         5372         5748      0.89964 
   60    -12.00000         5242         5683      0.89831 
   61    -11.00000         5162         5610      0.90048 
   62    -10.00000         5091         5544      0.90155 
   63     -9.00000         4934         5362      0.90229 
   64     -8.00000         4741         5119      0.90365 
   65     -7.00000         4542         4786      0.91338 
   66     -6.00000         4443         4661      0.91476 
   67     -5.00000         4322         4508      0.91755 
   68     -4.00000         4142         4274      0.92015 
   69     -3.00000         3962         4036      0.92273 
   70     -2.00000         3740         3824      0.91618 
   71     -1.00000         3605         3691      0.91228 
   72      0.00000         3433         3527      0.90805 
   73      1.00000         3171         3279      0.90326 
   74      2.00000         2910         2996      0.89638 
   75      3.00000         2730         2720      0.86495 
   76      4.00000         2744         2676      0.85498 
   77      5.00000         2682         2558      0.84809 
   78      6.00000         2492         2315      0.83878 
   79      7.00000         2077         1855      0.82350 
   80      8.00000          992          845      0.67937 
   81      9.00000         1074          952      0.69497 
   82     10.00000         1156         1033      0.70717 
   83     11.00000         1179         1059      0.71582 
   84     12.00000         1180         1060      0.73839 
   85     13.00000         1210         1143      0.74713 
   86     14.00000         1255         1223      0.74496 
   87     15.00000         1306         1292      0.75674 
   88     16.00000         1340         1343      0.77749 
   89     17.00000         1373         1379      0.79724 
   90     18.00000         1615         1495      0.79228 
   91     19.00000         1790         1616      0.80740 
   92     20.00000         1911         1722      0.82852 
   93     21.00000         1926         1763      0.83763 
   94     22.00000         1910         1803      0.83975 
   95     23.00000         1869         1821      0.84065 
   96     24.00000         1833         1801      0.85581 
   97     25.00000         1796         1794      0.87354 
   98     26.00000         1738         1729      0.89126 
   99     27.00000         1671         1637      0.90629 
  100     28.00000         1600         1545      0.91383 
  101     29.00000         1533         1486      0.91421 
  102     30.00000         1470         1427      0.91612 
  103     31.00000         1410         1375      0.90485 
  104     32.00000         1362         1343      0.89686 
  105     33.00000         1276         1277      0.87975 
  106     34.00000         1188         1212      0.86500 
  107     35.00000         1100         1142      0.84567 
  108     36.00000         1013         1080      0.83039 
  109     37.00000          943         1045      0.82897 
  110     38.00000          850          982      0.81659 
  111     39.00000          762          918      0.80357 
  112     40.00000          665          840      0.77342 
  113     41.00000          593          759      0.74852 
  114     42.00000          538          669      0.71914 
  115     43.00000          463          583      0.73614 
  116     44.00000          396          525      0.76439 
  117     45.00000          334          468      0.80549 
  118     46.00000          272          398      0.81194 
  119     47.00000          223          330      0.80651 
  120     48.00000          170          261      0.78886 
  121     49.00000          114          196      0.73548 
  122     50.00000           73          146      0.66667 
  123     51.00000           31           98      0.48062 
  124     52.00000            2           55      0.07018 
  125     53.00000            0           21      0.00000 
  126     54.00000            0            2      0.00000 
  127     55.00000            0            0      0.00000 
  128     56.00000            0            0      0.00000 
  129     57.00000            0            0      0.00000 
  130     58.00000            0            0      0.00000 
  131     59.00000            0            0      0.00000 
  132     60.00000            0            0      0.00000 
  133     61.00000            0            0      0.00000 
  134     62.00000            0            0      0.00000 
  135     63.00000            0            0      0.00000 
  136     64.00000            0            0      0.00000 
  137     65.00000            0            0      0.00000 
  138     66.00000            0            0      0.00000 
  139     67.00000            0            0      0.00000 
  140     68.00000            0            0      0.00000 
  141     69.00000            0            0      0.00000 
  142     70.00000            0            0      0.00000 
  143     71.00000            0            0      0.00000 
  144     72.00000            0            0      0.00000 
  145     73.00000            0            0      0.00000 
  146     74.00000            0            0      0.00000 
  147     75.00000            0            0      0.00000 
  148     76.00000            0            0      0.00000 
  149     77.00000            0            0      0.00000 
  150     78.00000            0            0      0.00000 
  151     79.00000            0            0      0.00000 
  152     80.00000            0            0      0.00000 
  153     81.00000            0            0      0.00000 
  154     82.00000            0            0      0.00000 
  155     83.00000            0            0      0.00000 
  156     84.00000            0            0      0.00000 
  157     85.00000            0            0      0.00000 
  158     86.00000            0            0      0.00000 
