# 3dSliceNDice -insetA 6m_1min_m1_binary+orig -insetB 6m_4min_m1_binary+orig -prefix 6m_1min_4min_m1
    0    -72.00000            0            0      0.00000 
    1    -71.00000            0            0      0.00000 
    2    -70.00000            0            0      0.00000 
    3    -69.00000            0            0      0.00000 
    4    -68.00000            0            0      0.00000 
    5    -67.00000            0            0      0.00000 
    6    -66.00000            0            0      0.00000 
    7    -65.00000            0            0      0.00000 
    8    -64.00000            0            0      0.00000 
    9    -63.00000            0            0      0.00000 
   10    -62.00000            0            0      0.00000 
   11    -61.00000            0            0      0.00000 
   12    -60.00000            0            0      0.00000 
   13    -59.00000            0            0      0.00000 
   14    -58.00000            0            0      0.00000 
   15    -57.00000            0            0      0.00000 
   16    -56.00000            0            0      0.00000 
   17    -55.00000            0            0      0.00000 
   18    -54.00000            0            0      0.00000 
   19    -53.00000            0            0      0.00000 
   20    -52.00000            0            0      0.00000 
   21    -51.00000            1            1      1.00000 
   22    -50.00000          273          273      1.00000 
   23    -49.00000          612          612      1.00000 
   24    -48.00000         1076         1079      0.99861 
   25    -47.00000         1332         1337      0.99813 
   26    -46.00000         1601         1598      0.99406 
   27    -45.00000         1831         1773      0.97891 
   28    -44.00000         1971         1846      0.96254 
   29    -43.00000         2138         1947      0.95031 
   30    -42.00000         2239         2009      0.94256 
   31    -41.00000         2310         2067      0.93854 
   32    -40.00000         2369         2114      0.93464 
   33    -39.00000         2418         2154      0.93395 
   34    -38.00000         2446         2173      0.92921 
   35    -37.00000         2401         2137      0.92904 
   36    -36.00000         2379         2122      0.92957 
   37    -35.00000         2332         2082      0.93430 
   38    -34.00000         2254         2029      0.94000 
   39    -33.00000         2170         2013      0.95099 
   40    -32.00000         2223         2379      0.90265 
   41    -31.00000         2360         2668      0.87868 
   42    -30.00000         2443         2818      0.86676 
   43    -29.00000         2522         2926      0.85573 
   44    -28.00000         2607         3009      0.83832 
   45    -27.00000         2705         3062      0.83336 
   46    -26.00000         2748         3086      0.83682 
   47    -25.00000         2804         3126      0.83980 
   48    -24.00000         2766         3065      0.83794 
   49    -23.00000         2701         2956      0.82729 
   50    -22.00000         2635         2883      0.81298 
   51    -21.00000         2689         3007      0.80899 
   52    -20.00000         2710         3060      0.80867 
   53    -19.00000         2660         2993      0.80701 
   54    -18.00000         2580         2854      0.79683 
   55    -17.00000         2494         2615      0.74887 
   56    -16.00000         2429         2619      0.74485 
   57    -15.00000         2346         2647      0.73703 
   58    -14.00000         2190         2632      0.72791 
   59    -13.00000         1961         2527      0.74376 
   60    -12.00000         1721         2524      0.78351 
   61    -11.00000         1835         2672      0.76858 
   62    -10.00000         1918         2775      0.75858 
   63     -9.00000         1949         2815      0.75147 
   64     -8.00000         1929         2823      0.73906 
   65     -7.00000         1902         2941      0.72641 
   66     -6.00000         1939         3121      0.73083 
   67     -5.00000         1996         3278      0.73151 
   68     -4.00000         2041         3342      0.72636 
   69     -3.00000         2077         3369      0.72273 
   70     -2.00000         2134         3453      0.70234 
   71     -1.00000         2181         3539      0.68392 
   72      0.00000         2219         3643      0.66428 
   73      1.00000         2183         3645      0.64791 
   74      2.00000         2167         3647      0.63571 
   75      3.00000         2095         3609      0.62798 
   76      4.00000         2014         3568      0.62594 
   77      5.00000         1931         3516      0.62126 
   78      6.00000         1805         3333      0.61775 
   79      7.00000         1671         3142      0.61043 
   80      8.00000         1564         2957      0.60783 
   81      9.00000         1542         2870      0.59429 
   82     10.00000         1495         2764      0.57713 
   83     11.00000         1405         2574      0.56145 
   84     12.00000         1270         2325      0.54131 
   85     13.00000         1200         1942      0.57288 
   86     14.00000         1304         1886      0.61442 
   87     15.00000         1381         1829      0.62555 
   88     16.00000         1376         1679      0.62782 
   89     17.00000         1383         1548      0.62231 
   90     18.00000         1696         1602      0.65434 
   91     19.00000         1996         1688      0.68350 
   92     20.00000         2188         1696      0.70649 
   93     21.00000         2276         1635      0.71235 
   94     22.00000         2301         1492      0.69918 
   95     23.00000         2324         1345      0.68138 
   96     24.00000         2341         1375      0.68622 
   97     25.00000         2375         1406      0.69294 
   98     26.00000         2322         1400      0.70177 
   99     27.00000         2263         1396      0.71604 
  100     28.00000         2141         1374      0.73514 
  101     29.00000         2011         1318      0.75218 
  102     30.00000         1885         1290      0.77795 
  103     31.00000         1704         1242      0.81399 
  104     32.00000         1565         1219      0.84483 
  105     33.00000         1477         1195      0.86377 
  106     34.00000         1462         1180      0.86147 
  107     35.00000         1419         1157      0.86957 
  108     36.00000         1340         1150      0.88755 
  109     37.00000         1263         1139      0.89675 
  110     38.00000         1243         1143      0.89438 
  111     39.00000         1195         1109      0.88542 
  112     40.00000         1144         1074      0.87647 
  113     41.00000         1052         1002      0.86465 
  114     42.00000          934          938      0.85043 
  115     43.00000          830          834      0.86178 
  116     44.00000          738          740      0.87957 
  117     45.00000          672          656      0.88102 
  118     46.00000          608          564      0.89249 
  119     47.00000          558          481      0.90664 
  120     48.00000          489          429      0.91285 
  121     49.00000          402          363      0.91503 
  122     50.00000          302          288      0.91864 
  123     51.00000          208          213      0.93587 
  124     52.00000          155          164      0.97179 
  125     53.00000          109          110      0.99543 
  126     54.00000           57           57      1.00000 
  127     55.00000           23           23      1.00000 
  128     56.00000            0            0      0.00000 
  129     57.00000            0            0      0.00000 
  130     58.00000            0            0      0.00000 
  131     59.00000            0            0      0.00000 
  132     60.00000            0            0      0.00000 
  133     61.00000            0            0      0.00000 
  134     62.00000            0            0      0.00000 
  135     63.00000            0            0      0.00000 
  136     64.00000            0            0      0.00000 
  137     65.00000            0            0      0.00000 
  138     66.00000            0            0      0.00000 
  139     67.00000            0            0      0.00000 
  140     68.00000            0            0      0.00000 
  141     69.00000            0            0      0.00000 
  142     70.00000            0            0      0.00000 
  143     71.00000            0            0      0.00000 
  144     72.00000            0            0      0.00000 
  145     73.00000            0            0      0.00000 
  146     74.00000            0            0      0.00000 
  147     75.00000            0            0      0.00000 
  148     76.00000            0            0      0.00000 
  149     77.00000            0            0      0.00000 
  150     78.00000            0            0      0.00000 
  151     79.00000            0            0      0.00000 
  152     80.00000            0            0      0.00000 
  153     81.00000            0            0      0.00000 
  154     82.00000            0            0      0.00000 
  155     83.00000            0            0      0.00000 
  156     84.00000            0            0      0.00000 
  157     85.00000            0            0      0.00000 
  158     86.00000            0            0      0.00000 
