# 3dSliceNDice -insetA 6m_1min_m3_binary+orig -insetB 6m_3min_m3_binary+orig -prefix 6m_1min_3min_m3
    0     96.00000            0            0      0.00000 
    1     95.00000            0            0      0.00000 
    2     94.00000            0            0      0.00000 
    3     93.00000            0            0      0.00000 
    4     92.00000            0            0      0.00000 
    5     91.00000            0            0      0.00000 
    6     90.00000            0            0      0.00000 
    7     89.00000            0            0      0.00000 
    8     88.00000            0            0      0.00000 
    9     87.00000            0            0      0.00000 
   10     86.00000            0            0      0.00000 
   11     85.00000            0            0      0.00000 
   12     84.00000            0            0      0.00000 
   13     83.00000            0            0      0.00000 
   14     82.00000            0            0      0.00000 
   15     81.00000            0            0      0.00000 
   16     80.00000            0            0      0.00000 
   17     79.00000            0            0      0.00000 
   18     78.00000            0            0      0.00000 
   19     77.00000            0            0      0.00000 
   20     76.00000            0            0      0.00000 
   21     75.00000            0            0      0.00000 
   22     74.00000            0            0      0.00000 
   23     73.00000            0            0      0.00000 
   24     72.00000            0            0      0.00000 
   25     71.00000            0            0      0.00000 
   26     70.00000            0            0      0.00000 
   27     69.00000            0            0      0.00000 
   28     68.00000            0            0      0.00000 
   29     67.00000            0            0      0.00000 
   30     66.00000            0            0      0.00000 
   31     65.00000            0            0      0.00000 
   32     64.00000            0            0      0.00000 
   33     63.00000            0            0      0.00000 
   34     62.00000            0            0      0.00000 
   35     61.00000            0            0      0.00000 
   36     60.00000            0            0      0.00000 
   37     59.00000            0            0      0.00000 
   38     58.00000            0            0      0.00000 
   39     57.00000            0            0      0.00000 
   40     56.00000            0            0      0.00000 
   41     55.00000            0            0      0.00000 
   42     54.00000            0            0      0.00000 
   43     53.00000            0            0      0.00000 
   44     52.00000            0            0      0.00000 
   45     51.00000            0            0      0.00000 
   46     50.00000            0            0      0.00000 
   47     49.00000            0            0      0.00000 
   48     48.00000            0            0      0.00000 
   49     47.00000           32           60      0.69565 
   50     46.00000           88          138      0.77876 
   51     45.00000          140          204      0.81395 
   52     44.00000          180          254      0.82949 
   53     43.00000          216          296      0.84375 
   54     42.00000          268          357      0.85440 
   55     41.00000          401          471      0.85092 
   56     40.00000          557          618      0.85447 
   57     39.00000          687          736      0.86156 
   58     38.00000          816          863      0.88029 
   59     37.00000          985         1023      0.89542 
   60     36.00000         1107         1158      0.89801 
   61     35.00000         1232         1284      0.90064 
   62     34.00000         1318         1390      0.89882 
   63     33.00000         1391         1476      0.90059 
   64     32.00000         1458         1561      0.90096 
   65     31.00000         1513         1616      0.91339 
   66     30.00000         1582         1687      0.92383 
   67     29.00000         1638         1712      0.92776 
   68     28.00000         1690         1746      0.92899 
   69     27.00000         1722         1744      0.92672 
   70     26.00000         1731         1718      0.92491 
   71     25.00000         1747         1709      0.92014 
   72     24.00000         1752         1647      0.90733 
   73     23.00000         1772         1582      0.88968 
   74     22.00000         1764         1568      0.86134 
   75     21.00000         1733         1602      0.85277 
   76     20.00000         1711         1650      0.85570 
   77     19.00000         1660         1667      0.85362 
   78     18.00000         1609         1674      0.85044 
   79     17.00000         1922         2089      0.86163 
   80     16.00000         2119         2364      0.85434 
   81     15.00000         2259         2554      0.84022 
   82     14.00000         2370         2713      0.83297 
   83     13.00000         2476         2850      0.82426 
   84     12.00000         2661         2984      0.83189 
   85     11.00000         2849         3040      0.84802 
   86     10.00000         3018         3140      0.86229 
   87      9.00000         3139         3215      0.87535 
   88      8.00000         3257         3276      0.88107 
   89      7.00000         3372         3326      0.88385 
   90      6.00000         3413         3332      0.88569 
   91      5.00000         3469         3340      0.88471 
   92      4.00000         3474         3335      0.88647 
   93      3.00000         3499         3330      0.88798 
   94      2.00000         3462         3283      0.89014 
   95      1.00000         3362         3191      0.89058 
   96      0.00000         3273         3119      0.89111 
   97     -1.00000         3270         3165      0.89542 
   98     -2.00000         3339         3286      0.89902 
   99     -3.00000         3345         3350      0.90097 
  100     -4.00000         3329         3377      0.90367 
  101     -5.00000         3290         3384      0.90530 
  102     -6.00000         3201         3316      0.90655 
  103     -7.00000         3076         3259      0.89787 
  104     -8.00000         2925         3148      0.88852 
  105     -9.00000         2842         3066      0.88727 
  106    -10.00000         2737         2970      0.88663 
  107    -11.00000         2581         2823      0.88490 
  108    -12.00000         2401         2603      0.88689 
  109    -13.00000         2140         2241      0.90299 
  110    -14.00000         2064         2177      0.90403 
  111    -15.00000         1973         2111      0.90451 
  112    -16.00000         1862         2016      0.90150 
  113    -17.00000         1763         1969      0.90890 
  114    -18.00000         1684         1961      0.90261 
  115    -19.00000         1706         1974      0.89348 
  116    -20.00000         1715         1942      0.88160 
  117    -21.00000         1687         1835      0.85974 
  118    -22.00000         1641         1701      0.83423 
  119    -23.00000         1592         1603      0.79875 
  120    -24.00000         1585         1601      0.79473 
  121    -25.00000         1583         1612      0.80000 
  122    -26.00000         1552         1569      0.79590 
  123    -27.00000         1545         1526      0.80625 
  124    -28.00000         1598         1494      0.79301 
  125    -29.00000         1646         1472      0.76716 
  126    -30.00000         1698         1477      0.75339 
  127    -31.00000         1662         1413      0.73691 
  128    -32.00000         1632         1386      0.71769 
  129    -33.00000         1777         1554      0.70309 
  130    -34.00000         1919         1725      0.70307 
  131    -35.00000         2014         1851      0.70530 
  132    -36.00000         1995         1872      0.69666 
  133    -37.00000         1929         1862      0.67106 
  134    -38.00000         1919         1871      0.68707 
  135    -39.00000         1960         1870      0.73159 
  136    -40.00000         1989         1865      0.77945 
  137    -41.00000         1952         1755      0.81683 
  138    -42.00000         1897         1657      0.85087 
  139    -43.00000         1836         1613      0.84836 
  140    -44.00000         1757         1558      0.84766 
  141    -45.00000         1674         1508      0.83784 
  142    -46.00000         1517         1404      0.81958 
  143    -47.00000         1349         1295      0.80106 
  144    -48.00000         1200         1160      0.78898 
  145    -49.00000         1099         1027      0.79304 
  146    -50.00000          998          890      0.79979 
  147    -51.00000          897          720      0.80148 
  148    -52.00000          813          584      0.80315 
  149    -53.00000          662          433      0.79087 
  150    -54.00000          531          333      0.77083 
  151    -55.00000          410          231      0.72075 
  152    -56.00000          273          144      0.69065 
  153    -57.00000          152           61      0.57277 
  154    -58.00000           38            4      0.19048 
  155    -59.00000            0            0      0.00000 
  156    -60.00000            0            0      0.00000 
  157    -61.00000            0            0      0.00000 
  158    -62.00000            0            0      0.00000 
  159    -63.00000            0            0      0.00000 
  160    -64.00000            0            0      0.00000 
  161    -65.00000            0            0      0.00000 
  162    -66.00000            0            0      0.00000 
  163    -67.00000            0            0      0.00000 
  164    -68.00000            0            0      0.00000 
  165    -69.00000            0            0      0.00000 
  166    -70.00000            0            0      0.00000 
  167    -71.00000            0            0      0.00000 
  168    -72.00000            0            0      0.00000 
  169    -73.00000            0            0      0.00000 
  170    -74.00000            0            0      0.00000 
  171    -75.00000            0            0      0.00000 
  172    -76.00000            0            0      0.00000 
  173    -77.00000            0            0      0.00000 
  174    -78.00000            0            0      0.00000 
  175    -79.00000            0            0      0.00000 
  176    -80.00000            0            0      0.00000 
  177    -81.00000            0            0      0.00000 
  178    -82.00000            0            0      0.00000 
  179    -83.00000            0            0      0.00000 
  180    -84.00000            0            0      0.00000 
  181    -85.00000            0            0      0.00000 
  182    -86.00000            0            0      0.00000 
  183    -87.00000            0            0      0.00000 
  184    -88.00000            0            0      0.00000 
  185    -89.00000            0            0      0.00000 
  186    -90.00000            0            0      0.00000 
  187    -91.00000            0            0      0.00000 
  188    -92.00000            0            0      0.00000 
  189    -93.00000            0            0      0.00000 
  190    -94.00000            0            0      0.00000 
  191    -95.00000            0            0      0.00000 
  192    -96.00000            0            0      0.00000 
  193    -97.00000            0            0      0.00000 
  194    -98.00000            0            0      0.00000 
