# 3dSliceNDice -insetA 6m_1min_m4_binary+orig -insetB 6m_3min_m4_binary+orig -prefix 6m_1min_3min_m4
    0    -72.00000            0            0      0.00000 
    1    -71.00000            0            0      0.00000 
    2    -70.00000            0            0      0.00000 
    3    -69.00000            0            0      0.00000 
    4    -68.00000            0            0      0.00000 
    5    -67.00000            0            0      0.00000 
    6    -66.00000            0            0      0.00000 
    7    -65.00000            0            0      0.00000 
    8    -64.00000            0            0      0.00000 
    9    -63.00000            0            0      0.00000 
   10    -62.00000            0            0      0.00000 
   11    -61.00000            0            0      0.00000 
   12    -60.00000            0            0      0.00000 
   13    -59.00000            0            0      0.00000 
   14    -58.00000            0            0      0.00000 
   15    -57.00000            0            0      0.00000 
   16    -56.00000            0            0      0.00000 
   17    -55.00000            0            0      0.00000 
   18    -54.00000            0            0      0.00000 
   19    -53.00000            0            0      0.00000 
   20    -52.00000            0            0      0.00000 
   21    -51.00000            1            0      0.00000 
   22    -50.00000          151            0      0.00000 
   23    -49.00000          348            0      0.00000 
   24    -48.00000          588            0      0.00000 
   25    -47.00000          725            0      0.00000 
   26    -46.00000          848            0      0.00000 
   27    -45.00000          956            0      0.00000 
   28    -44.00000          991            0      0.00000 
   29    -43.00000         1026            0      0.00000 
   30    -42.00000         1004            0      0.00000 
   31    -41.00000          983            0      0.00000 
   32    -40.00000          948            0      0.00000 
   33    -39.00000          895            0      0.00000 
   34    -38.00000          813            0      0.00000 
   35    -37.00000          719            8      0.00000 
   36    -36.00000          663           67      0.00000 
   37    -35.00000          593          121      0.00000 
   38    -34.00000          499          172      0.00000 
   39    -33.00000          397          223      0.00000 
   40    -32.00000          434          527      0.28720 
   41    -31.00000          554          736      0.46512 
   42    -30.00000          619          918      0.54001 
   43    -29.00000          671         1119      0.59553 
   44    -28.00000          728         1285      0.66369 
   45    -27.00000          802         1454      0.71099 
   46    -26.00000          908         1600      0.72408 
   47    -25.00000         1052         1770      0.74557 
   48    -24.00000         1155         1905      0.75490 
   49    -23.00000         1260         2027      0.76666 
   50    -22.00000         1400         2235      0.77029 
   51    -21.00000         1529         2430      0.77242 
   52    -20.00000         1662         2667      0.76784 
   53    -19.00000         1723         2826      0.75753 
   54    -18.00000         1777         2982      0.74680 
   55    -17.00000         1774         3094      0.72884 
   56    -16.00000         1747         3134      0.71584 
   57    -15.00000         1705         3188      0.69691 
   58    -14.00000         1615         3183      0.67320 
   59    -13.00000         1546         3144      0.65928 
   60    -12.00000         1427         3002      0.64439 
   61    -11.00000         1321         2894      0.62681 
   62    -10.00000         1191         2737      0.60642 
   63     -9.00000         1020         2488      0.58153 
   64     -8.00000          813         2172      0.54472 
   65     -7.00000          644         1735      0.54140 
   66     -6.00000          638         1637      0.56088 
   67     -5.00000          638         1511      0.59376 
   68     -4.00000          621         1328      0.63725 
   69     -3.00000          599         1110      0.70099 
   70     -2.00000          564          933      0.75351 
   71     -1.00000          531          904      0.74007 
   72      0.00000          497          871      0.72661 
   73      1.00000          450          807      0.71599 
   74      2.00000          421          768      0.70816 
   75      3.00000          433          681      0.66966 
   76      4.00000          479          618      0.62170 
   77      5.00000          503          537      0.57500 
   78      6.00000          495          425      0.52391 
   79      7.00000          436          244      0.41176 
   80      8.00000          668          440      0.59206 
   81      9.00000         1000          761      0.66553 
   82     10.00000         1245          983      0.69838 
   83     11.00000         1422         1139      0.71769 
   84     12.00000         1566         1257      0.73326 
   85     13.00000         1751         1460      0.74556 
   86     14.00000         1882         1633      0.75789 
   87     15.00000         2048         1840      0.76286 
   88     16.00000         2152         1971      0.76595 
   89     17.00000         2242         2076      0.76748 
   90     18.00000         2330         2219      0.77731 
   91     19.00000         2369         2302      0.78441 
   92     20.00000         2439         2398      0.79140 
   93     21.00000         2469         2439      0.79788 
   94     22.00000         2506         2480      0.80305 
   95     23.00000         2510         2494      0.81055 
   96     24.00000         2494         2472      0.81917 
   97     25.00000         2503         2455      0.82493 
   98     26.00000         2503         2415      0.83245 
   99     27.00000         2480         2362      0.84387 
  100     28.00000         2470         2285      0.84753 
  101     29.00000         2503         2247      0.85095 
  102     30.00000         2531         2254      0.86311 
  103     31.00000         2521         2228      0.87766 
  104     32.00000         2538         2225      0.88600 
  105     33.00000         2526         2217      0.90280 
  106     34.00000         2505         2218      0.91213 
  107     35.00000         2519         2250      0.92011 
  108     36.00000         2511         2267      0.92633 
  109     37.00000         2504         2277      0.93035 
  110     38.00000         2519         2325      0.93394 
  111     39.00000         2545         2349      0.93502 
  112     40.00000         2581         2407      0.93986 
  113     41.00000         2588         2437      0.94647 
  114     42.00000         2596         2480      0.95587 
  115     43.00000         2578         2499      0.96396 
  116     44.00000         2512         2464      0.97186 
  117     45.00000         2456         2423      0.97561 
  118     46.00000         2400         2371      0.97632 
  119     47.00000         2325         2295      0.97662 
  120     48.00000         2203         2162      0.97640 
  121     49.00000         2075         2014      0.97579 
  122     50.00000         1974         1901      0.97600 
  123     51.00000         1864         1789      0.97673 
  124     52.00000         1704         1641      0.97997 
  125     53.00000         1517         1477      0.98664 
  126     54.00000         1273         1248      0.99008 
  127     55.00000         1002          998      0.99800 
  128     56.00000          618          618      1.00000 
  129     57.00000          300          300      1.00000 
  130     58.00000           66           66      1.00000 
  131     59.00000            0            0      0.00000 
  132     60.00000            0            0      0.00000 
  133     61.00000            0            0      0.00000 
  134     62.00000            0            0      0.00000 
  135     63.00000            0            0      0.00000 
  136     64.00000            0            0      0.00000 
  137     65.00000            0            0      0.00000 
  138     66.00000            0            0      0.00000 
  139     67.00000            0            0      0.00000 
  140     68.00000            0            0      0.00000 
  141     69.00000            0            0      0.00000 
  142     70.00000            0            0      0.00000 
  143     71.00000            0            0      0.00000 
  144     72.00000            0            0      0.00000 
  145     73.00000            0            0      0.00000 
  146     74.00000            0            0      0.00000 
  147     75.00000            0            0      0.00000 
  148     76.00000            0            0      0.00000 
  149     77.00000            0            0      0.00000 
  150     78.00000            0            0      0.00000 
  151     79.00000            0            0      0.00000 
  152     80.00000            0            0      0.00000 
  153     81.00000            0            0      0.00000 
  154     82.00000            0            0      0.00000 
  155     83.00000            0            0      0.00000 
  156     84.00000            0            0      0.00000 
  157     85.00000            0            0      0.00000 
  158     86.00000            0            0      0.00000 
