# 3dSliceNDice -insetA 6m_1min_m2_binary+orig -insetB 6m_3min_m2_binary+orig -prefix 6m_1min_3min_m2
    0    -72.00000            0            0      0.00000 
    1    -71.00000            0            0      0.00000 
    2    -70.00000            0            0      0.00000 
    3    -69.00000            0            0      0.00000 
    4    -68.00000            0            0      0.00000 
    5    -67.00000            0            0      0.00000 
    6    -66.00000            0            0      0.00000 
    7    -65.00000            0            0      0.00000 
    8    -64.00000            0            0      0.00000 
    9    -63.00000            0            0      0.00000 
   10    -62.00000            0            0      0.00000 
   11    -61.00000            0            0      0.00000 
   12    -60.00000            0            0      0.00000 
   13    -59.00000            0            0      0.00000 
   14    -58.00000            0            0      0.00000 
   15    -57.00000            0            0      0.00000 
   16    -56.00000            0            0      0.00000 
   17    -55.00000            0            0      0.00000 
   18    -54.00000            0            0      0.00000 
   19    -53.00000            0            0      0.00000 
   20    -52.00000            0            0      0.00000 
   21    -51.00000            1            1      1.00000 
   22    -50.00000          273          273      1.00000 
   23    -49.00000          612          612      1.00000 
   24    -48.00000         1079         1079      1.00000 
   25    -47.00000         1337         1337      1.00000 
   26    -46.00000         1613         1606      0.99783 
   27    -45.00000         1867         1826      0.98890 
   28    -44.00000         2027         1959      0.98294 
   29    -43.00000         2211         2118      0.97852 
   30    -42.00000         2355         2248      0.97632 
   31    -41.00000         2495         2359      0.96827 
   32    -40.00000         2617         2447      0.96051 
   33    -39.00000         2716         2528      0.95385 
   34    -38.00000         2785         2595      0.95093 
   35    -37.00000         2777         2593      0.94860 
   36    -36.00000         2781         2601      0.94612 
   37    -35.00000         2758         2582      0.94232 
   38    -34.00000         2719         2561      0.93826 
   39    -33.00000         2703         2551      0.94024 
   40    -32.00000         2667         2545      0.93285 
   41    -31.00000         2654         2564      0.92756 
   42    -30.00000         2621         2584      0.92373 
   43    -29.00000         2589         2607      0.91994 
   44    -28.00000         2616         2666      0.92806 
   45    -27.00000         2598         2660      0.93458 
   46    -26.00000         2586         2635      0.93660 
   47    -25.00000         2574         2603      0.93722 
   48    -24.00000         2508         2508      0.93860 
   49    -23.00000         2462         2424      0.93533 
   50    -22.00000         2383         2346      0.93635 
   51    -21.00000         2307         2277      0.93543 
   52    -20.00000         2204         2190      0.93446 
   53    -19.00000         2053         2067      0.92913 
   54    -18.00000         1903         1969      0.92045 
   55    -17.00000         1858         1970      0.92111 
   56    -16.00000         1881         1989      0.92765 
   57    -15.00000         1875         1977      0.93718 
   58    -14.00000         1796         1890      0.94900 
   59    -13.00000         1700         1796      0.96682 
   60    -12.00000         1608         1755      0.95629 
   61    -11.00000         1547         1774      0.93165 
   62    -10.00000         1470         1760      0.91022 
   63     -9.00000         1331         1669      0.88733 
   64     -8.00000         1093         1527      0.83435 
   65     -7.00000          546         1363      0.57203 
   66     -6.00000          562         1345      0.58941 
   67     -5.00000          582         1331      0.60847 
   68     -4.00000          594         1260      0.63430 
   69     -3.00000          600         1155      0.67464 
   70     -2.00000          596         1072      0.69904 
   71     -1.00000          587         1131      0.66240 
   72      0.00000          577         1169      0.63688 
   73      1.00000          546         1149      0.61829 
   74      2.00000          523         1145      0.59712 
   75      3.00000          481         1105      0.57755 
   76      4.00000          444         1049      0.56129 
   77      5.00000          397          996      0.53266 
   78      6.00000          333          895      0.49674 
   79      7.00000          266          775      0.44188 
   80      8.00000          216          669      0.40904 
   81      9.00000          180          623      0.36115 
   82     10.00000          140          568      0.30508 
   83     11.00000           88          471      0.21467 
   84     12.00000           32          368      0.04000 
   85     13.00000            0          269      0.00000 
   86     14.00000            0          240      0.00000 
   87     15.00000            0          200      0.00000 
   88     16.00000            0          138      0.00000 
   89     17.00000            0           60      0.00000 
   90     18.00000            0           64      0.00000 
   91     19.00000            0          157      0.00000 
   92     20.00000            0          229      0.00000 
   93     21.00000            0          283      0.00000 
   94     22.00000            0          331      0.00000 
   95     23.00000            0          379      0.00000 
   96     24.00000            0          407      0.00000 
   97     25.00000            0          435      0.00000 
   98     26.00000            0          443      0.00000 
   99     27.00000            0          455      0.00000 
  100     28.00000            0          455      0.00000 
  101     29.00000            0          443      0.00000 
  102     30.00000            0          433      0.00000 
  103     31.00000            0          404      0.00000 
  104     32.00000            0          372      0.00000 
  105     33.00000            0          327      0.00000 
  106     34.00000            0          281      0.00000 
  107     35.00000            0          228      0.00000 
  108     36.00000            0          157      0.00000 
  109     37.00000            0           64      0.00000 
  110     38.00000            0            0      0.00000 
  111     39.00000            0            0      0.00000 
  112     40.00000            0            0      0.00000 
  113     41.00000            0            0      0.00000 
  114     42.00000            0            0      0.00000 
  115     43.00000            0            0      0.00000 
  116     44.00000            0            0      0.00000 
  117     45.00000            0            0      0.00000 
  118     46.00000            0            0      0.00000 
  119     47.00000            0            0      0.00000 
  120     48.00000            0            0      0.00000 
  121     49.00000            0            0      0.00000 
  122     50.00000            0            0      0.00000 
  123     51.00000            0            0      0.00000 
  124     52.00000            0            0      0.00000 
  125     53.00000            0            0      0.00000 
  126     54.00000            0            0      0.00000 
  127     55.00000            0            0      0.00000 
  128     56.00000            0            0      0.00000 
  129     57.00000            0            0      0.00000 
  130     58.00000            0            0      0.00000 
  131     59.00000            0            0      0.00000 
  132     60.00000            0            0      0.00000 
  133     61.00000            0            0      0.00000 
  134     62.00000            0            0      0.00000 
  135     63.00000            0            0      0.00000 
  136     64.00000            0            0      0.00000 
  137     65.00000            0            0      0.00000 
  138     66.00000            0            0      0.00000 
  139     67.00000            0            0      0.00000 
  140     68.00000            0            0      0.00000 
  141     69.00000            0            0      0.00000 
  142     70.00000            0            0      0.00000 
  143     71.00000            0            0      0.00000 
  144     72.00000            0            0      0.00000 
  145     73.00000            0            0      0.00000 
  146     74.00000            0            0      0.00000 
  147     75.00000            0            0      0.00000 
  148     76.00000            0            0      0.00000 
  149     77.00000            0            0      0.00000 
  150     78.00000            0            0      0.00000 
  151     79.00000            0            0      0.00000 
  152     80.00000            0            0      0.00000 
  153     81.00000            0            0      0.00000 
  154     82.00000            0            0      0.00000 
  155     83.00000            0            0      0.00000 
  156     84.00000            0            0      0.00000 
  157     85.00000            0            0      0.00000 
  158     86.00000            0            0      0.00000 
