# 3dSliceNDice -insetA 6m_1min_m5_binary+orig -insetB 6m_5min_m5_binary+orig -prefix 6m_1min_5min_m5
    0    -72.00000            0            0      0.00000 
    1    -71.00000            0            0      0.00000 
    2    -70.00000            0            0      0.00000 
    3    -69.00000            0            0      0.00000 
    4    -68.00000            0            0      0.00000 
    5    -67.00000            0            0      0.00000 
    6    -66.00000            0            0      0.00000 
    7    -65.00000            0            0      0.00000 
    8    -64.00000            0            0      0.00000 
    9    -63.00000            0            0      0.00000 
   10    -62.00000            0            0      0.00000 
   11    -61.00000            0            0      0.00000 
   12    -60.00000            0            0      0.00000 
   13    -59.00000            0            0      0.00000 
   14    -58.00000            0            0      0.00000 
   15    -57.00000            0            0      0.00000 
   16    -56.00000            0            0      0.00000 
   17    -55.00000            0            0      0.00000 
   18    -54.00000            0            0      0.00000 
   19    -53.00000            0            0      0.00000 
   20    -52.00000            0            0      0.00000 
   21    -51.00000            1            1      1.00000 
   22    -50.00000          273          273      1.00000 
   23    -49.00000          612          612      1.00000 
   24    -48.00000         1073         1079      0.99721 
   25    -47.00000         1321         1337      0.99398 
   26    -46.00000         1557         1608      0.98389 
   27    -45.00000         1741         1814      0.97947 
   28    -44.00000         1847         1945      0.97205 
   29    -43.00000         1965         2098      0.96530 
   30    -42.00000         2037         2194      0.96100 
   31    -41.00000         2106         2270      0.96069 
   32    -40.00000         2153         2329      0.95895 
   33    -39.00000         2184         2367      0.95891 
   34    -38.00000         2219         2396      0.95991 
   35    -37.00000         2160         2343      0.95847 
   36    -36.00000         2138         2314      0.95867 
   37    -35.00000         2078         2255      0.95730 
   38    -34.00000         1989         2169      0.95382 
   39    -33.00000         1883         2090      0.94639 
   40    -32.00000         1776         1996      0.94168 
   41    -31.00000         1741         1962      0.94032 
   42    -30.00000         1665         1884      0.93829 
   43    -29.00000         1547         1764      0.93446 
   44    -28.00000         1404         1592      0.92123 
   45    -27.00000         1258         1343      0.89043 
   46    -26.00000         1173         1282      0.87413 
   47    -25.00000         1060         1183      0.85600 
   48    -24.00000          895         1023      0.82899 
   49    -23.00000          608          751      0.72995 
   50    -22.00000            0          265      0.00000 
   51    -21.00000            0          237      0.00000 
   52    -20.00000            0          198      0.00000 
   53    -19.00000            0          138      0.00000 
   54    -18.00000            0           60      0.00000 
   55    -17.00000            0            0      0.00000 
   56    -16.00000            0            0      0.00000 
   57    -15.00000            0            0      0.00000 
   58    -14.00000            0            0      0.00000 
   59    -13.00000            0            0      0.00000 
   60    -12.00000            0            0      0.00000 
   61    -11.00000            0            0      0.00000 
   62    -10.00000            0            0      0.00000 
   63     -9.00000            0            0      0.00000 
   64     -8.00000            0            0      0.00000 
   65     -7.00000            0            0      0.00000 
   66     -6.00000            0            0      0.00000 
   67     -5.00000            0            0      0.00000 
   68     -4.00000            0            0      0.00000 
   69     -3.00000            0            0      0.00000 
   70     -2.00000          224          116      0.54118 
   71     -1.00000          401          232      0.65403 
   72      0.00000          521          318      0.69845 
   73      1.00000          609          382      0.72048 
   74      2.00000          681          436      0.73590 
   75      3.00000         1112          764      0.73241 
   76      4.00000         1439         1075      0.77804 
   77      5.00000         1701         1295      0.80107 
   78      6.00000         1888         1449      0.81570 
   79      7.00000         2047         1576      0.82528 
   80      8.00000         2243         1817      0.82808 
   81      9.00000         2407         2055      0.83998 
   82     10.00000         2596         2298      0.84553 
   83     11.00000         2701         2463      0.84934 
   84     12.00000         2788         2600      0.85375 
   85     13.00000         2904         2771      0.84899 
   86     14.00000         2996         2885      0.84169 
   87     15.00000         3114         3048      0.83577 
   88     16.00000         3168         3171      0.83420 
   89     17.00000         3237         3281      0.83246 
   90     18.00000         3314         3385      0.83804 
   91     19.00000         3373         3416      0.84784 
   92     20.00000         3418         3451      0.86184 
   93     21.00000         3416         3451      0.87054 
   94     22.00000         3410         3457      0.88190 
   95     23.00000         3359         3413      0.88866 
   96     24.00000         3283         3335      0.89181 
   97     25.00000         3199         3241      0.89503 
   98     26.00000         3071         3121      0.89470 
   99     27.00000         2951         3014      0.89355 
  100     28.00000         2836         2880      0.88279 
  101     29.00000         2737         2775      0.87663 
  102     30.00000         2643         2664      0.87130 
  103     31.00000         2481         2512      0.86601 
  104     32.00000         2396         2405      0.87024 
  105     33.00000         2268         2274      0.86658 
  106     34.00000         2133         2158      0.86320 
  107     35.00000         2012         2041      0.85517 
  108     36.00000         1885         1892      0.84882 
  109     37.00000         1813         1749      0.85121 
  110     38.00000         1739         1584      0.84622 
  111     39.00000         1669         1468      0.83902 
  112     40.00000         1617         1346      0.82821 
  113     41.00000         1528         1218      0.80918 
  114     42.00000         1451         1101      0.77194 
  115     43.00000         1355          993      0.73765 
  116     44.00000         1248          927      0.73839 
  117     45.00000         1146          881      0.74297 
  118     46.00000         1047          810      0.74637 
  119     47.00000          993          760      0.76098 
  120     48.00000          920          692      0.78660 
  121     49.00000          848          622      0.81361 
  122     50.00000          792          548      0.81791 
  123     51.00000          753          490      0.78842 
  124     52.00000          698          445      0.77865 
  125     53.00000          629          385      0.75937 
  126     54.00000          536          319      0.74620 
  127     55.00000          428          231      0.70106 
  128     56.00000          277          129      0.63547 
  129     57.00000          131           50      0.55249 
  130     58.00000           19            0      0.00000 
  131     59.00000            0            0      0.00000 
  132     60.00000            0            0      0.00000 
  133     61.00000            0            0      0.00000 
  134     62.00000            0            0      0.00000 
  135     63.00000            0            0      0.00000 
  136     64.00000            0            0      0.00000 
  137     65.00000            0            0      0.00000 
  138     66.00000            0            0      0.00000 
  139     67.00000            0            0      0.00000 
  140     68.00000            0            0      0.00000 
  141     69.00000            0            0      0.00000 
  142     70.00000            0            0      0.00000 
  143     71.00000            0            0      0.00000 
  144     72.00000            0            0      0.00000 
  145     73.00000            0            0      0.00000 
  146     74.00000            0            0      0.00000 
  147     75.00000            0            0      0.00000 
  148     76.00000            0            0      0.00000 
  149     77.00000            0            0      0.00000 
  150     78.00000            0            0      0.00000 
  151     79.00000            0            0      0.00000 
  152     80.00000            0            0      0.00000 
  153     81.00000            0            0      0.00000 
  154     82.00000            0            0      0.00000 
  155     83.00000            0            0      0.00000 
  156     84.00000            0            0      0.00000 
  157     85.00000            0            0      0.00000 
  158     86.00000            0            0      0.00000 
