# 3dSliceNDice -insetA 6m_1min_m5_binary+orig -insetB 6m_3min_m5_binary+orig -prefix 6m_1min_3min_m5
    0     96.00000            0            0      0.00000 
    1     95.00000            0            0      0.00000 
    2     94.00000            0            0      0.00000 
    3     93.00000            0            0      0.00000 
    4     92.00000            0            0      0.00000 
    5     91.00000            0            0      0.00000 
    6     90.00000            0            0      0.00000 
    7     89.00000            0            0      0.00000 
    8     88.00000            0            0      0.00000 
    9     87.00000            0            0      0.00000 
   10     86.00000            0            0      0.00000 
   11     85.00000            0            0      0.00000 
   12     84.00000            0            0      0.00000 
   13     83.00000            0            0      0.00000 
   14     82.00000            0            0      0.00000 
   15     81.00000            0            0      0.00000 
   16     80.00000            0            0      0.00000 
   17     79.00000            0            0      0.00000 
   18     78.00000            0            0      0.00000 
   19     77.00000            0            0      0.00000 
   20     76.00000            0            0      0.00000 
   21     75.00000            0            0      0.00000 
   22     74.00000            0            0      0.00000 
   23     73.00000            0            0      0.00000 
   24     72.00000            0            0      0.00000 
   25     71.00000            0            0      0.00000 
   26     70.00000            0            0      0.00000 
   27     69.00000            0            0      0.00000 
   28     68.00000            0            0      0.00000 
   29     67.00000            0            0      0.00000 
   30     66.00000            0            0      0.00000 
   31     65.00000            0            0      0.00000 
   32     64.00000            0            0      0.00000 
   33     63.00000            0            0      0.00000 
   34     62.00000            0            0      0.00000 
   35     61.00000            0            0      0.00000 
   36     60.00000            0            0      0.00000 
   37     59.00000            0            0      0.00000 
   38     58.00000            0            0      0.00000 
   39     57.00000            0            0      0.00000 
   40     56.00000            0            0      0.00000 
   41     55.00000            0            0      0.00000 
   42     54.00000           20            0      0.00000 
   43     53.00000          100           20      0.33333 
   44     52.00000          159           64      0.53812 
   45     51.00000          190           88      0.56115 
   46     50.00000          238          147      0.61818 
   47     49.00000          290          215      0.64950 
   48     48.00000          307          233      0.64074 
   49     47.00000          311          246      0.62118 
   50     46.00000          308          261      0.60808 
   51     45.00000          300          268      0.58099 
   52     44.00000          276          276      0.52536 
   53     43.00000          256          256      0.51953 
   54     42.00000          216          216      0.46759 
   55     41.00000          180          180      0.42778 
   56     40.00000          140          140      0.36429 
   57     39.00000           88           88      0.21591 
   58     38.00000           32           32      0.00000 
   59     37.00000           21           21      1.00000 
   60     36.00000           60           63      0.97561 
   61     35.00000          100          108      0.96154 
   62     34.00000          135          149      0.95070 
   63     33.00000          170          198      0.92391 
   64     32.00000          225          300      0.75429 
   65     31.00000          291          427      0.62117 
   66     30.00000          364          540      0.56858 
   67     29.00000          416          629      0.53206 
   68     28.00000          461          706      0.50900 
   69     27.00000          611          794      0.59644 
   70     26.00000          813          907      0.68605 
   71     25.00000          972         1050      0.71316 
   72     24.00000         1085         1155      0.72589 
   73     23.00000         1189         1242      0.73385 
   74     22.00000         1440         1408      0.76756 
   75     21.00000         1648         1556      0.77154 
   76     20.00000         1839         1715      0.76871 
   77     19.00000         1964         1836      0.76842 
   78     18.00000         2072         1943      0.76961 
   79     17.00000         2773         2471      0.81045 
   80     16.00000         3127         2789      0.83942 
   81     15.00000         3381         3042      0.86221 
   82     14.00000         3534         3222      0.87892 
   83     13.00000         3637         3370      0.89168 
   84     12.00000         3841         3616      0.92477 
   85     11.00000         4033         3821      0.94016 
   86     10.00000         4210         4022      0.94558 
   87      9.00000         4324         4170      0.94726 
   88      8.00000         4425         4294      0.94965 
   89      7.00000         4570         4433      0.94835 
   90      6.00000         4650         4482      0.94306 
   91      5.00000         4697         4528      0.94287 
   92      4.00000         4656         4495      0.94394 
   93      3.00000         4607         4467      0.94644 
   94      2.00000         4494         4385      0.95078 
   95      1.00000         4309         4256      0.95622 
   96      0.00000         4174         4174      0.96334 
   97     -1.00000         4157         4139      0.96046 
   98     -2.00000         4265         4172      0.95413 
   99     -3.00000         4305         4158      0.94435 
  100     -4.00000         4300         4107      0.93612 
  101     -5.00000         4246         4029      0.92689 
  102     -6.00000         4095         3852      0.91154 
  103     -7.00000         3830         3621      0.89411 
  104     -8.00000         3467         3308      0.87498 
  105     -9.00000         3298         3170      0.86116 
  106    -10.00000         3063         2971      0.84720 
  107    -11.00000         2745         2681      0.83229 
  108    -12.00000         2273         2290      0.81876 
  109    -13.00000         1600         1768      0.82126 
  110    -14.00000         1568         1740      0.81923 
  111    -15.00000         1508         1683      0.81291 
  112    -16.00000         1401         1575      0.80242 
  113    -17.00000         1208         1377      0.77756 
  114    -18.00000          959         1062      0.79466 
  115    -19.00000          951         1045      0.79760 
  116    -20.00000          938         1037      0.79494 
  117    -21.00000          901         1005      0.79748 
  118    -22.00000          883          989      0.80342 
  119    -23.00000          849          971      0.81099 
  120    -24.00000          803          943      0.81443 
  121    -25.00000          763          910      0.82247 
  122    -26.00000          703          852      0.82186 
  123    -27.00000          665          814      0.81406 
  124    -28.00000          640          743      0.78091 
  125    -29.00000          637          668      0.72337 
  126    -30.00000          624          575      0.65388 
  127    -31.00000          580          469      0.57579 
  128    -32.00000          555          385      0.50213 
  129    -33.00000          535          315      0.46588 
  130    -34.00000          494          250      0.44086 
  131    -35.00000          452          177      0.39110 
  132    -36.00000          397          103      0.30000 
  133    -37.00000          338           27      0.13699 
  134    -38.00000          289            0      0.00000 
  135    -39.00000          249            0      0.00000 
  136    -40.00000          208            0      0.00000 
  137    -41.00000          174            0      0.00000 
  138    -42.00000          150            0      0.00000 
  139    -43.00000          116            0      0.00000 
  140    -44.00000           82            0      0.00000 
  141    -45.00000           51            0      0.00000 
  142    -46.00000           19            0      0.00000 
  143    -47.00000            0            0      0.00000 
  144    -48.00000            0            0      0.00000 
  145    -49.00000            0            0      0.00000 
  146    -50.00000            0            0      0.00000 
  147    -51.00000            0            0      0.00000 
  148    -52.00000            0            0      0.00000 
  149    -53.00000            0            0      0.00000 
  150    -54.00000            0            0      0.00000 
  151    -55.00000            0            0      0.00000 
  152    -56.00000            0            0      0.00000 
  153    -57.00000            0            0      0.00000 
  154    -58.00000            0            0      0.00000 
  155    -59.00000            0            0      0.00000 
  156    -60.00000            0            0      0.00000 
  157    -61.00000            0            0      0.00000 
  158    -62.00000            0            0      0.00000 
  159    -63.00000            0            0      0.00000 
  160    -64.00000            0            0      0.00000 
  161    -65.00000            0            0      0.00000 
  162    -66.00000            0            0      0.00000 
  163    -67.00000            0            0      0.00000 
  164    -68.00000            0            0      0.00000 
  165    -69.00000            0            0      0.00000 
  166    -70.00000            0            0      0.00000 
  167    -71.00000            0            0      0.00000 
  168    -72.00000            0            0      0.00000 
  169    -73.00000            0            0      0.00000 
  170    -74.00000            0            0      0.00000 
  171    -75.00000            0            0      0.00000 
  172    -76.00000            0            0      0.00000 
  173    -77.00000            0            0      0.00000 
  174    -78.00000            0            0      0.00000 
  175    -79.00000            0            0      0.00000 
  176    -80.00000            0            0      0.00000 
  177    -81.00000            0            0      0.00000 
  178    -82.00000            0            0      0.00000 
  179    -83.00000            0            0      0.00000 
  180    -84.00000            0            0      0.00000 
  181    -85.00000            0            0      0.00000 
  182    -86.00000            0            0      0.00000 
  183    -87.00000            0            0      0.00000 
  184    -88.00000            0            0      0.00000 
  185    -89.00000            0            0      0.00000 
  186    -90.00000            0            0      0.00000 
  187    -91.00000            0            0      0.00000 
  188    -92.00000            0            0      0.00000 
  189    -93.00000            0            0      0.00000 
  190    -94.00000            0            0      0.00000 
  191    -95.00000            0            0      0.00000 
  192    -96.00000            0            0      0.00000 
  193    -97.00000            0            0      0.00000 
  194    -98.00000            0            0      0.00000 
