# 3dSliceNDice -insetA 6m_1min_m5_binary+orig -insetB 6m_4min_m5_binary+orig -prefix 6m_1min_4min_m5
    0    -72.00000            0            0      0.00000 
    1    -71.00000            0            0      0.00000 
    2    -70.00000            0            0      0.00000 
    3    -69.00000            0            0      0.00000 
    4    -68.00000            0            0      0.00000 
    5    -67.00000            0            0      0.00000 
    6    -66.00000            0            0      0.00000 
    7    -65.00000            0            0      0.00000 
    8    -64.00000            0            0      0.00000 
    9    -63.00000            0            0      0.00000 
   10    -62.00000            0            0      0.00000 
   11    -61.00000            0            0      0.00000 
   12    -60.00000            0            0      0.00000 
   13    -59.00000            0            0      0.00000 
   14    -58.00000            0            0      0.00000 
   15    -57.00000            0            0      0.00000 
   16    -56.00000            0            0      0.00000 
   17    -55.00000            0            0      0.00000 
   18    -54.00000            0            0      0.00000 
   19    -53.00000            0            0      0.00000 
   20    -52.00000            0            0      0.00000 
   21    -51.00000            1            1      1.00000 
   22    -50.00000          273          273      1.00000 
   23    -49.00000          612          612      1.00000 
   24    -48.00000         1073         1072      0.99953 
   25    -47.00000         1321         1313      0.99696 
   26    -46.00000         1557         1540      0.99451 
   27    -45.00000         1741         1708      0.99043 
   28    -44.00000         1847         1808      0.98440 
   29    -43.00000         1965         1920      0.97812 
   30    -42.00000         2037         2004      0.97501 
   31    -41.00000         2106         2087      0.97448 
   32    -40.00000         2153         2149      0.97071 
   33    -39.00000         2184         2189      0.96776 
   34    -38.00000         2219         2232      0.96877 
   35    -37.00000         2160         2181      0.96475 
   36    -36.00000         2138         2156      0.96507 
   37    -35.00000         2078         2101      0.96482 
   38    -34.00000         1989         2022      0.96535 
   39    -33.00000         1883         1971      0.96367 
   40    -32.00000         1776         1923      0.95918 
   41    -31.00000         1741         1901      0.95387 
   42    -30.00000         1665         1842      0.94725 
   43    -29.00000         1547         1743      0.93678 
   44    -28.00000         1404         1589      0.91547 
   45    -27.00000         1258         1328      0.91493 
   46    -26.00000         1173         1252      0.90557 
   47    -25.00000         1060         1131      0.89913 
   48    -24.00000          895          948      0.88985 
   49    -23.00000          608          652      0.85079 
   50    -22.00000            0            0      0.00000 
   51    -21.00000            0            0      0.00000 
   52    -20.00000            0            0      0.00000 
   53    -19.00000            0            0      0.00000 
   54    -18.00000            0            0      0.00000 
   55    -17.00000            0            0      0.00000 
   56    -16.00000            0            0      0.00000 
   57    -15.00000            0            0      0.00000 
   58    -14.00000            0            0      0.00000 
   59    -13.00000            0            0      0.00000 
   60    -12.00000            0            0      0.00000 
   61    -11.00000            0            0      0.00000 
   62    -10.00000            0            0      0.00000 
   63     -9.00000            0            0      0.00000 
   64     -8.00000            0            0      0.00000 
   65     -7.00000            0            0      0.00000 
   66     -6.00000            0            0      0.00000 
   67     -5.00000            0            0      0.00000 
   68     -4.00000            0            0      0.00000 
   69     -3.00000            0            0      0.00000 
   70     -2.00000          224          144      0.65217 
   71     -1.00000          401          282      0.75256 
   72      0.00000          521          382      0.79070 
   73      1.00000          609          456      0.80939 
   74      2.00000          681          516      0.82038 
   75      3.00000         1112          849      0.76288 
   76      4.00000         1439         1156      0.79461 
   77      5.00000         1701         1388      0.80868 
   78      6.00000         1888         1554      0.81639 
   79      7.00000         2047         1689      0.82120 
   80      8.00000         2243         1978      0.87041 
   81      9.00000         2407         2139      0.87462 
   82     10.00000         2596         2304      0.87633 
   83     11.00000         2701         2414      0.87859 
   84     12.00000         2788         2504      0.88095 
   85     13.00000         2904         2698      0.87719 
   86     14.00000         2996         2918      0.87758 
   87     15.00000         3114         3144      0.87408 
   88     16.00000         3168         3321      0.87225 
   89     17.00000         3237         3474      0.87290 
   90     18.00000         3314         3628      0.87871 
   91     19.00000         3373         3689      0.88813 
   92     20.00000         3418         3761      0.90040 
   93     21.00000         3416         3751      0.91224 
   94     22.00000         3410         3763      0.92486 
   95     23.00000         3359         3718      0.93429 
   96     24.00000         3283         3633      0.93840 
   97     25.00000         3199         3537      0.94181 
   98     26.00000         3071         3375      0.93857 
   99     27.00000         2951         3220      0.94118 
  100     28.00000         2836         3006      0.93701 
  101     29.00000         2737         2873      0.92692 
  102     30.00000         2643         2758      0.91613 
  103     31.00000         2481         2577      0.90352 
  104     32.00000         2396         2482      0.90037 
  105     33.00000         2268         2375      0.89770 
  106     34.00000         2133         2257      0.89977 
  107     35.00000         2012         2140      0.90607 
  108     36.00000         1885         1984      0.90411 
  109     37.00000         1813         1891      0.89903 
  110     38.00000         1739         1769      0.88883 
  111     39.00000         1669         1663      0.88415 
  112     40.00000         1617         1544      0.87567 
  113     41.00000         1528         1385      0.84724 
  114     42.00000         1451         1234      0.81937 
  115     43.00000         1355         1054      0.76961 
  116     44.00000         1248          946      0.74932 
  117     45.00000         1146          853      0.72536 
  118     46.00000         1047          755      0.70810 
  119     47.00000          993          703      0.71934 
  120     48.00000          920          639      0.74535 
  121     49.00000          848          577      0.77614 
  122     50.00000          792          506      0.77966 
  123     51.00000          753          476      0.77461 
  124     52.00000          698          430      0.76241 
  125     53.00000          629          385      0.75937 
  126     54.00000          536          323      0.75204 
  127     55.00000          428          257      0.75036 
  128     56.00000          277          157      0.72350 
  129     57.00000          131           75      0.72816 
  130     58.00000           19            3      0.27273 
  131     59.00000            0            0      0.00000 
  132     60.00000            0            0      0.00000 
  133     61.00000            0            0      0.00000 
  134     62.00000            0            0      0.00000 
  135     63.00000            0            0      0.00000 
  136     64.00000            0            0      0.00000 
  137     65.00000            0            0      0.00000 
  138     66.00000            0            0      0.00000 
  139     67.00000            0            0      0.00000 
  140     68.00000            0            0      0.00000 
  141     69.00000            0            0      0.00000 
  142     70.00000            0            0      0.00000 
  143     71.00000            0            0      0.00000 
  144     72.00000            0            0      0.00000 
  145     73.00000            0            0      0.00000 
  146     74.00000            0            0      0.00000 
  147     75.00000            0            0      0.00000 
  148     76.00000            0            0      0.00000 
  149     77.00000            0            0      0.00000 
  150     78.00000            0            0      0.00000 
  151     79.00000            0            0      0.00000 
  152     80.00000            0            0      0.00000 
  153     81.00000            0            0      0.00000 
  154     82.00000            0            0      0.00000 
  155     83.00000            0            0      0.00000 
  156     84.00000            0            0      0.00000 
  157     85.00000            0            0      0.00000 
  158     86.00000            0            0      0.00000 
