# 3dSliceNDice -insetA 6m_1min_m2_binary+orig -insetB 6m_4min_m2_binary+orig -prefix 6m_1min_4min_m2
    0     96.00000            0            0      0.00000 
    1     95.00000            0            0      0.00000 
    2     94.00000            0            0      0.00000 
    3     93.00000            0            0      0.00000 
    4     92.00000            0            0      0.00000 
    5     91.00000            0            0      0.00000 
    6     90.00000            0            0      0.00000 
    7     89.00000            0            0      0.00000 
    8     88.00000            0            0      0.00000 
    9     87.00000            0            0      0.00000 
   10     86.00000            0            0      0.00000 
   11     85.00000            0            0      0.00000 
   12     84.00000            0            0      0.00000 
   13     83.00000            0            0      0.00000 
   14     82.00000            0            0      0.00000 
   15     81.00000            0            0      0.00000 
   16     80.00000            0            0      0.00000 
   17     79.00000            0            0      0.00000 
   18     78.00000            0            0      0.00000 
   19     77.00000            0            0      0.00000 
   20     76.00000            0            0      0.00000 
   21     75.00000            0            0      0.00000 
   22     74.00000            0            0      0.00000 
   23     73.00000            0            0      0.00000 
   24     72.00000            0            0      0.00000 
   25     71.00000            0            0      0.00000 
   26     70.00000            0            0      0.00000 
   27     69.00000            0            0      0.00000 
   28     68.00000            0            0      0.00000 
   29     67.00000            0            0      0.00000 
   30     66.00000            0            0      0.00000 
   31     65.00000            0            0      0.00000 
   32     64.00000            0            0      0.00000 
   33     63.00000            0            0      0.00000 
   34     62.00000            0            0      0.00000 
   35     61.00000            0            0      0.00000 
   36     60.00000            0            0      0.00000 
   37     59.00000            0            0      0.00000 
   38     58.00000           39            1      0.05000 
   39     57.00000          143           96      0.61088 
   40     56.00000          245          189      0.67742 
   41     55.00000          348          276      0.74359 
   42     54.00000          440          359      0.78348 
   43     53.00000          519          426      0.82328 
   44     52.00000          587          477      0.85338 
   45     51.00000          634          516      0.88000 
   46     50.00000          670          555      0.90122 
   47     49.00000          692          581      0.90024 
   48     48.00000          735          621      0.89528 
   49     47.00000          757          646      0.88667 
   50     46.00000          758          648      0.87482 
   51     45.00000          746          654      0.87429 
   52     44.00000          705          647      0.87278 
   53     43.00000          676          646      0.86536 
   54     42.00000          616          625      0.85576 
   55     41.00000          582          604      0.83305 
   56     40.00000          570          615      0.81857 
   57     39.00000          540          611      0.80104 
   58     38.00000          486          608      0.77148 
   59     37.00000          463          597      0.75849 
   60     36.00000          492          596      0.77022 
   61     35.00000          516          590      0.79024 
   62     34.00000          533          557      0.80367 
   63     33.00000          547          491      0.83044 
   64     32.00000          574          431      0.85771 
   65     31.00000          652          472      0.83986 
   66     30.00000          742          542      0.84424 
   67     29.00000          811          609      0.85775 
   68     28.00000          872          665      0.86532 
   69     27.00000          931          717      0.87015 
   70     26.00000          996          762      0.86689 
   71     25.00000         1093          823      0.85908 
   72     24.00000         1158          858      0.85119 
   73     23.00000         1204          890      0.85005 
   74     22.00000         1256         1003      0.88800 
   75     21.00000         1307         1100      0.90818 
   76     20.00000         1376         1187      0.91845 
   77     19.00000         1439         1255      0.92205 
   78     18.00000         1505         1315      0.92199 
   79     17.00000         1553         1363      0.92112 
   80     16.00000         1576         1384      0.92162 
   81     15.00000         1613         1428      0.92798 
   82     14.00000         1637         1472      0.93857 
   83     13.00000         1646         1509      0.95024 
   84     12.00000         1635         1530      0.96367 
   85     11.00000         1598         1542      0.97261 
   86     10.00000         1572         1562      0.97192 
   87      9.00000         1561         1582      0.96723 
   88      8.00000         1574         1620      0.96243 
   89      7.00000         1595         1675      0.95474 
   90      6.00000         1599         1692      0.95229 
   91      5.00000         1591         1716      0.94466 
   92      4.00000         1564         1693      0.94504 
   93      3.00000         1541         1673      0.94399 
   94      2.00000         1505         1637      0.94271 
   95      1.00000         1481         1614      0.94346 
   96      0.00000         1484         1611      0.94152 
   97     -1.00000         1497         1605      0.94455 
   98     -2.00000         1517         1619      0.94324 
   99     -3.00000         1528         1610      0.94519 
  100     -4.00000         1535         1601      0.94834 
  101     -5.00000         1528         1586      0.94926 
  102     -6.00000         1508         1548      0.95157 
  103     -7.00000         1470         1500      0.94949 
  104     -8.00000         1455         1495      0.94983 
  105     -9.00000         1449         1507      0.95332 
  106    -10.00000         1435         1508      0.95005 
  107    -11.00000         1460         1525      0.94606 
  108    -12.00000         1484         1536      0.94305 
  109    -13.00000         1488         1525      0.93926 
  110    -14.00000         1482         1509      0.93748 
  111    -15.00000         1485         1501      0.93369 
  112    -16.00000         1461         1479      0.92993 
  113    -17.00000         1447         1464      0.92614 
  114    -18.00000         1397         1419      0.92116 
  115    -19.00000         1345         1376      0.91951 
  116    -20.00000         1288         1328      0.91361 
  117    -21.00000         1206         1268      0.90865 
  118    -22.00000         1111         1212      0.89884 
  119    -23.00000         1034         1144      0.89532 
  120    -24.00000          996         1102      0.89895 
  121    -25.00000          951         1044      0.90426 
  122    -26.00000          891          970      0.91456 
  123    -27.00000          827          891      0.92549 
  124    -28.00000          762          870      0.90686 
  125    -29.00000          690          892      0.85714 
  126    -30.00000          604          885      0.80322 
  127    -31.00000          506          851      0.74429 
  128    -32.00000          414          831      0.66506 
  129    -33.00000          337          857      0.56449 
  130    -34.00000          294          876      0.50256 
  131    -35.00000          244          901      0.42620 
  132    -36.00000          187          876      0.35183 
  133    -37.00000          137          831      0.28306 
  134    -38.00000           95          821      0.20742 
  135    -39.00000           56          811      0.12918 
  136    -40.00000           19          845      0.04398 
  137    -41.00000            0          880      0.00000 
  138    -42.00000            0          935      0.00000 
  139    -43.00000            0          981      0.00000 
  140    -44.00000            0          996      0.00000 
  141    -45.00000            0         1017      0.00000 
  142    -46.00000            0         1006      0.00000 
  143    -47.00000            0         1005      0.00000 
  144    -48.00000            0          970      0.00000 
  145    -49.00000            0          920      0.00000 
  146    -50.00000            0          866      0.00000 
  147    -51.00000            0          750      0.00000 
  148    -52.00000            0          618      0.00000 
  149    -53.00000            0          490      0.00000 
  150    -54.00000            0          380      0.00000 
  151    -55.00000            0          269      0.00000 
  152    -56.00000            0          182      0.00000 
  153    -57.00000            0           90      0.00000 
  154    -58.00000            0            1      0.00000 
  155    -59.00000            0            0      0.00000 
  156    -60.00000            0            0      0.00000 
  157    -61.00000            0            0      0.00000 
  158    -62.00000            0            0      0.00000 
  159    -63.00000            0            0      0.00000 
  160    -64.00000            0            0      0.00000 
  161    -65.00000            0            0      0.00000 
  162    -66.00000            0            0      0.00000 
  163    -67.00000            0            0      0.00000 
  164    -68.00000            0            0      0.00000 
  165    -69.00000            0            0      0.00000 
  166    -70.00000            0            0      0.00000 
  167    -71.00000            0            0      0.00000 
  168    -72.00000            0            0      0.00000 
  169    -73.00000            0            0      0.00000 
  170    -74.00000            0            0      0.00000 
  171    -75.00000            0            0      0.00000 
  172    -76.00000            0            0      0.00000 
  173    -77.00000            0            0      0.00000 
  174    -78.00000            0            0      0.00000 
  175    -79.00000            0            0      0.00000 
  176    -80.00000            0            0      0.00000 
  177    -81.00000            0            0      0.00000 
  178    -82.00000            0            0      0.00000 
  179    -83.00000            0            0      0.00000 
  180    -84.00000            0            0      0.00000 
  181    -85.00000            0            0      0.00000 
  182    -86.00000            0            0      0.00000 
  183    -87.00000            0            0      0.00000 
  184    -88.00000            0            0      0.00000 
  185    -89.00000            0            0      0.00000 
  186    -90.00000            0            0      0.00000 
  187    -91.00000            0            0      0.00000 
  188    -92.00000            0            0      0.00000 
  189    -93.00000            0            0      0.00000 
  190    -94.00000            0            0      0.00000 
  191    -95.00000            0            0      0.00000 
  192    -96.00000            0            0      0.00000 
  193    -97.00000            0            0      0.00000 
  194    -98.00000            0            0      0.00000 
