# 3dSliceNDice -insetA 6m_1min_m5_binary+orig -insetB 6m_3min_m5_binary+orig -prefix 6m_1min_3min_m5
    0    -72.00000            0            0      0.00000 
    1    -71.00000            0            0      0.00000 
    2    -70.00000            0            0      0.00000 
    3    -69.00000            0            0      0.00000 
    4    -68.00000            0            0      0.00000 
    5    -67.00000            0            0      0.00000 
    6    -66.00000            0            0      0.00000 
    7    -65.00000            0            0      0.00000 
    8    -64.00000            0            0      0.00000 
    9    -63.00000            0            0      0.00000 
   10    -62.00000            0            0      0.00000 
   11    -61.00000            0            0      0.00000 
   12    -60.00000            0            0      0.00000 
   13    -59.00000            0            0      0.00000 
   14    -58.00000            0            0      0.00000 
   15    -57.00000            0            0      0.00000 
   16    -56.00000            0            0      0.00000 
   17    -55.00000            0            0      0.00000 
   18    -54.00000            0            0      0.00000 
   19    -53.00000            0            0      0.00000 
   20    -52.00000            0            0      0.00000 
   21    -51.00000            1            1      1.00000 
   22    -50.00000          273          273      1.00000 
   23    -49.00000          612          603      0.99259 
   24    -48.00000         1073         1039      0.97822 
   25    -47.00000         1321         1262      0.96554 
   26    -46.00000         1557         1487      0.96124 
   27    -45.00000         1741         1657      0.95998 
   28    -44.00000         1847         1754      0.95862 
   29    -43.00000         1965         1868      0.95852 
   30    -42.00000         2037         1913      0.95443 
   31    -41.00000         2106         1966      0.95236 
   32    -40.00000         2153         2002      0.94970 
   33    -39.00000         2184         2027      0.94419 
   34    -38.00000         2219         2055      0.94244 
   35    -37.00000         2160         2008      0.93378 
   36    -36.00000         2138         1994      0.93078 
   37    -35.00000         2078         1959      0.92594 
   38    -34.00000         1989         1909      0.91842 
   39    -33.00000         1883         1883      0.91184 
   40    -32.00000         1776         1828      0.89401 
   41    -31.00000         1741         1779      0.89318 
   42    -30.00000         1665         1694      0.89372 
   43    -29.00000         1547         1549      0.88889 
   44    -28.00000         1404         1318      0.87362 
   45    -27.00000         1258         1016      0.86280 
   46    -26.00000         1173          926      0.84898 
   47    -25.00000         1060          817      0.83644 
   48    -24.00000          895          667      0.81818 
   49    -23.00000          608          412      0.72941 
   50    -22.00000            0            0      0.00000 
   51    -21.00000            0            0      0.00000 
   52    -20.00000            0            0      0.00000 
   53    -19.00000            0            0      0.00000 
   54    -18.00000            0            0      0.00000 
   55    -17.00000            0            0      0.00000 
   56    -16.00000            0            0      0.00000 
   57    -15.00000            0            0      0.00000 
   58    -14.00000            0            0      0.00000 
   59    -13.00000            0            0      0.00000 
   60    -12.00000            0            0      0.00000 
   61    -11.00000            0            0      0.00000 
   62    -10.00000            0            0      0.00000 
   63     -9.00000            0            0      0.00000 
   64     -8.00000            0            0      0.00000 
   65     -7.00000            0            0      0.00000 
   66     -6.00000            0            0      0.00000 
   67     -5.00000            0            0      0.00000 
   68     -4.00000            0            0      0.00000 
   69     -3.00000            0            0      0.00000 
   70     -2.00000          224          168      0.71429 
   71     -1.00000          401          304      0.73759 
   72      0.00000          521          400      0.76004 
   73      1.00000          609          471      0.77222 
   74      2.00000          681          531      0.77723 
   75      3.00000         1112          963      0.82120 
   76      4.00000         1439         1262      0.83599 
   77      5.00000         1701         1489      0.84326 
   78      6.00000         1888         1658      0.84659 
   79      7.00000         2047         1799      0.84815 
   80      8.00000         2243         2069      0.86688 
   81      9.00000         2407         2342      0.89282 
   82     10.00000         2596         2574      0.90522 
   83     11.00000         2701         2739      0.90956 
   84     12.00000         2788         2876      0.91243 
   85     13.00000         2904         3146      0.88992 
   86     14.00000         2996         3357      0.86731 
   87     15.00000         3114         3570      0.84979 
   88     16.00000         3168         3706      0.83707 
   89     17.00000         3237         3830      0.82723 
   90     18.00000         3314         3908      0.82387 
   91     19.00000         3373         3913      0.83063 
   92     20.00000         3418         3912      0.83765 
   93     21.00000         3416         3875      0.84378 
   94     22.00000         3410         3850      0.84545 
   95     23.00000         3359         3765      0.84980 
   96     24.00000         3283         3654      0.85628 
   97     25.00000         3199         3550      0.86324 
   98     26.00000         3071         3386      0.86759 
   99     27.00000         2951         3241      0.87791 
  100     28.00000         2836         3074      0.87716 
  101     29.00000         2737         2910      0.87126 
  102     30.00000         2643         2745      0.86637 
  103     31.00000         2481         2508      0.86069 
  104     32.00000         2396         2370      0.85690 
  105     33.00000         2268         2163      0.84089 
  106     34.00000         2133         1990      0.83046 
  107     35.00000         2012         1801      0.81720 
  108     36.00000         1885         1577      0.81456 
  109     37.00000         1813         1427      0.81728 
  110     38.00000         1739         1293      0.81135 
  111     39.00000         1669         1190      0.80168 
  112     40.00000         1617         1076      0.78203 
  113     41.00000         1528          961      0.77220 
  114     42.00000         1451          883      0.75664 
  115     43.00000         1355          808      0.74711 
  116     44.00000         1248          788      0.77407 
  117     45.00000         1146          769      0.80313 
  118     46.00000         1047          735      0.82492 
  119     47.00000          993          709      0.83314 
  120     48.00000          920          639      0.81976 
  121     49.00000          848          581      0.81316 
  122     50.00000          792          502      0.77589 
  123     51.00000          753          439      0.73658 
  124     52.00000          698          398      0.72628 
  125     53.00000          629          370      0.74074 
  126     54.00000          536          323      0.75204 
  127     55.00000          428          257      0.75036 
  128     56.00000          277          157      0.72350 
  129     57.00000          131           75      0.72816 
  130     58.00000           19            3      0.27273 
  131     59.00000            0            0      0.00000 
  132     60.00000            0            0      0.00000 
  133     61.00000            0            0      0.00000 
  134     62.00000            0            0      0.00000 
  135     63.00000            0            0      0.00000 
  136     64.00000            0            0      0.00000 
  137     65.00000            0            0      0.00000 
  138     66.00000            0            0      0.00000 
  139     67.00000            0            0      0.00000 
  140     68.00000            0            0      0.00000 
  141     69.00000            0            0      0.00000 
  142     70.00000            0            0      0.00000 
  143     71.00000            0            0      0.00000 
  144     72.00000            0            0      0.00000 
  145     73.00000            0            0      0.00000 
  146     74.00000            0            0      0.00000 
  147     75.00000            0            0      0.00000 
  148     76.00000            0            0      0.00000 
  149     77.00000            0            0      0.00000 
  150     78.00000            0            0      0.00000 
  151     79.00000            0            0      0.00000 
  152     80.00000            0            0      0.00000 
  153     81.00000            0            0      0.00000 
  154     82.00000            0            0      0.00000 
  155     83.00000            0            0      0.00000 
  156     84.00000            0            0      0.00000 
  157     85.00000            0            0      0.00000 
  158     86.00000            0            0      0.00000 
