# 3dSliceNDice -insetA 6m_1min_m1_binary+orig -insetB 6m_2min_m1_binary+orig -prefix 6m_1min_2min_m1
    0     96.00000            0            0      0.00000 
    1     95.00000            0            0      0.00000 
    2     94.00000            0            0      0.00000 
    3     93.00000            0            0      0.00000 
    4     92.00000            0            0      0.00000 
    5     91.00000            0            0      0.00000 
    6     90.00000            0            0      0.00000 
    7     89.00000            0            0      0.00000 
    8     88.00000            0            0      0.00000 
    9     87.00000            0            0      0.00000 
   10     86.00000            0            0      0.00000 
   11     85.00000            0            0      0.00000 
   12     84.00000            0            0      0.00000 
   13     83.00000            0            0      0.00000 
   14     82.00000            0            0      0.00000 
   15     81.00000            0            0      0.00000 
   16     80.00000            0            0      0.00000 
   17     79.00000            0            0      0.00000 
   18     78.00000            0            0      0.00000 
   19     77.00000            0            0      0.00000 
   20     76.00000            0            0      0.00000 
   21     75.00000            0            0      0.00000 
   22     74.00000            0            0      0.00000 
   23     73.00000            0            0      0.00000 
   24     72.00000            0            0      0.00000 
   25     71.00000            0            0      0.00000 
   26     70.00000            0            0      0.00000 
   27     69.00000            0            0      0.00000 
   28     68.00000            0            0      0.00000 
   29     67.00000            0            0      0.00000 
   30     66.00000            0            0      0.00000 
   31     65.00000            0            0      0.00000 
   32     64.00000            0            0      0.00000 
   33     63.00000            0            0      0.00000 
   34     62.00000            0            0      0.00000 
   35     61.00000            0            0      0.00000 
   36     60.00000            0            0      0.00000 
   37     59.00000            0            0      0.00000 
   38     58.00000            3            0      0.00000 
   39     57.00000           40            0      0.00000 
   40     56.00000          129           12      0.14184 
   41     55.00000          280          113      0.41730 
   42     54.00000          427          230      0.54795 
   43     53.00000          572          354      0.61987 
   44     52.00000          715          495      0.67769 
   45     51.00000          820          591      0.71864 
   46     50.00000          916          693      0.76072 
   47     49.00000          974          757      0.79954 
   48     48.00000         1040          829      0.83039 
   49     47.00000         1076          885      0.86894 
   50     46.00000         1089          913      0.89311 
   51     45.00000         1099          919      0.91080 
   52     44.00000         1094          929      0.91844 
   53     43.00000         1100          975      0.93590 
   54     42.00000         1102         1002      0.94106 
   55     41.00000         1139         1038      0.93891 
   56     40.00000         1158         1054      0.93128 
   57     39.00000         1142         1034      0.91912 
   58     38.00000         1148         1033      0.91334 
   59     37.00000         1099         1017      0.88563 
   60     36.00000         1094         1100      0.84321 
   61     35.00000         1081         1186      0.80371 
   62     34.00000         1017         1212      0.76806 
   63     33.00000          931         1206      0.73842 
   64     32.00000          883         1212      0.74845 
   65     31.00000         1053         1319      0.79258 
   66     30.00000         1192         1445      0.81229 
   67     29.00000         1277         1520      0.82445 
   68     28.00000         1334         1588      0.83504 
   69     27.00000         1428         1675      0.85337 
   70     26.00000         1578         1784      0.86734 
   71     25.00000         1750         1926      0.87650 
   72     24.00000         1876         2021      0.87657 
   73     23.00000         2002         2125      0.87812 
   74     22.00000         2148         2204      0.88511 
   75     21.00000         2272         2255      0.89684 
   76     20.00000         2414         2320      0.90790 
   77     19.00000         2485         2307      0.90067 
   78     18.00000         2567         2313      0.88975 
   79     17.00000         2601         2292      0.88412 
   80     16.00000         2582         2232      0.87287 
   81     15.00000         2559         2177      0.86191 
   82     14.00000         2451         2082      0.84492 
   83     13.00000         2295         1946      0.82056 
   84     12.00000         2240         1924      0.78242 
   85     11.00000         2298         2032      0.74042 
   86     10.00000         2325         2112      0.72031 
   87      9.00000         2261         2119      0.70365 
   88      8.00000         2132         2108      0.68962 
   89      7.00000         2013         2142      0.71769 
   90      6.00000         2027         2160      0.73418 
   91      5.00000         2025         2182      0.75113 
   92      4.00000         1951         2124      0.76859 
   93      3.00000         1878         2063      0.79168 
   94      2.00000         1842         2024      0.79462 
   95      1.00000         1816         2027      0.77700 
   96      0.00000         1777         2026      0.77044 
   97     -1.00000         1762         2034      0.76238 
   98     -2.00000         1795         2092      0.75225 
   99     -3.00000         1951         2313      0.79925 
  100     -4.00000         2058         2425      0.82356 
  101     -5.00000         2142         2533      0.83765 
  102     -6.00000         2178         2589      0.85127 
  103     -7.00000         2173         2611      0.86037 
  104     -8.00000         2241         2685      0.87130 
  105     -9.00000         2311         2763      0.87387 
  106    -10.00000         2367         2814      0.87666 
  107    -11.00000         2420         2818      0.88163 
  108    -12.00000         2465         2775      0.89122 
  109    -13.00000         2645         2856      0.89693 
  110    -14.00000         2798         3013      0.89348 
  111    -15.00000         2907         3144      0.89175 
  112    -16.00000         2951         3216      0.89606 
  113    -17.00000         2956         3287      0.89732 
  114    -18.00000         2940         3332      0.89349 
  115    -19.00000         2933         3306      0.89341 
  116    -20.00000         2929         3304      0.89203 
  117    -21.00000         2830         3197      0.89000 
  118    -22.00000         2762         3118      0.88912 
  119    -23.00000         2635         2999      0.88782 
  120    -24.00000         2500         2888      0.88753 
  121    -25.00000         2351         2758      0.88863 
  122    -26.00000         2162         2557      0.89341 
  123    -27.00000         1999         2405      0.89782 
  124    -28.00000         1905         2392      0.87643 
  125    -29.00000         1896         2393      0.87340 
  126    -30.00000         1821         2266      0.87888 
  127    -31.00000         1626         1979      0.87878 
  128    -32.00000         1366         1577      0.86239 
  129    -33.00000         1024         1079      0.81312 
  130    -34.00000         1048         1141      0.82686 
  131    -35.00000         1102         1215      0.85196 
  132    -36.00000         1127         1253      0.87479 
  133    -37.00000         1151         1294      0.89489 
  134    -38.00000         1219         1354      0.90400 
  135    -39.00000         1258         1363      0.90805 
  136    -40.00000         1325         1403      0.90836 
  137    -41.00000         1361         1411      0.91126 
  138    -42.00000         1387         1423      0.91673 
  139    -43.00000         1406         1411      0.92013 
  140    -44.00000         1406         1378      0.92170 
  141    -45.00000         1395         1347      0.92706 
  142    -46.00000         1359         1306      0.92758 
  143    -47.00000         1299         1230      0.92606 
  144    -48.00000         1194         1128      0.92593 
  145    -49.00000         1114         1044      0.92215 
  146    -50.00000          985          917      0.92534 
  147    -51.00000          813          752      0.93163 
  148    -52.00000          688          620      0.94801 
  149    -53.00000          535          491      0.95711 
  150    -54.00000          380          353      0.96317 
  151    -55.00000          233          216      0.96214 
  152    -56.00000          129          123      0.97619 
  153    -57.00000           88           88      1.00000 
  154    -58.00000            3            3      1.00000 
  155    -59.00000            0            0      0.00000 
  156    -60.00000            0            0      0.00000 
  157    -61.00000            0            0      0.00000 
  158    -62.00000            0            0      0.00000 
  159    -63.00000            0            0      0.00000 
  160    -64.00000            0            0      0.00000 
  161    -65.00000            0            0      0.00000 
  162    -66.00000            0            0      0.00000 
  163    -67.00000            0            0      0.00000 
  164    -68.00000            0            0      0.00000 
  165    -69.00000            0            0      0.00000 
  166    -70.00000            0            0      0.00000 
  167    -71.00000            0            0      0.00000 
  168    -72.00000            0            0      0.00000 
  169    -73.00000            0            0      0.00000 
  170    -74.00000            0            0      0.00000 
  171    -75.00000            0            0      0.00000 
  172    -76.00000            0            0      0.00000 
  173    -77.00000            0            0      0.00000 
  174    -78.00000            0            0      0.00000 
  175    -79.00000            0            0      0.00000 
  176    -80.00000            0            0      0.00000 
  177    -81.00000            0            0      0.00000 
  178    -82.00000            0            0      0.00000 
  179    -83.00000            0            0      0.00000 
  180    -84.00000            0            0      0.00000 
  181    -85.00000            0            0      0.00000 
  182    -86.00000            0            0      0.00000 
  183    -87.00000            0            0      0.00000 
  184    -88.00000            0            0      0.00000 
  185    -89.00000            0            0      0.00000 
  186    -90.00000            0            0      0.00000 
  187    -91.00000            0            0      0.00000 
  188    -92.00000            0            0      0.00000 
  189    -93.00000            0            0      0.00000 
  190    -94.00000            0            0      0.00000 
  191    -95.00000            0            0      0.00000 
  192    -96.00000            0            0      0.00000 
  193    -97.00000            0            0      0.00000 
  194    -98.00000            0            0      0.00000 
