# 3dSliceNDice -insetA 6m_1min_m1_binary+orig -insetB 6m_2min_m1_binary+orig -prefix 6m_1min_2min_m1
    0    -72.00000            0            0      0.00000 
    1    -71.00000            0            0      0.00000 
    2    -70.00000            0            0      0.00000 
    3    -69.00000            0            0      0.00000 
    4    -68.00000            0            0      0.00000 
    5    -67.00000            0            0      0.00000 
    6    -66.00000            0            0      0.00000 
    7    -65.00000            0            0      0.00000 
    8    -64.00000            0            0      0.00000 
    9    -63.00000            0            0      0.00000 
   10    -62.00000            0            0      0.00000 
   11    -61.00000            0            0      0.00000 
   12    -60.00000            0            0      0.00000 
   13    -59.00000            0            0      0.00000 
   14    -58.00000            0            0      0.00000 
   15    -57.00000            0            0      0.00000 
   16    -56.00000            0            0      0.00000 
   17    -55.00000            0            0      0.00000 
   18    -54.00000            0            0      0.00000 
   19    -53.00000            0            0      0.00000 
   20    -52.00000            0            0      0.00000 
   21    -51.00000            1            1      1.00000 
   22    -50.00000          273          273      1.00000 
   23    -49.00000          612          612      1.00000 
   24    -48.00000         1076         1079      0.99861 
   25    -47.00000         1332         1337      0.99813 
   26    -46.00000         1601         1595      0.99312 
   27    -45.00000         1831         1780      0.98089 
   28    -44.00000         1971         1877      0.97089 
   29    -43.00000         2138         2006      0.96525 
   30    -42.00000         2239         2089      0.96257 
   31    -41.00000         2310         2160      0.96465 
   32    -40.00000         2369         2215      0.96510 
   33    -39.00000         2418         2276      0.96634 
   34    -38.00000         2446         2320      0.96937 
   35    -37.00000         2401         2308      0.97218 
   36    -36.00000         2379         2320      0.97468 
   37    -35.00000         2332         2317      0.97612 
   38    -34.00000         2254         2288      0.97754 
   39    -33.00000         2170         2298      0.96732 
   40    -32.00000         2223         2461      0.93339 
   41    -31.00000         2360         2657      0.90851 
   42    -30.00000         2443         2729      0.89946 
   43    -29.00000         2522         2753      0.88796 
   44    -28.00000         2607         2754      0.87334 
   45    -27.00000         2705         2731      0.85504 
   46    -26.00000         2748         2779      0.85652 
   47    -25.00000         2804         2829      0.86064 
   48    -24.00000         2766         2806      0.86073 
   49    -23.00000         2701         2747      0.85830 
   50    -22.00000         2635         2775      0.83919 
   51    -21.00000         2689         2885      0.83602 
   52    -20.00000         2710         2939      0.83342 
   53    -19.00000         2660         2885      0.82741 
   54    -18.00000         2580         2724      0.81071 
   55    -17.00000         2494         2412      0.76070 
   56    -16.00000         2429         2324      0.76836 
   57    -15.00000         2346         2217      0.77800 
   58    -14.00000         2190         2039      0.78978 
   59    -13.00000         1961         1871      0.81837 
   60    -12.00000         1721         1861      0.90396 
   61    -11.00000         1835         1981      0.88679 
   62    -10.00000         1918         2060      0.87531 
   63     -9.00000         1949         2099      0.86512 
   64     -8.00000         1929         2119      0.84931 
   65     -7.00000         1902         2174      0.84053 
   66     -6.00000         1939         2262      0.84885 
   67     -5.00000         1996         2362      0.84855 
   68     -4.00000         2041         2411      0.85400 
   69     -3.00000         2077         2452      0.85229 
   70     -2.00000         2134         2580      0.83835 
   71     -1.00000         2181         2720      0.82677 
   72      0.00000         2219         2829      0.81458 
   73      1.00000         2183         2838      0.80542 
   74      2.00000         2167         2861      0.79356 
   75      3.00000         2095         2827      0.77651 
   76      4.00000         2014         2761      0.76105 
   77      5.00000         1931         2693      0.74438 
   78      6.00000         1805         2516      0.72668 
   79      7.00000         1671         2316      0.71232 
   80      8.00000         1564         2157      0.71540 
   81      9.00000         1542         2161      0.71023 
   82     10.00000         1495         2137      0.69879 
   83     11.00000         1405         2056      0.67899 
   84     12.00000         1270         1949      0.64119 
   85     13.00000         1200         1770      0.64444 
   86     14.00000         1304         1761      0.69168 
   87     15.00000         1381         1772      0.72376 
   88     16.00000         1376         1711      0.75154 
   89     17.00000         1383         1689      0.76953 
   90     18.00000         1696         1875      0.80650 
   91     19.00000         1996         2036      0.82589 
   92     20.00000         2188         2102      0.84196 
   93     21.00000         2276         2094      0.84943 
   94     22.00000         2301         1983      0.84220 
   95     23.00000         2324         1874      0.81896 
   96     24.00000         2341         1891      0.82372 
   97     25.00000         2375         1926      0.82818 
   98     26.00000         2322         1887      0.83440 
   99     27.00000         2263         1845      0.84031 
  100     28.00000         2141         1759      0.85077 
  101     29.00000         2011         1658      0.85745 
  102     30.00000         1885         1568      0.87171 
  103     31.00000         1704         1451      0.89002 
  104     32.00000         1565         1379      0.90897 
  105     33.00000         1477         1343      0.89078 
  106     34.00000         1462         1336      0.88778 
  107     35.00000         1419         1305      0.88767 
  108     36.00000         1340         1239      0.88794 
  109     37.00000         1263         1156      0.89045 
  110     38.00000         1243         1115      0.87871 
  111     39.00000         1195         1067      0.88152 
  112     40.00000         1144         1016      0.88519 
  113     41.00000         1052          937      0.89995 
  114     42.00000          934          855      0.91783 
  115     43.00000          830          773      0.93450 
  116     44.00000          738          694      0.94553 
  117     45.00000          672          657      0.96313 
  118     46.00000          608          605      0.96950 
  119     47.00000          558          559      0.98120 
  120     48.00000          489          496      0.98680 
  121     49.00000          402          414      0.98284 
  122     50.00000          302          319      0.97262 
  123     51.00000          208          224      0.96296 
  124     52.00000          155          164      0.97179 
  125     53.00000          109          110      0.99543 
  126     54.00000           57           57      1.00000 
  127     55.00000           23           23      1.00000 
  128     56.00000            0            0      0.00000 
  129     57.00000            0            0      0.00000 
  130     58.00000            0            0      0.00000 
  131     59.00000            0            0      0.00000 
  132     60.00000            0            0      0.00000 
  133     61.00000            0            0      0.00000 
  134     62.00000            0            0      0.00000 
  135     63.00000            0            0      0.00000 
  136     64.00000            0            0      0.00000 
  137     65.00000            0            0      0.00000 
  138     66.00000            0            0      0.00000 
  139     67.00000            0            0      0.00000 
  140     68.00000            0            0      0.00000 
  141     69.00000            0            0      0.00000 
  142     70.00000            0            0      0.00000 
  143     71.00000            0            0      0.00000 
  144     72.00000            0            0      0.00000 
  145     73.00000            0            0      0.00000 
  146     74.00000            0            0      0.00000 
  147     75.00000            0            0      0.00000 
  148     76.00000            0            0      0.00000 
  149     77.00000            0            0      0.00000 
  150     78.00000            0            0      0.00000 
  151     79.00000            0            0      0.00000 
  152     80.00000            0            0      0.00000 
  153     81.00000            0            0      0.00000 
  154     82.00000            0            0      0.00000 
  155     83.00000            0            0      0.00000 
  156     84.00000            0            0      0.00000 
  157     85.00000            0            0      0.00000 
  158     86.00000            0            0      0.00000 
