# 3dSliceNDice -insetA 6m_1min_m4_binary+orig -insetB 6m_4min_m4_binary+orig -prefix 6m_1min_4min_m4
    0     96.00000            0            0      0.00000 
    1     95.00000            0            0      0.00000 
    2     94.00000            0            0      0.00000 
    3     93.00000            0            0      0.00000 
    4     92.00000            0            0      0.00000 
    5     91.00000            0            0      0.00000 
    6     90.00000            0            0      0.00000 
    7     89.00000            0            0      0.00000 
    8     88.00000            0            0      0.00000 
    9     87.00000            0            0      0.00000 
   10     86.00000            0            0      0.00000 
   11     85.00000            0            0      0.00000 
   12     84.00000            0            0      0.00000 
   13     83.00000            0            0      0.00000 
   14     82.00000            0            0      0.00000 
   15     81.00000            0            0      0.00000 
   16     80.00000            0            0      0.00000 
   17     79.00000            0            0      0.00000 
   18     78.00000            0            0      0.00000 
   19     77.00000            0            0      0.00000 
   20     76.00000            0            0      0.00000 
   21     75.00000            0            0      0.00000 
   22     74.00000            0            0      0.00000 
   23     73.00000            0            0      0.00000 
   24     72.00000            0            0      0.00000 
   25     71.00000            0            0      0.00000 
   26     70.00000            0            0      0.00000 
   27     69.00000            0            0      0.00000 
   28     68.00000            0            0      0.00000 
   29     67.00000            0            0      0.00000 
   30     66.00000            0            0      0.00000 
   31     65.00000            0            0      0.00000 
   32     64.00000            0            0      0.00000 
   33     63.00000            0            0      0.00000 
   34     62.00000            0            0      0.00000 
   35     61.00000            0            0      0.00000 
   36     60.00000            0            0      0.00000 
   37     59.00000            0            0      0.00000 
   38     58.00000            0            0      0.00000 
   39     57.00000            0            0      0.00000 
   40     56.00000            0           10      0.00000 
   41     55.00000            0           58      0.00000 
   42     54.00000           14           96      0.25455 
   43     53.00000           44          149      0.45596 
   44     52.00000           92          212      0.60526 
   45     51.00000          147          262      0.71883 
   46     50.00000          205          313      0.79151 
   47     49.00000          247          349      0.82886 
   48     48.00000          281          378      0.85281 
   49     47.00000          313          399      0.87921 
   50     46.00000          332          409      0.89609 
   51     45.00000          348          418      0.90862 
   52     44.00000          356          426      0.91049 
   53     43.00000          377          469      0.89125 
   54     42.00000          395          504      0.87875 
   55     41.00000          421          568      0.85137 
   56     40.00000          424          608      0.82171 
   57     39.00000          402          628      0.78058 
   58     38.00000          379          671      0.72190 
   59     37.00000          331          689      0.64902 
   60     36.00000          283          692      0.58051 
   61     35.00000          229          693      0.49675 
   62     34.00000          157          658      0.38528 
   63     33.00000           64          631      0.18417 
   64     32.00000            0          586      0.00000 
   65     31.00000            0          544      0.00000 
   66     30.00000            0          494      0.00000 
   67     29.00000            0          412      0.00000 
   68     28.00000            0          316      0.00000 
   69     27.00000            0          216      0.00000 
   70     26.00000            0          180      0.00000 
   71     25.00000            0          140      0.00000 
   72     24.00000            0           88      0.00000 
   73     23.00000            0           32      0.00000 
   74     22.00000          878          766      0.85888 
   75     21.00000         1157         1094      0.85029 
   76     20.00000         1321         1300      0.84472 
   77     19.00000         1437         1449      0.84061 
   78     18.00000         1523         1565      0.83744 
   79     17.00000         1713         1768      0.82965 
   80     16.00000         1846         1959      0.82628 
   81     15.00000         1978         2158      0.82544 
   82     14.00000         2066         2297      0.82650 
   83     13.00000         2144         2404      0.82762 
   84     12.00000         2371         2526      0.81560 
   85     11.00000         2557         2600      0.82024 
   86     10.00000         2719         2731      0.82789 
   87      9.00000         2831         2800      0.83253 
   88      8.00000         2919         2837      0.83669 
   89      7.00000         3082         3084      0.87253 
   90      6.00000         3274         3154      0.87243 
   91      5.00000         3409         3201      0.87110 
   92      4.00000         3455         3212      0.87356 
   93      3.00000         3438         3177      0.87256 
   94      2.00000         3454         3257      0.86425 
   95      1.00000         3359         3145      0.86285 
   96      0.00000         3290         3052      0.85651 
   97     -1.00000         3353         3111      0.85334 
   98     -2.00000         3518         3284      0.85622 
   99     -3.00000         3715         3478      0.85972 
  100     -4.00000         3844         3598      0.86294 
  101     -5.00000         3947         3692      0.86687 
  102     -6.00000         3959         3720      0.86990 
  103     -7.00000         3984         3739      0.86806 
  104     -8.00000         3973         3675      0.86140 
  105     -9.00000         3942         3594      0.85510 
  106    -10.00000         3890         3487      0.84641 
  107    -11.00000         3809         3324      0.82770 
  108    -12.00000         3679         3056      0.79614 
  109    -13.00000         3297         2407      0.70337 
  110    -14.00000         3152         2346      0.68971 
  111    -15.00000         2973         2265      0.67545 
  112    -16.00000         2685         2099      0.65970 
  113    -17.00000         2341         1899      0.64292 
  114    -18.00000         1823         1580      0.62651 
  115    -19.00000         1756         1509      0.61501 
  116    -20.00000         1663         1428      0.60110 
  117    -21.00000         1498         1291      0.57798 
  118    -22.00000         1316         1159      0.55030 
  119    -23.00000         1074         1121      0.44829 
  120    -24.00000         1016         1210      0.39623 
  121    -25.00000          949         1260      0.34586 
  122    -26.00000          854         1288      0.29599 
  123    -27.00000          768         1300      0.25338 
  124    -28.00000          737         1348      0.23885 
  125    -29.00000          749         1376      0.26259 
  126    -30.00000          737         1414      0.27243 
  127    -31.00000          708         1374      0.26993 
  128    -32.00000          669         1296      0.25954 
  129    -33.00000          654         1192      0.28277 
  130    -34.00000          676         1169      0.33713 
  131    -35.00000          726         1164      0.39577 
  132    -36.00000          749         1133      0.44740 
  133    -37.00000          786         1108      0.48997 
  134    -38.00000          854         1082      0.55785 
  135    -39.00000          892         1070      0.61978 
  136    -40.00000          943         1044      0.67136 
  137    -41.00000          924          959      0.70526 
  138    -42.00000          909          891      0.73667 
  139    -43.00000          927          888      0.77245 
  140    -44.00000          923          898      0.78199 
  141    -45.00000          932          923      0.79677 
  142    -46.00000          926          925      0.81253 
  143    -47.00000          918          933      0.82118 
  144    -48.00000          887          931      0.82838 
  145    -49.00000          840          902      0.83008 
  146    -50.00000          793          877      0.83234 
  147    -51.00000          713          825      0.83095 
  148    -52.00000          646          776      0.81857 
  149    -53.00000          561          719      0.79062 
  150    -54.00000          467          636      0.77425 
  151    -55.00000          384          558      0.76008 
  152    -56.00000          269          433      0.74644 
  153    -57.00000          188          300      0.75000 
  154    -58.00000            6           24      0.40000 
  155    -59.00000            0            0      0.00000 
  156    -60.00000            0            0      0.00000 
  157    -61.00000            0            0      0.00000 
  158    -62.00000            0            0      0.00000 
  159    -63.00000            0            0      0.00000 
  160    -64.00000            0            0      0.00000 
  161    -65.00000            0            0      0.00000 
  162    -66.00000            0            0      0.00000 
  163    -67.00000            0            0      0.00000 
  164    -68.00000            0            0      0.00000 
  165    -69.00000            0            0      0.00000 
  166    -70.00000            0            0      0.00000 
  167    -71.00000            0            0      0.00000 
  168    -72.00000            0            0      0.00000 
  169    -73.00000            0            0      0.00000 
  170    -74.00000            0            0      0.00000 
  171    -75.00000            0            0      0.00000 
  172    -76.00000            0            0      0.00000 
  173    -77.00000            0            0      0.00000 
  174    -78.00000            0            0      0.00000 
  175    -79.00000            0            0      0.00000 
  176    -80.00000            0            0      0.00000 
  177    -81.00000            0            0      0.00000 
  178    -82.00000            0            0      0.00000 
  179    -83.00000            0            0      0.00000 
  180    -84.00000            0            0      0.00000 
  181    -85.00000            0            0      0.00000 
  182    -86.00000            0            0      0.00000 
  183    -87.00000            0            0      0.00000 
  184    -88.00000            0            0      0.00000 
  185    -89.00000            0            0      0.00000 
  186    -90.00000            0            0      0.00000 
  187    -91.00000            0            0      0.00000 
  188    -92.00000            0            0      0.00000 
  189    -93.00000            0            0      0.00000 
  190    -94.00000            0            0      0.00000 
  191    -95.00000            0            0      0.00000 
  192    -96.00000            0            0      0.00000 
  193    -97.00000            0            0      0.00000 
  194    -98.00000            0            0      0.00000 
