# 3dSliceNDice -insetA 6m_1min_m4_binary+orig -insetB 6m_3min_m4_binary+orig -prefix 6m_1min_3min_m4
    0    134.00000            0            0      0.00000 
    1    133.00000            0            0      0.00000 
    2    132.00000            0            0      0.00000 
    3    131.00000            0            0      0.00000 
    4    130.00000            0            0      0.00000 
    5    129.00000            0            0      0.00000 
    6    128.00000            0            0      0.00000 
    7    127.00000            0            0      0.00000 
    8    126.00000            0            0      0.00000 
    9    125.00000            0            0      0.00000 
   10    124.00000            0            0      0.00000 
   11    123.00000            0            0      0.00000 
   12    122.00000            0            0      0.00000 
   13    121.00000            0            0      0.00000 
   14    120.00000            0            0      0.00000 
   15    119.00000            0            0      0.00000 
   16    118.00000            0            0      0.00000 
   17    117.00000            0            0      0.00000 
   18    116.00000            0            0      0.00000 
   19    115.00000            0            0      0.00000 
   20    114.00000            0            0      0.00000 
   21    113.00000            0            0      0.00000 
   22    112.00000            0            0      0.00000 
   23    111.00000            0            0      0.00000 
   24    110.00000            0            0      0.00000 
   25    109.00000            0            0      0.00000 
   26    108.00000            0            0      0.00000 
   27    107.00000            0            0      0.00000 
   28    106.00000            0            0      0.00000 
   29    105.00000            0            0      0.00000 
   30    104.00000            0            0      0.00000 
   31    103.00000            0            0      0.00000 
   32    102.00000            0            0      0.00000 
   33    101.00000            0            0      0.00000 
   34    100.00000            0            0      0.00000 
   35     99.00000            0            0      0.00000 
   36     98.00000            0            0      0.00000 
   37     97.00000            0            0      0.00000 
   38     96.00000            0            0      0.00000 
   39     95.00000            0            0      0.00000 
   40     94.00000            0            0      0.00000 
   41     93.00000            0            0      0.00000 
   42     92.00000            0            0      0.00000 
   43     91.00000            0            0      0.00000 
   44     90.00000            0            0      0.00000 
   45     89.00000            0            0      0.00000 
   46     88.00000            0            0      0.00000 
   47     87.00000            0            0      0.00000 
   48     86.00000            0            0      0.00000 
   49     85.00000            0            0      0.00000 
   50     84.00000            6            6      1.00000 
   51     83.00000          114          114      1.00000 
   52     82.00000          218          218      1.00000 
   53     81.00000          301          301      1.00000 
   54     80.00000          404          406      0.99753 
   55     79.00000          491          499      0.99192 
   56     78.00000          579          600      0.98219 
   57     77.00000          645          689      0.96702 
   58     76.00000          720          812      0.93995 
   59     75.00000          772          916      0.91469 
   60     74.00000          815         1013      0.89168 
   61     73.00000          851         1105      0.87014 
   62     72.00000          883         1217      0.84095 
   63     71.00000          912         1336      0.81139 
   64     70.00000         1040         1530      0.80934 
   65     69.00000         1117         1640      0.81030 
   66     68.00000         1154         1728      0.80083 
   67     67.00000         1150         1781      0.78472 
   68     66.00000         1125         1835      0.76014 
   69     65.00000         1086         1869      0.73503 
   70     64.00000         1020         1862      0.70784 
   71     63.00000          955         1849      0.68117 
   72     62.00000          902         1811      0.66495 
   73     61.00000          855         1760      0.65392 
   74     60.00000          800         1698      0.64051 
   75     59.00000          710         1579      0.62036 
   76     58.00000          610         1470      0.58654 
   77     57.00000          482         1393      0.50027 
   78     56.00000          457         1367      0.45285 
   79     55.00000          422         1337      0.39341 
   80     54.00000          359         1262      0.31339 
   81     53.00000          253         1196      0.16563 
   82     52.00000          224         1221      0.06090 
   83     51.00000          368         1270      0.14652 
   84     50.00000          485         1292      0.20146 
   85     49.00000          582         1273      0.25337 
   86     48.00000          674         1208      0.30181 
   87     47.00000          799         1191      0.37990 
   88     46.00000          965         1349      0.43302 
   89     45.00000         1137         1485      0.47750 
   90     44.00000         1268         1587      0.51349 
   91     43.00000         1365         1675      0.53882 
   92     42.00000         1512         1753      0.57948 
   93     41.00000         1700         1812      0.62984 
   94     40.00000         1897         1883      0.66984 
   95     39.00000         2049         1922      0.70159 
   96     38.00000         2182         1928      0.72993 
   97     37.00000         2424         2105      0.76264 
   98     36.00000         2627         2318      0.76117 
   99     35.00000         2811         2479      0.76030 
  100     34.00000         2926         2588      0.76279 
  101     33.00000         3047         2683      0.76684 
  102     32.00000         3257         2847      0.80079 
  103     31.00000         3457         2955      0.82626 
  104     30.00000         3608         3071      0.84294 
  105     29.00000         3666         3159      0.85421 
  106     28.00000         3692         3247      0.86122 
  107     27.00000         3683         3317      0.86686 
  108     26.00000         3628         3340      0.87026 
  109     25.00000         3577         3358      0.86950 
  110     24.00000         3404         3297      0.86644 
  111     23.00000         3238         3260      0.86611 
  112     22.00000         3099         3161      0.85911 
  113     21.00000         3027         3062      0.85039 
  114     20.00000         2918         2917      0.83976 
  115     19.00000         2740         2703      0.83153 
  116     18.00000         2586         2458      0.82236 
  117     17.00000         2419         2203      0.82691 
  118     16.00000         2343         2126      0.83240 
  119     15.00000         2251         2015      0.83544 
  120     14.00000         2162         1907      0.84443 
  121     13.00000         1970         1721      0.87402 
  122     12.00000         1753         1504      0.92355 
  123     11.00000         1749         1486      0.91870 
  124     10.00000         1736         1448      0.90955 
  125      9.00000         1691         1420      0.91289 
  126      8.00000         1682         1407      0.91097 
  127      7.00000         1626         1375      0.91636 
  128      6.00000         1582         1348      0.92014 
  129      5.00000         1546         1326      0.92340 
  130      4.00000         1506         1304      0.92811 
  131      3.00000         1511         1295      0.92302 
  132      2.00000         1503         1267      0.91480 
  133      1.00000         1484         1236      0.90882 
  134      0.00000         1474         1215      0.90368 
  135     -1.00000         1421         1163      0.90015 
  136     -2.00000         1394         1113      0.88791 
  137     -3.00000         1347         1042      0.86815 
  138     -4.00000         1305         1041      0.87127 
  139     -5.00000         1252         1015      0.87781 
  140     -6.00000         1175          967      0.88142 
  141     -7.00000         1144          922      0.87125 
  142     -8.00000         1092          879      0.86352 
  143     -9.00000         1047          838      0.85623 
  144    -10.00000         1000          786      0.86002 
  145    -11.00000          950          743      0.85765 
  146    -12.00000          914          711      0.85169 
  147    -13.00000          871          688      0.85183 
  148    -14.00000          841          675      0.84960 
  149    -15.00000          795          648      0.84685 
  150    -16.00000          732          613      0.85651 
  151    -17.00000          675          587      0.86529 
  152    -18.00000          632          548      0.86949 
  153    -19.00000          576          497      0.86114 
  154    -20.00000          534          453      0.85512 
  155    -21.00000          470          382      0.84507 
  156    -22.00000          426          313      0.83356 
  157    -23.00000          379          301      0.70882 
  158    -24.00000          325          338      0.60332 
  159    -25.00000          271          354      0.50240 
  160    -26.00000          201          331      0.36466 
  161    -27.00000          137          307      0.19820 
  162    -28.00000           81          292      0.00000 
  163    -29.00000           64          298      0.00000 
  164    -30.00000           38          302      0.00000 
  165    -31.00000           21          299      0.00000 
  166    -32.00000            5          288      0.00000 
  167    -33.00000            0          282      0.00000 
  168    -34.00000            0          275      0.00000 
  169    -35.00000            0          256      0.00000 
  170    -36.00000            0          234      0.00000 
  171    -37.00000            0          218      0.00000 
  172    -38.00000            0          181      0.00000 
  173    -39.00000            0          147      0.00000 
  174    -40.00000            0          118      0.00000 
  175    -41.00000            0           82      0.00000 
  176    -42.00000            0           42      0.00000 
  177    -43.00000            0            0      0.00000 
  178    -44.00000            0            0      0.00000 
  179    -45.00000            0            0      0.00000 
  180    -46.00000            0            0      0.00000 
  181    -47.00000            0            0      0.00000 
  182    -48.00000            0            0      0.00000 
  183    -49.00000            0            0      0.00000 
  184    -50.00000            0            0      0.00000 
  185    -51.00000            0            0      0.00000 
  186    -52.00000            0            0      0.00000 
  187    -53.00000            0            0      0.00000 
  188    -54.00000            0            0      0.00000 
  189    -55.00000            0            0      0.00000 
  190    -56.00000            0            0      0.00000 
  191    -57.00000            0            0      0.00000 
  192    -58.00000            0            0      0.00000 
  193    -59.00000            0            0      0.00000 
  194    -60.00000            0            0      0.00000 
  195    -61.00000            0            0      0.00000 
  196    -62.00000            0            0      0.00000 
  197    -63.00000            0            0      0.00000 
  198    -64.00000            0            0      0.00000 
  199    -65.00000            0            0      0.00000 
  200    -66.00000            0            0      0.00000 
  201    -67.00000            0            0      0.00000 
  202    -68.00000            0            0      0.00000 
  203    -69.00000            0            0      0.00000 
  204    -70.00000            0            0      0.00000 
  205    -71.00000            0            0      0.00000 
  206    -72.00000            0            0      0.00000 
  207    -73.00000            0            0      0.00000 
  208    -74.00000            0            0      0.00000 
  209    -75.00000            0            0      0.00000 
  210    -76.00000            0            0      0.00000 
  211    -77.00000            0            0      0.00000 
  212    -78.00000            0            0      0.00000 
  213    -79.00000            0            0      0.00000 
  214    -80.00000            0            0      0.00000 
  215    -81.00000            0            0      0.00000 
  216    -82.00000            0            0      0.00000 
  217    -83.00000            0            0      0.00000 
  218    -84.00000            0            0      0.00000 
  219    -85.00000            0            0      0.00000 
  220    -86.00000            0            0      0.00000 
  221    -87.00000            0            0      0.00000 
  222    -88.00000            0            0      0.00000 
  223    -89.00000            0            0      0.00000 
  224    -90.00000            0            0      0.00000 
  225    -91.00000            0            0      0.00000 
  226    -92.00000            0            0      0.00000 
  227    -93.00000            0            0      0.00000 
  228    -94.00000            0            0      0.00000 
  229    -95.00000            0            0      0.00000 
  230    -96.00000            0            0      0.00000 
  231    -97.00000            0            0      0.00000 
  232    -98.00000            0            0      0.00000 
