# 3dSliceNDice -insetA 6m_1min_m4_binary+orig -insetB 6m_5min_m4_binary+orig -prefix 6m_1min_5min_m4
    0    134.00000            0            0      0.00000 
    1    133.00000            0            0      0.00000 
    2    132.00000            0            0      0.00000 
    3    131.00000            0            0      0.00000 
    4    130.00000            0            0      0.00000 
    5    129.00000            0            0      0.00000 
    6    128.00000            0            0      0.00000 
    7    127.00000            0            0      0.00000 
    8    126.00000            0            0      0.00000 
    9    125.00000            0            0      0.00000 
   10    124.00000            0            0      0.00000 
   11    123.00000            0            0      0.00000 
   12    122.00000            0            0      0.00000 
   13    121.00000            0            0      0.00000 
   14    120.00000            0            0      0.00000 
   15    119.00000            0            0      0.00000 
   16    118.00000            0            0      0.00000 
   17    117.00000            0            0      0.00000 
   18    116.00000            0            0      0.00000 
   19    115.00000            0            0      0.00000 
   20    114.00000            0            0      0.00000 
   21    113.00000            0            0      0.00000 
   22    112.00000            0            0      0.00000 
   23    111.00000            0            0      0.00000 
   24    110.00000            0            0      0.00000 
   25    109.00000            0            0      0.00000 
   26    108.00000            0            0      0.00000 
   27    107.00000            0            0      0.00000 
   28    106.00000            0            0      0.00000 
   29    105.00000            0            0      0.00000 
   30    104.00000            0            0      0.00000 
   31    103.00000            0            0      0.00000 
   32    102.00000            0            0      0.00000 
   33    101.00000            0            0      0.00000 
   34    100.00000            0            0      0.00000 
   35     99.00000            0            0      0.00000 
   36     98.00000            0            0      0.00000 
   37     97.00000            0            0      0.00000 
   38     96.00000            0            0      0.00000 
   39     95.00000            0            0      0.00000 
   40     94.00000            0            0      0.00000 
   41     93.00000            0            0      0.00000 
   42     92.00000            0            0      0.00000 
   43     91.00000            0            0      0.00000 
   44     90.00000            0            0      0.00000 
   45     89.00000            0            0      0.00000 
   46     88.00000            0            0      0.00000 
   47     87.00000            0            0      0.00000 
   48     86.00000            0            0      0.00000 
   49     85.00000            0            0      0.00000 
   50     84.00000            6            6      1.00000 
   51     83.00000          114          122      0.96610 
   52     82.00000          218          244      0.94372 
   53     81.00000          301          353      0.92049 
   54     80.00000          404          496      0.89778 
   55     79.00000          491          631      0.87522 
   56     78.00000          579          754      0.86872 
   57     77.00000          645          867      0.85317 
   58     76.00000          720          980      0.84706 
   59     75.00000          772         1056      0.84464 
   60     74.00000          815         1104      0.84940 
   61     73.00000          851         1138      0.85571 
   62     72.00000          883         1175      0.85811 
   63     71.00000          912         1240      0.84758 
   64     70.00000         1040         1375      0.86128 
   65     69.00000         1117         1467      0.86455 
   66     68.00000         1154         1538      0.85736 
   67     67.00000         1150         1612      0.83273 
   68     66.00000         1125         1704      0.79533 
   69     65.00000         1086         1783      0.75706 
   70     64.00000         1020         1827      0.71654 
   71     63.00000          955         1862      0.67803 
   72     62.00000          902         1877      0.64915 
   73     61.00000          855         1906      0.61934 
   74     60.00000          800         1943      0.58330 
   75     59.00000          710         1926      0.53869 
   76     58.00000          610         1901      0.48586 
   77     57.00000          482         1868      0.39915 
   78     56.00000          457         1911      0.34882 
   79     55.00000          422         1947      0.29211 
   80     54.00000          359         1931      0.22183 
   81     53.00000          253         1917      0.11060 
   82     52.00000          224         1922      0.01398 
   83     51.00000          368         1917      0.05514 
   84     50.00000          485         1903      0.09129 
   85     49.00000          582         1834      0.12914 
   86     48.00000          674         1732      0.16126 
   87     47.00000          799         1649      0.22958 
   88     46.00000          965         1719      0.31073 
   89     45.00000         1137         1766      0.37685 
   90     44.00000         1268         1768      0.42622 
   91     43.00000         1365         1755      0.46859 
   92     42.00000         1512         1841      0.52550 
   93     41.00000         1700         2023      0.57373 
   94     40.00000         1897         2174      0.60919 
   95     39.00000         2049         2275      0.63552 
   96     38.00000         2182         2341      0.65885 
   97     37.00000         2424         2534      0.66962 
   98     36.00000         2627         2716      0.67902 
   99     35.00000         2811         2862      0.69205 
  100     34.00000         2926         2965      0.70345 
  101     33.00000         3047         3041      0.71583 
  102     32.00000         3257         3133      0.75243 
  103     31.00000         3457         3217      0.78454 
  104     30.00000         3608         3344      0.80725 
  105     29.00000         3666         3419      0.82230 
  106     28.00000         3692         3482      0.83468 
  107     27.00000         3683         3526      0.85060 
  108     26.00000         3628         3528      0.85858 
  109     25.00000         3577         3533      0.86779 
  110     24.00000         3404         3474      0.87118 
  111     23.00000         3238         3444      0.87638 
  112     22.00000         3099         3359      0.87519 
  113     21.00000         3027         3261      0.86991 
  114     20.00000         2918         3118      0.86282 
  115     19.00000         2740         2894      0.85552 
  116     18.00000         2586         2662      0.84756 
  117     17.00000         2419         2390      0.84799 
  118     16.00000         2343         2275      0.84452 
  119     15.00000         2251         2124      0.84114 
  120     14.00000         2162         1934      0.82910 
  121     13.00000         1970         1693      0.81900 
  122     12.00000         1753         1452      0.81934 
  123     11.00000         1749         1419      0.82008 
  124     10.00000         1736         1377      0.82236 
  125      9.00000         1691         1307      0.82789 
  126      8.00000         1682         1246      0.83197 
  127      7.00000         1626         1176      0.83940 
  128      6.00000         1582         1155      0.84399 
  129      5.00000         1546         1134      0.84627 
  130      4.00000         1506         1110      0.84862 
  131      3.00000         1511         1104      0.84436 
  132      2.00000         1503         1080      0.83624 
  133      1.00000         1484         1057      0.83196 
  134      0.00000         1474         1025      0.82033 
  135     -1.00000         1421          978      0.81534 
  136     -2.00000         1394          944      0.80753 
  137     -3.00000         1347          908      0.80532 
  138     -4.00000         1305          875      0.80275 
  139     -5.00000         1252          859      0.81383 
  140     -6.00000         1175          837      0.83201 
  141     -7.00000         1144          826      0.83858 
  142     -8.00000         1092          816      0.85535 
  143     -9.00000         1047          787      0.85823 
  144    -10.00000         1000          765      0.86686 
  145    -11.00000          950          736      0.87307 
  146    -12.00000          914          716      0.87853 
  147    -13.00000          871          682      0.87830 
  148    -14.00000          841          662      0.88090 
  149    -15.00000          795          620      0.87633 
  150    -16.00000          732          578      0.88244 
  151    -17.00000          675          529      0.87874 
  152    -18.00000          632          480      0.86331 
  153    -19.00000          576          443      0.86948 
  154    -20.00000          534          412      0.87104 
  155    -21.00000          470          355      0.86061 
  156    -22.00000          426          322      0.86096 
  157    -23.00000          379          276      0.84275 
  158    -24.00000          325          235      0.83929 
  159    -25.00000          271          189      0.82174 
  160    -26.00000          201          125      0.76687 
  161    -27.00000          137           68      0.66341 
  162    -28.00000           81            0      0.00000 
  163    -29.00000           64            0      0.00000 
  164    -30.00000           38            0      0.00000 
  165    -31.00000           21            0      0.00000 
  166    -32.00000            5            0      0.00000 
  167    -33.00000            0            0      0.00000 
  168    -34.00000            0            0      0.00000 
  169    -35.00000            0            0      0.00000 
  170    -36.00000            0            0      0.00000 
  171    -37.00000            0            0      0.00000 
  172    -38.00000            0            0      0.00000 
  173    -39.00000            0            0      0.00000 
  174    -40.00000            0            0      0.00000 
  175    -41.00000            0            0      0.00000 
  176    -42.00000            0            0      0.00000 
  177    -43.00000            0            0      0.00000 
  178    -44.00000            0            0      0.00000 
  179    -45.00000            0            0      0.00000 
  180    -46.00000            0            0      0.00000 
  181    -47.00000            0            0      0.00000 
  182    -48.00000            0            0      0.00000 
  183    -49.00000            0            0      0.00000 
  184    -50.00000            0            0      0.00000 
  185    -51.00000            0            0      0.00000 
  186    -52.00000            0            0      0.00000 
  187    -53.00000            0            0      0.00000 
  188    -54.00000            0            0      0.00000 
  189    -55.00000            0            0      0.00000 
  190    -56.00000            0            0      0.00000 
  191    -57.00000            0            0      0.00000 
  192    -58.00000            0            0      0.00000 
  193    -59.00000            0            0      0.00000 
  194    -60.00000            0            0      0.00000 
  195    -61.00000            0            0      0.00000 
  196    -62.00000            0            0      0.00000 
  197    -63.00000            0            0      0.00000 
  198    -64.00000            0            0      0.00000 
  199    -65.00000            0            0      0.00000 
  200    -66.00000            0            0      0.00000 
  201    -67.00000            0            0      0.00000 
  202    -68.00000            0            0      0.00000 
  203    -69.00000            0            0      0.00000 
  204    -70.00000            0            0      0.00000 
  205    -71.00000            0            0      0.00000 
  206    -72.00000            0            0      0.00000 
  207    -73.00000            0            0      0.00000 
  208    -74.00000            0            0      0.00000 
  209    -75.00000            0            0      0.00000 
  210    -76.00000            0            0      0.00000 
  211    -77.00000            0            0      0.00000 
  212    -78.00000            0            0      0.00000 
  213    -79.00000            0            0      0.00000 
  214    -80.00000            0            0      0.00000 
  215    -81.00000            0            0      0.00000 
  216    -82.00000            0            0      0.00000 
  217    -83.00000            0            0      0.00000 
  218    -84.00000            0            0      0.00000 
  219    -85.00000            0            0      0.00000 
  220    -86.00000            0            0      0.00000 
  221    -87.00000            0            0      0.00000 
  222    -88.00000            0            0      0.00000 
  223    -89.00000            0            0      0.00000 
  224    -90.00000            0            0      0.00000 
  225    -91.00000            0            0      0.00000 
  226    -92.00000            0            0      0.00000 
  227    -93.00000            0            0      0.00000 
  228    -94.00000            0            0      0.00000 
  229    -95.00000            0            0      0.00000 
  230    -96.00000            0            0      0.00000 
  231    -97.00000            0            0      0.00000 
  232    -98.00000            0            0      0.00000 
