# 3dSliceNDice -insetA 6m_1min_m5_binary+orig -insetB 6m_2min_m5_binary+orig -prefix 6m_1min_2min_m5
    0    134.00000            0            0      0.00000 
    1    133.00000            0            0      0.00000 
    2    132.00000            0            0      0.00000 
    3    131.00000            0            0      0.00000 
    4    130.00000            0            0      0.00000 
    5    129.00000            0            0      0.00000 
    6    128.00000            0            0      0.00000 
    7    127.00000            0            0      0.00000 
    8    126.00000            0            0      0.00000 
    9    125.00000            0            0      0.00000 
   10    124.00000            0            0      0.00000 
   11    123.00000            0            0      0.00000 
   12    122.00000            0            0      0.00000 
   13    121.00000            0            0      0.00000 
   14    120.00000            0            0      0.00000 
   15    119.00000            0            0      0.00000 
   16    118.00000            0            0      0.00000 
   17    117.00000            0            0      0.00000 
   18    116.00000            0            0      0.00000 
   19    115.00000            0            0      0.00000 
   20    114.00000            0            0      0.00000 
   21    113.00000            0            0      0.00000 
   22    112.00000            0            0      0.00000 
   23    111.00000            0            0      0.00000 
   24    110.00000            0            0      0.00000 
   25    109.00000            0            0      0.00000 
   26    108.00000            0            0      0.00000 
   27    107.00000            0            0      0.00000 
   28    106.00000            0            0      0.00000 
   29    105.00000            0            0      0.00000 
   30    104.00000            0            0      0.00000 
   31    103.00000            0            0      0.00000 
   32    102.00000            0            0      0.00000 
   33    101.00000            0            0      0.00000 
   34    100.00000            0            0      0.00000 
   35     99.00000            0            0      0.00000 
   36     98.00000            0            0      0.00000 
   37     97.00000            0            0      0.00000 
   38     96.00000            0            0      0.00000 
   39     95.00000            0            0      0.00000 
   40     94.00000            0            0      0.00000 
   41     93.00000            0            0      0.00000 
   42     92.00000            0            0      0.00000 
   43     91.00000            0            0      0.00000 
   44     90.00000            0            0      0.00000 
   45     89.00000            0            0      0.00000 
   46     88.00000            0            0      0.00000 
   47     87.00000            0            0      0.00000 
   48     86.00000            0            0      0.00000 
   49     85.00000            0            0      0.00000 
   50     84.00000            0            0      0.00000 
   51     83.00000            0            0      0.00000 
   52     82.00000            0            0      0.00000 
   53     81.00000            0            0      0.00000 
   54     80.00000            0            0      0.00000 
   55     79.00000            0            0      0.00000 
   56     78.00000            0            0      0.00000 
   57     77.00000            0            0      0.00000 
   58     76.00000           25           25      1.00000 
   59     75.00000           83           83      1.00000 
   60     74.00000          141          141      1.00000 
   61     73.00000          199          199      1.00000 
   62     72.00000          275          275      1.00000 
   63     71.00000          329          330      0.98331 
   64     70.00000          400          404      0.96766 
   65     69.00000          444          452      0.95089 
   66     68.00000          481          495      0.93852 
   67     67.00000          546          539      0.90691 
   68     66.00000          634          603      0.89410 
   69     65.00000          742          684      0.91164 
   70     64.00000          827          757      0.92803 
   71     63.00000          894          819      0.93754 
   72     62.00000          964          883      0.94965 
   73     61.00000          985          917      0.95794 
   74     60.00000         1024          970      0.97292 
   75     59.00000         1043         1010      0.97808 
   76     58.00000         1061         1052      0.97776 
   77     57.00000         1266         1391      0.92661 
   78     56.00000         1437         1670      0.91793 
   79     55.00000         1563         1862      0.91270 
   80     54.00000         1665         2007      0.90686 
   81     53.00000         1760         2114      0.90862 
   82     52.00000         1856         2215      0.91182 
   83     51.00000         1946         2276      0.92184 
   84     50.00000         2049         2352      0.92434 
   85     49.00000         2119         2397      0.92073 
   86     48.00000         2202         2456      0.91756 
   87     47.00000         2286         2518      0.91216 
   88     46.00000         2341         2539      0.90779 
   89     45.00000         2408         2584      0.90304 
   90     44.00000         2433         2578      0.90241 
   91     43.00000         2445         2580      0.90149 
   92     42.00000         2413         2516      0.90120 
   93     41.00000         2361         2448      0.90289 
   94     40.00000         2343         2380      0.90409 
   95     39.00000         2261         2251      0.90426 
   96     38.00000         2215         2134      0.91101 
   97     37.00000         2203         1989      0.91078 
   98     36.00000         2221         1926      0.89607 
   99     35.00000         2232         1858      0.88411 
  100     34.00000         2240         1767      0.85401 
  101     33.00000         2272         1665      0.81534 
  102     32.00000         2400         1881      0.82925 
  103     31.00000         2499         2083      0.86120 
  104     30.00000         2557         2211      0.87542 
  105     29.00000         2557         2285      0.88476 
  106     28.00000         2513         2299      0.88695 
  107     27.00000         2464         2349      0.90006 
  108     26.00000         2415         2378      0.91425 
  109     25.00000         2395         2449      0.92527 
  110     24.00000         2338         2446      0.92642 
  111     23.00000         2296         2441      0.92844 
  112     22.00000         2246         2469      0.92301 
  113     21.00000         2185         2470      0.91171 
  114     20.00000         2117         2453      0.89934 
  115     19.00000         2065         2393      0.89143 
  116     18.00000         2030         2368      0.88358 
  117     17.00000         2048         2348      0.88308 
  118     16.00000         2039         2310      0.88434 
  119     15.00000         2046         2292      0.88336 
  120     14.00000         2040         2271      0.88332 
  121     13.00000         2031         2256      0.88453 
  122     12.00000         2001         2213      0.88230 
  123     11.00000         1962         2149      0.88008 
  124     10.00000         1914         2083      0.87916 
  125      9.00000         1820         1984      0.87539 
  126      8.00000         1793         1950      0.87577 
  127      7.00000         1741         1868      0.87725 
  128      6.00000         1700         1793      0.88119 
  129      5.00000         1662         1711      0.88764 
  130      4.00000         1635         1618      0.90009 
  131      3.00000         1631         1517      0.91105 
  132      2.00000         1641         1411      0.90170 
  133      1.00000         1663         1361      0.88558 
  134      0.00000         1684         1306      0.87090 
  135     -1.00000         1649         1226      0.84661 
  136     -2.00000         1615         1185      0.83143 
  137     -3.00000         1540         1137      0.82480 
  138     -4.00000         1481         1091      0.81726 
  139     -5.00000         1417         1046      0.81039 
  140     -6.00000         1338          993      0.79708 
  141     -7.00000         1273          955      0.78546 
  142     -8.00000         1190          899      0.75539 
  143     -9.00000         1137          846      0.74231 
  144    -10.00000         1071          788      0.72082 
  145    -11.00000          952          702      0.69166 
  146    -12.00000          854          646      0.66000 
  147    -13.00000          789          574      0.63830 
  148    -14.00000          751          512      0.61599 
  149    -15.00000          710          435      0.58341 
  150    -16.00000          626          329      0.54031 
  151    -17.00000          540          172      0.38764 
  152    -18.00000          462            0      0.00000 
  153    -19.00000          419            0      0.00000 
  154    -20.00000          367            0      0.00000 
  155    -21.00000          299            0      0.00000 
  156    -22.00000          211            0      0.00000 
  157    -23.00000          126            0      0.00000 
  158    -24.00000           89            0      0.00000 
  159    -25.00000           58            0      0.00000 
  160    -26.00000           20            0      0.00000 
  161    -27.00000            5            0      0.00000 
  162    -28.00000           64           32      0.08333 
  163    -29.00000          176           88      0.28788 
  164    -30.00000          280          140      0.36190 
  165    -31.00000          360          180      0.39259 
  166    -32.00000          425          216      0.42434 
  167    -33.00000          484          256      0.44865 
  168    -34.00000          502          274      0.47423 
  169    -35.00000          529          293      0.47445 
  170    -36.00000          518          293      0.47596 
  171    -37.00000          508          291      0.47810 
  172    -38.00000          478          276      0.46950 
  173    -39.00000          433          259      0.46243 
  174    -40.00000          394          246      0.47188 
  175    -41.00000          343          236      0.45941 
  176    -42.00000          297          227      0.43511 
  177    -43.00000          225          208      0.37875 
  178    -44.00000          161          185      0.31214 
  179    -45.00000           93          149      0.14876 
  180    -46.00000           37          109      0.01370 
  181    -47.00000            5           89      0.00000 
  182    -48.00000            0           61      0.00000 
  183    -49.00000            0           34      0.00000 
  184    -50.00000            0            9      0.00000 
  185    -51.00000            0            0      0.00000 
  186    -52.00000            0            0      0.00000 
  187    -53.00000            0            0      0.00000 
  188    -54.00000            0            0      0.00000 
  189    -55.00000            0            0      0.00000 
  190    -56.00000            0            0      0.00000 
  191    -57.00000            0            0      0.00000 
  192    -58.00000            0            0      0.00000 
  193    -59.00000            0            0      0.00000 
  194    -60.00000            0            0      0.00000 
  195    -61.00000            0            0      0.00000 
  196    -62.00000            0            0      0.00000 
  197    -63.00000            0            0      0.00000 
  198    -64.00000            0            0      0.00000 
  199    -65.00000            0            0      0.00000 
  200    -66.00000            0            0      0.00000 
  201    -67.00000            0            0      0.00000 
  202    -68.00000            0            0      0.00000 
  203    -69.00000            0            0      0.00000 
  204    -70.00000            0            0      0.00000 
  205    -71.00000            0            0      0.00000 
  206    -72.00000            0            0      0.00000 
  207    -73.00000            0            0      0.00000 
  208    -74.00000            0            0      0.00000 
  209    -75.00000            0            0      0.00000 
  210    -76.00000            0            0      0.00000 
  211    -77.00000            0            0      0.00000 
  212    -78.00000            0            0      0.00000 
  213    -79.00000            0            0      0.00000 
  214    -80.00000            0            0      0.00000 
  215    -81.00000            0            0      0.00000 
  216    -82.00000            0            0      0.00000 
  217    -83.00000            0            0      0.00000 
  218    -84.00000            0            0      0.00000 
  219    -85.00000            0            0      0.00000 
  220    -86.00000            0            0      0.00000 
  221    -87.00000            0            0      0.00000 
  222    -88.00000            0            0      0.00000 
  223    -89.00000            0            0      0.00000 
  224    -90.00000            0            0      0.00000 
  225    -91.00000            0            0      0.00000 
  226    -92.00000            0            0      0.00000 
  227    -93.00000            0            0      0.00000 
  228    -94.00000            0            0      0.00000 
  229    -95.00000            0            0      0.00000 
  230    -96.00000            0            0      0.00000 
  231    -97.00000            0            0      0.00000 
  232    -98.00000            0            0      0.00000 
