# 3dSliceNDice -insetA 6m_1min_m2_binary+orig -insetB 6m_2min_m2_binary+orig -prefix 6m_1min_2min_m2
    0     96.00000            0            0      0.00000 
    1     95.00000            0            0      0.00000 
    2     94.00000            0            0      0.00000 
    3     93.00000            0            0      0.00000 
    4     92.00000            0            0      0.00000 
    5     91.00000            0            0      0.00000 
    6     90.00000            0            0      0.00000 
    7     89.00000            0            0      0.00000 
    8     88.00000            0            0      0.00000 
    9     87.00000            0            0      0.00000 
   10     86.00000            0            0      0.00000 
   11     85.00000            0            0      0.00000 
   12     84.00000            0            0      0.00000 
   13     83.00000            0            0      0.00000 
   14     82.00000            0            0      0.00000 
   15     81.00000            0            0      0.00000 
   16     80.00000            0            0      0.00000 
   17     79.00000            0            0      0.00000 
   18     78.00000            0            0      0.00000 
   19     77.00000            0            0      0.00000 
   20     76.00000            0            0      0.00000 
   21     75.00000            0            0      0.00000 
   22     74.00000            0            0      0.00000 
   23     73.00000            0            0      0.00000 
   24     72.00000            0            0      0.00000 
   25     71.00000            0            0      0.00000 
   26     70.00000            0            0      0.00000 
   27     69.00000            0            0      0.00000 
   28     68.00000            0            0      0.00000 
   29     67.00000            0            0      0.00000 
   30     66.00000            0            0      0.00000 
   31     65.00000            0            0      0.00000 
   32     64.00000            0            0      0.00000 
   33     63.00000            0            0      0.00000 
   34     62.00000            0            0      0.00000 
   35     61.00000            0            0      0.00000 
   36     60.00000            0            0      0.00000 
   37     59.00000            0            0      0.00000 
   38     58.00000           39            1      0.05000 
   39     57.00000          143           86      0.54148 
   40     56.00000          245          214      0.64488 
   41     55.00000          348          369      0.65272 
   42     54.00000          440          506      0.65962 
   43     53.00000          519          634      0.67997 
   44     52.00000          587          769      0.69322 
   45     51.00000          634          856      0.70872 
   46     50.00000          670          944      0.71128 
   47     49.00000          692          985      0.72033 
   48     48.00000          735         1047      0.73625 
   49     47.00000          757         1086      0.74661 
   50     46.00000          758         1091      0.75068 
   51     45.00000          746         1073      0.75646 
   52     44.00000          705         1015      0.76047 
   53     43.00000          676          972      0.75607 
   54     42.00000          616          885      0.76349 
   55     41.00000          582          842      0.75843 
   56     40.00000          570          797      0.77688 
   57     39.00000          540          713      0.78851 
   58     38.00000          486          646      0.77915 
   59     37.00000          463          602      0.78310 
   60     36.00000          492          609      0.79019 
   61     35.00000          516          607      0.79786 
   62     34.00000          533          575      0.79603 
   63     33.00000          547          512      0.78942 
   64     32.00000          574          534      0.89892 
   65     31.00000          652          623      0.93647 
   66     30.00000          742          716      0.96159 
   67     29.00000          811          794      0.98069 
   68     28.00000          872          858      0.98844 
   69     27.00000          931          920      0.99406 
   70     26.00000          996          972      0.98374 
   71     25.00000         1093         1048      0.97525 
   72     24.00000         1158         1095      0.96849 
   73     23.00000         1204         1127      0.96525 
   74     22.00000         1256         1193      0.97101 
   75     21.00000         1307         1280      0.98029 
   76     20.00000         1376         1361      0.97917 
   77     19.00000         1439         1434      0.97668 
   78     18.00000         1505         1501      0.97405 
   79     17.00000         1553         1556      0.97202 
   80     16.00000         1576         1576      0.97145 
   81     15.00000         1613         1613      0.97396 
   82     14.00000         1637         1637      0.97862 
   83     13.00000         1646         1642      0.98114 
   84     12.00000         1635         1624      0.98558 
   85     11.00000         1598         1589      0.98965 
   86     10.00000         1572         1575      0.98634 
   87      9.00000         1561         1585      0.98347 
   88      8.00000         1574         1616      0.97994 
   89      7.00000         1595         1661      0.97482 
   90      6.00000         1599         1678      0.97223 
   91      5.00000         1591         1692      0.96741 
   92      4.00000         1564         1670      0.96722 
   93      3.00000         1541         1655      0.96433 
   94      2.00000         1505         1620      0.96320 
   95      1.00000         1481         1589      0.96482 
   96      0.00000         1484         1588      0.96615 
   97     -1.00000         1497         1577      0.96942 
   98     -2.00000         1517         1585      0.96970 
   99     -3.00000         1528         1571      0.97386 
  100     -4.00000         1535         1559      0.97802 
  101     -5.00000         1528         1536      0.98107 
  102     -6.00000         1508         1492      0.98867 
  103     -7.00000         1470         1450      0.98904 
  104     -8.00000         1455         1433      0.98823 
  105     -9.00000         1449         1421      0.98676 
  106    -10.00000         1435         1404      0.98485 
  107    -11.00000         1460         1436      0.97099 
  108    -12.00000         1484         1495      0.95737 
  109    -13.00000         1488         1518      0.94744 
  110    -14.00000         1482         1517      0.94231 
  111    -15.00000         1485         1530      0.93864 
  112    -16.00000         1461         1514      0.94185 
  113    -17.00000         1447         1510      0.94285 
  114    -18.00000         1397         1467      0.94902 
  115    -19.00000         1345         1418      0.95114 
  116    -20.00000         1288         1368      0.95633 
  117    -21.00000         1206         1285      0.95624 
  118    -22.00000         1111         1182      0.95683 
  119    -23.00000         1034         1060      0.97135 
  120    -24.00000          996         1013      0.96864 
  121    -25.00000          951          949      0.96632 
  122    -26.00000          891          876      0.96095 
  123    -27.00000          827          819      0.94775 
  124    -28.00000          762          760      0.94350 
  125    -29.00000          690          697      0.94160 
  126    -30.00000          604          617      0.94021 
  127    -31.00000          506          524      0.93592 
  128    -32.00000          414          466      0.92727 
  129    -33.00000          337          421      0.88918 
  130    -34.00000          294          376      0.87761 
  131    -35.00000          244          329      0.85166 
  132    -36.00000          187          264      0.82927 
  133    -37.00000          137          200      0.78932 
  134    -38.00000           95          172      0.69663 
  135    -39.00000           56          166      0.46847 
  136    -40.00000           19          164      0.16393 
  137    -41.00000            0          180      0.00000 
  138    -42.00000            0          215      0.00000 
  139    -43.00000            0          252      0.00000 
  140    -44.00000            0          265      0.00000 
  141    -45.00000            0          276      0.00000 
  142    -46.00000            0          268      0.00000 
  143    -47.00000            0          258      0.00000 
  144    -48.00000            0          239      0.00000 
  145    -49.00000            0          205      0.00000 
  146    -50.00000            0          167      0.00000 
  147    -51.00000            0          125      0.00000 
  148    -52.00000            0           98      0.00000 
  149    -53.00000            0           64      0.00000 
  150    -54.00000            0           40      0.00000 
  151    -55.00000            0            7      0.00000 
  152    -56.00000            0            0      0.00000 
  153    -57.00000            0            0      0.00000 
  154    -58.00000            0            0      0.00000 
  155    -59.00000            0            0      0.00000 
  156    -60.00000            0            0      0.00000 
  157    -61.00000            0            0      0.00000 
  158    -62.00000            0            0      0.00000 
  159    -63.00000            0            0      0.00000 
  160    -64.00000            0            0      0.00000 
  161    -65.00000            0            0      0.00000 
  162    -66.00000            0            0      0.00000 
  163    -67.00000            0            0      0.00000 
  164    -68.00000            0            0      0.00000 
  165    -69.00000            0            0      0.00000 
  166    -70.00000            0            0      0.00000 
  167    -71.00000            0            0      0.00000 
  168    -72.00000            0            0      0.00000 
  169    -73.00000            0            0      0.00000 
  170    -74.00000            0            0      0.00000 
  171    -75.00000            0            0      0.00000 
  172    -76.00000            0            0      0.00000 
  173    -77.00000            0            0      0.00000 
  174    -78.00000            0            0      0.00000 
  175    -79.00000            0            0      0.00000 
  176    -80.00000            0            0      0.00000 
  177    -81.00000            0            0      0.00000 
  178    -82.00000            0            0      0.00000 
  179    -83.00000            0            0      0.00000 
  180    -84.00000            0            0      0.00000 
  181    -85.00000            0            0      0.00000 
  182    -86.00000            0            0      0.00000 
  183    -87.00000            0            0      0.00000 
  184    -88.00000            0            0      0.00000 
  185    -89.00000            0            0      0.00000 
  186    -90.00000            0            0      0.00000 
  187    -91.00000            0            0      0.00000 
  188    -92.00000            0            0      0.00000 
  189    -93.00000            0            0      0.00000 
  190    -94.00000            0            0      0.00000 
  191    -95.00000            0            0      0.00000 
  192    -96.00000            0            0      0.00000 
  193    -97.00000            0            0      0.00000 
  194    -98.00000            0            0      0.00000 
