# 3dSliceNDice -insetA 6m_1min_m4_binary+orig -insetB 6m_4min_m4_binary+orig -prefix 6m_1min_4min_m4
    0    -72.00000            0            0      0.00000 
    1    -71.00000            0            0      0.00000 
    2    -70.00000            0            0      0.00000 
    3    -69.00000            0            0      0.00000 
    4    -68.00000            0            0      0.00000 
    5    -67.00000            0            0      0.00000 
    6    -66.00000            0            0      0.00000 
    7    -65.00000            0            0      0.00000 
    8    -64.00000            0            0      0.00000 
    9    -63.00000            0            0      0.00000 
   10    -62.00000            0            0      0.00000 
   11    -61.00000            0            0      0.00000 
   12    -60.00000            0            0      0.00000 
   13    -59.00000            0            0      0.00000 
   14    -58.00000            0            0      0.00000 
   15    -57.00000            0            0      0.00000 
   16    -56.00000            0            0      0.00000 
   17    -55.00000            0            0      0.00000 
   18    -54.00000            0            0      0.00000 
   19    -53.00000            0            0      0.00000 
   20    -52.00000            0            0      0.00000 
   21    -51.00000            1            0      0.00000 
   22    -50.00000          151            0      0.00000 
   23    -49.00000          348            0      0.00000 
   24    -48.00000          588            0      0.00000 
   25    -47.00000          725            0      0.00000 
   26    -46.00000          848            0      0.00000 
   27    -45.00000          956            0      0.00000 
   28    -44.00000          991            0      0.00000 
   29    -43.00000         1026            0      0.00000 
   30    -42.00000         1004            0      0.00000 
   31    -41.00000          983            0      0.00000 
   32    -40.00000          948            0      0.00000 
   33    -39.00000          895            0      0.00000 
   34    -38.00000          813            0      0.00000 
   35    -37.00000          719           12      0.00000 
   36    -36.00000          663           80      0.00000 
   37    -35.00000          593          142      0.00000 
   38    -34.00000          499          198      0.00000 
   39    -33.00000          397          253      0.00000 
   40    -32.00000          434          678      0.24820 
   41    -31.00000          554          985      0.38986 
   42    -30.00000          619         1238      0.44696 
   43    -29.00000          671         1495      0.49215 
   44    -28.00000          728         1694      0.55161 
   45    -27.00000          802         1892      0.59540 
   46    -26.00000          908         2025      0.61916 
   47    -25.00000         1052         2197      0.64758 
   48    -24.00000         1155         2325      0.66379 
   49    -23.00000         1260         2459      0.67760 
   50    -22.00000         1400         2684      0.68560 
   51    -21.00000         1529         2918      0.68765 
   52    -20.00000         1662         3150      0.69077 
   53    -19.00000         1723         3288      0.68769 
   54    -18.00000         1777         3365      0.69117 
   55    -17.00000         1774         3358      0.69135 
   56    -16.00000         1747         3315      0.69024 
   57    -15.00000         1705         3231      0.69084 
   58    -14.00000         1615         3054      0.69180 
   59    -13.00000         1546         2904      0.69483 
   60    -12.00000         1427         2676      0.69559 
   61    -11.00000         1321         2529      0.68623 
   62    -10.00000         1191         2329      0.67670 
   63     -9.00000         1020         2045      0.66558 
   64     -8.00000          813         1651      0.65990 
   65     -7.00000          644         1118      0.73099 
   66     -6.00000          638         1053      0.75458 
   67     -5.00000          638          972      0.79255 
   68     -4.00000          621          873      0.83133 
   69     -3.00000          599          765      0.87830 
   70     -2.00000          564          701      0.89170 
   71     -1.00000          531          691      0.86907 
   72      0.00000          497          679      0.84524 
   73      1.00000          450          654      0.81522 
   74      2.00000          421          635      0.79735 
   75      3.00000          433          587      0.73137 
   76      4.00000          479          553      0.66085 
   77      5.00000          503          508      0.59149 
   78      6.00000          495          450      0.51005 
   79      7.00000          436          397      0.33613 
   80      8.00000          668          547      0.32922 
   81      9.00000         1000          707      0.43702 
   82     10.00000         1245          788      0.47713 
   83     11.00000         1422          822      0.50446 
   84     12.00000         1566          815      0.53255 
   85     13.00000         1751          875      0.61005 
   86     14.00000         1882         1069      0.67909 
   87     15.00000         2048         1231      0.71790 
   88     16.00000         2152         1346      0.74728 
   89     17.00000         2242         1443      0.76798 
   90     18.00000         2330         1609      0.80680 
   91     19.00000         2369         1704      0.82249 
   92     20.00000         2439         1834      0.84390 
   93     21.00000         2469         1898      0.85322 
   94     22.00000         2506         1948      0.85900 
   95     23.00000         2510         2006      0.87024 
   96     24.00000         2494         2020      0.87860 
   97     25.00000         2503         2050      0.88425 
   98     26.00000         2503         2059      0.88952 
   99     27.00000         2480         2060      0.89780 
  100     28.00000         2470         2105      0.88612 
  101     29.00000         2503         2187      0.85458 
  102     30.00000         2531         2300      0.83627 
  103     31.00000         2521         2373      0.82427 
  104     32.00000         2538         2443      0.81389 
  105     33.00000         2526         2540      0.81248 
  106     34.00000         2505         2607      0.81964 
  107     35.00000         2519         2684      0.82106 
  108     36.00000         2511         2716      0.82877 
  109     37.00000         2504         2737      0.83648 
  110     38.00000         2519         2763      0.84476 
  111     39.00000         2545         2740      0.84693 
  112     40.00000         2581         2737      0.85333 
  113     41.00000         2588         2709      0.86615 
  114     42.00000         2596         2699      0.88083 
  115     43.00000         2578         2632      0.89904 
  116     44.00000         2512         2523      0.91956 
  117     45.00000         2456         2425      0.93260 
  118     46.00000         2400         2304      0.94728 
  119     47.00000         2325         2187      0.95966 
  120     48.00000         2203         2054      0.96265 
  121     49.00000         2075         1927      0.96052 
  122     50.00000         1974         1831      0.96242 
  123     51.00000         1864         1735      0.96416 
  124     52.00000         1704         1626      0.97658 
  125     53.00000         1517         1471      0.98461 
  126     54.00000         1273         1248      0.99008 
  127     55.00000         1002          998      0.99800 
  128     56.00000          618          618      1.00000 
  129     57.00000          300          300      1.00000 
  130     58.00000           66           66      1.00000 
  131     59.00000            0            0      0.00000 
  132     60.00000            0            0      0.00000 
  133     61.00000            0            0      0.00000 
  134     62.00000            0            0      0.00000 
  135     63.00000            0            0      0.00000 
  136     64.00000            0            0      0.00000 
  137     65.00000            0            0      0.00000 
  138     66.00000            0            0      0.00000 
  139     67.00000            0            0      0.00000 
  140     68.00000            0            0      0.00000 
  141     69.00000            0            0      0.00000 
  142     70.00000            0            0      0.00000 
  143     71.00000            0            0      0.00000 
  144     72.00000            0            0      0.00000 
  145     73.00000            0            0      0.00000 
  146     74.00000            0            0      0.00000 
  147     75.00000            0            0      0.00000 
  148     76.00000            0            0      0.00000 
  149     77.00000            0            0      0.00000 
  150     78.00000            0            0      0.00000 
  151     79.00000            0            0      0.00000 
  152     80.00000            0            0      0.00000 
  153     81.00000            0            0      0.00000 
  154     82.00000            0            0      0.00000 
  155     83.00000            0            0      0.00000 
  156     84.00000            0            0      0.00000 
  157     85.00000            0            0      0.00000 
  158     86.00000            0            0      0.00000 
