# 3dSliceNDice -insetA 6m_1min_m3_binary+orig -insetB 6m_2min_m3_binary+orig -prefix 6m_1min_2min_m3
    0     96.00000            0            0      0.00000 
    1     95.00000            0            0      0.00000 
    2     94.00000            0            0      0.00000 
    3     93.00000            0            0      0.00000 
    4     92.00000            0            0      0.00000 
    5     91.00000            0            0      0.00000 
    6     90.00000            0            0      0.00000 
    7     89.00000            0            0      0.00000 
    8     88.00000            0            0      0.00000 
    9     87.00000            0            0      0.00000 
   10     86.00000            0            0      0.00000 
   11     85.00000            0            0      0.00000 
   12     84.00000            0            0      0.00000 
   13     83.00000            0            0      0.00000 
   14     82.00000            0            0      0.00000 
   15     81.00000            0            0      0.00000 
   16     80.00000            0            0      0.00000 
   17     79.00000            0            0      0.00000 
   18     78.00000            0            0      0.00000 
   19     77.00000            0            0      0.00000 
   20     76.00000            0            0      0.00000 
   21     75.00000            0            0      0.00000 
   22     74.00000            0            0      0.00000 
   23     73.00000            0            0      0.00000 
   24     72.00000            0            0      0.00000 
   25     71.00000            0            0      0.00000 
   26     70.00000            0            0      0.00000 
   27     69.00000            0            0      0.00000 
   28     68.00000            0            0      0.00000 
   29     67.00000            0            0      0.00000 
   30     66.00000            0            0      0.00000 
   31     65.00000            0            0      0.00000 
   32     64.00000            0            0      0.00000 
   33     63.00000            0            0      0.00000 
   34     62.00000            0            0      0.00000 
   35     61.00000            0            0      0.00000 
   36     60.00000            0            0      0.00000 
   37     59.00000            0            0      0.00000 
   38     58.00000            0            0      0.00000 
   39     57.00000            0            0      0.00000 
   40     56.00000            0            0      0.00000 
   41     55.00000            0            0      0.00000 
   42     54.00000            0            0      0.00000 
   43     53.00000            0            0      0.00000 
   44     52.00000            0            0      0.00000 
   45     51.00000            0            0      0.00000 
   46     50.00000            0            0      0.00000 
   47     49.00000            0            0      0.00000 
   48     48.00000            0            0      0.00000 
   49     47.00000           32           32      1.00000 
   50     46.00000           88           99      0.94118 
   51     45.00000          140          173      0.89457 
   52     44.00000          180          231      0.87591 
   53     43.00000          216          308      0.82443 
   54     42.00000          268          435      0.76245 
   55     41.00000          401          595      0.80522 
   56     40.00000          557          754      0.84973 
   57     39.00000          687          867      0.88417 
   58     38.00000          816          981      0.90818 
   59     37.00000          985         1101      0.91371 
   60     36.00000         1107         1199      0.89766 
   61     35.00000         1232         1307      0.89169 
   62     34.00000         1318         1393      0.88307 
   63     33.00000         1391         1468      0.87793 
   64     32.00000         1458         1575      0.87900 
   65     31.00000         1513         1659      0.88903 
   66     30.00000         1582         1757      0.88709 
   67     29.00000         1638         1828      0.88979 
   68     28.00000         1690         1891      0.89305 
   69     27.00000         1722         1939      0.89484 
   70     26.00000         1731         1960      0.89786 
   71     25.00000         1747         1983      0.90080 
   72     24.00000         1752         1955      0.90585 
   73     23.00000         1772         1947      0.91315 
   74     22.00000         1764         1974      0.90423 
   75     21.00000         1733         1984      0.89319 
   76     20.00000         1711         1986      0.89370 
   77     19.00000         1660         1945      0.89043 
   78     18.00000         1609         1903      0.88667 
   79     17.00000         1922         2103      0.89689 
   80     16.00000         2119         2296      0.88788 
   81     15.00000         2259         2437      0.87521 
   82     14.00000         2370         2550      0.86626 
   83     13.00000         2476         2662      0.85909 
   84     12.00000         2661         2787      0.86858 
   85     11.00000         2849         2865      0.88134 
   86     10.00000         3018         2991      0.88933 
   87      9.00000         3139         3079      0.89546 
   88      8.00000         3257         3150      0.89590 
   89      7.00000         3372         3219      0.89273 
   90      6.00000         3413         3216      0.89305 
   91      5.00000         3469         3259      0.89031 
   92      4.00000         3474         3269      0.89040 
   93      3.00000         3499         3275      0.89046 
   94      2.00000         3462         3227      0.89161 
   95      1.00000         3362         3116      0.89287 
   96      0.00000         3273         3016      0.89267 
   97     -1.00000         3270         3028      0.89806 
   98     -2.00000         3339         3128      0.90119 
   99     -3.00000         3345         3150      0.90593 
  100     -4.00000         3329         3148      0.90999 
  101     -5.00000         3290         3120      0.91451 
  102     -6.00000         3201         3041      0.91637 
  103     -7.00000         3076         2974      0.90843 
  104     -8.00000         2925         2877      0.89693 
  105     -9.00000         2842         2800      0.89578 
  106    -10.00000         2737         2709      0.89387 
  107    -11.00000         2581         2577      0.89259 
  108    -12.00000         2401         2371      0.89732 
  109    -13.00000         2140         2114      0.90315 
  110    -14.00000         2064         2130      0.89461 
  111    -15.00000         1973         2131      0.88694 
  112    -16.00000         1862         2094      0.87968 
  113    -17.00000         1763         2085      0.86694 
  114    -18.00000         1684         2046      0.87292 
  115    -19.00000         1706         2027      0.87972 
  116    -20.00000         1715         2009      0.88614 
  117    -21.00000         1687         1942      0.88344 
  118    -22.00000         1641         1891      0.87882 
  119    -23.00000         1592         1816      0.87031 
  120    -24.00000         1585         1729      0.88171 
  121    -25.00000         1583         1637      0.89503 
  122    -26.00000         1552         1508      0.90000 
  123    -27.00000         1545         1417      0.91020 
  124    -28.00000         1598         1419      0.92145 
  125    -29.00000         1646         1462      0.92021 
  126    -30.00000         1698         1500      0.91932 
  127    -31.00000         1662         1479      0.91181 
  128    -32.00000         1632         1443      0.89496 
  129    -33.00000         1777         1572      0.87907 
  130    -34.00000         1919         1752      0.86570 
  131    -35.00000         2014         1901      0.85824 
  132    -36.00000         1995         1953      0.84043 
  133    -37.00000         1929         1994      0.81417 
  134    -38.00000         1919         2021      0.81777 
  135    -39.00000         1960         2029      0.83931 
  136    -40.00000         1989         2058      0.86385 
  137    -41.00000         1952         1986      0.88624 
  138    -42.00000         1897         1889      0.90703 
  139    -43.00000         1836         1862      0.90535 
  140    -44.00000         1757         1798      0.89564 
  141    -45.00000         1674         1747      0.88980 
  142    -46.00000         1517         1626      0.87432 
  143    -47.00000         1349         1508      0.85684 
  144    -48.00000         1200         1370      0.85525 
  145    -49.00000         1099         1227      0.86500 
  146    -50.00000          998         1094      0.88815 
  147    -51.00000          897          934      0.91098 
  148    -52.00000          813          804      0.92888 
  149    -53.00000          662          641      0.94398 
  150    -54.00000          531          507      0.95183 
  151    -55.00000          410          381      0.95575 
  152    -56.00000          273          259      0.97368 
  153    -57.00000          152          152      1.00000 
  154    -58.00000           38           38      1.00000 
  155    -59.00000            0            0      0.00000 
  156    -60.00000            0            0      0.00000 
  157    -61.00000            0            0      0.00000 
  158    -62.00000            0            0      0.00000 
  159    -63.00000            0            0      0.00000 
  160    -64.00000            0            0      0.00000 
  161    -65.00000            0            0      0.00000 
  162    -66.00000            0            0      0.00000 
  163    -67.00000            0            0      0.00000 
  164    -68.00000            0            0      0.00000 
  165    -69.00000            0            0      0.00000 
  166    -70.00000            0            0      0.00000 
  167    -71.00000            0            0      0.00000 
  168    -72.00000            0            0      0.00000 
  169    -73.00000            0            0      0.00000 
  170    -74.00000            0            0      0.00000 
  171    -75.00000            0            0      0.00000 
  172    -76.00000            0            0      0.00000 
  173    -77.00000            0            0      0.00000 
  174    -78.00000            0            0      0.00000 
  175    -79.00000            0            0      0.00000 
  176    -80.00000            0            0      0.00000 
  177    -81.00000            0            0      0.00000 
  178    -82.00000            0            0      0.00000 
  179    -83.00000            0            0      0.00000 
  180    -84.00000            0            0      0.00000 
  181    -85.00000            0            0      0.00000 
  182    -86.00000            0            0      0.00000 
  183    -87.00000            0            0      0.00000 
  184    -88.00000            0            0      0.00000 
  185    -89.00000            0            0      0.00000 
  186    -90.00000            0            0      0.00000 
  187    -91.00000            0            0      0.00000 
  188    -92.00000            0            0      0.00000 
  189    -93.00000            0            0      0.00000 
  190    -94.00000            0            0      0.00000 
  191    -95.00000            0            0      0.00000 
  192    -96.00000            0            0      0.00000 
  193    -97.00000            0            0      0.00000 
  194    -98.00000            0            0      0.00000 
