# 3dSliceNDice -insetA 6m_1min_m2_binary+orig -insetB 6m_5min_m2_binary+orig -prefix 6m_1min_5min_m2
    0    134.00000            0            0      0.00000 
    1    133.00000            0            0      0.00000 
    2    132.00000            0            0      0.00000 
    3    131.00000            0            0      0.00000 
    4    130.00000            0            0      0.00000 
    5    129.00000            0            0      0.00000 
    6    128.00000            0            0      0.00000 
    7    127.00000            0            0      0.00000 
    8    126.00000            0            0      0.00000 
    9    125.00000            0            0      0.00000 
   10    124.00000            0            0      0.00000 
   11    123.00000            0            0      0.00000 
   12    122.00000            0            0      0.00000 
   13    121.00000            0            0      0.00000 
   14    120.00000            0            0      0.00000 
   15    119.00000            0            0      0.00000 
   16    118.00000            0            0      0.00000 
   17    117.00000            0            0      0.00000 
   18    116.00000            0            0      0.00000 
   19    115.00000            0            0      0.00000 
   20    114.00000            0            0      0.00000 
   21    113.00000            0            0      0.00000 
   22    112.00000            0            0      0.00000 
   23    111.00000            0            0      0.00000 
   24    110.00000            0            0      0.00000 
   25    109.00000            0            0      0.00000 
   26    108.00000            0            0      0.00000 
   27    107.00000            0            0      0.00000 
   28    106.00000            0            0      0.00000 
   29    105.00000            0            0      0.00000 
   30    104.00000            0            0      0.00000 
   31    103.00000            0            0      0.00000 
   32    102.00000            0            0      0.00000 
   33    101.00000            0            0      0.00000 
   34    100.00000            0            0      0.00000 
   35     99.00000            0            0      0.00000 
   36     98.00000            0            0      0.00000 
   37     97.00000            0            0      0.00000 
   38     96.00000            0            0      0.00000 
   39     95.00000            0            0      0.00000 
   40     94.00000            0            0      0.00000 
   41     93.00000            0            0      0.00000 
   42     92.00000            0            0      0.00000 
   43     91.00000            0            0      0.00000 
   44     90.00000            0            0      0.00000 
   45     89.00000            0            0      0.00000 
   46     88.00000            0            0      0.00000 
   47     87.00000            0            0      0.00000 
   48     86.00000            0            0      0.00000 
   49     85.00000            0            0      0.00000 
   50     84.00000            0            0      0.00000 
   51     83.00000            0            0      0.00000 
   52     82.00000            0            0      0.00000 
   53     81.00000            0            0      0.00000 
   54     80.00000            0            0      0.00000 
   55     79.00000            0            0      0.00000 
   56     78.00000            0            0      0.00000 
   57     77.00000            0            0      0.00000 
   58     76.00000            0            0      0.00000 
   59     75.00000            0            0      0.00000 
   60     74.00000            0            0      0.00000 
   61     73.00000            0            0      0.00000 
   62     72.00000            0            0      0.00000 
   63     71.00000            0            0      0.00000 
   64     70.00000            0            0      0.00000 
   65     69.00000            0            0      0.00000 
   66     68.00000            0            0      0.00000 
   67     67.00000            0            0      0.00000 
   68     66.00000            6            0      0.00000 
   69     65.00000           36            0      0.00000 
   70     64.00000           64            0      0.00000 
   71     63.00000           88            0      0.00000 
   72     62.00000          147           16      0.19632 
   73     61.00000          245           51      0.34459 
   74     60.00000          349           90      0.41002 
   75     59.00000          437          121      0.43369 
   76     58.00000          514          146      0.44242 
   77     57.00000          719          443      0.74355 
   78     56.00000          894          681      0.83302 
   79     55.00000         1049          849      0.85564 
   80     54.00000         1178          995      0.86977 
   81     53.00000         1293         1117      0.88133 
   82     52.00000         1426         1288      0.90494 
   83     51.00000         1566         1452      0.93439 
   84     50.00000         1718         1614      0.94838 
   85     49.00000         1854         1746      0.95667 
   86     48.00000         1976         1869      0.96229 
   87     47.00000         2128         2119      0.94420 
   88     46.00000         2243         2373      0.91724 
   89     45.00000         2377         2590      0.90356 
   90     44.00000         2482         2739      0.89140 
   91     43.00000         2562         2859      0.88213 
   92     42.00000         2617         2981      0.87103 
   93     41.00000         2670         3072      0.86102 
   94     40.00000         2747         3198      0.86123 
   95     39.00000         2779         3277      0.86625 
   96     38.00000         2832         3363      0.86844 
   97     37.00000         2852         3413      0.87119 
   98     36.00000         2835         3424      0.87586 
   99     35.00000         2849         3459      0.87413 
  100     34.00000         2831         3427      0.87216 
  101     33.00000         2850         3445      0.87053 
  102     32.00000         2841         3399      0.87115 
  103     31.00000         2813         3331      0.86849 
  104     30.00000         2777         3264      0.86774 
  105     29.00000         2712         3145      0.86700 
  106     28.00000         2627         3010      0.86039 
  107     27.00000         2502         2857      0.85501 
  108     26.00000         2384         2711      0.85182 
  109     25.00000         2245         2562      0.84793 
  110     24.00000         2048         2366      0.84866 
  111     23.00000         1829         2176      0.85293 
  112     22.00000         1639         2004      0.86467 
  113     21.00000         1535         1860      0.86775 
  114     20.00000         1418         1698      0.86970 
  115     19.00000         1310         1546      0.87535 
  116     18.00000         1224         1415      0.88064 
  117     17.00000         1170         1477      0.83189 
  118     16.00000         1120         1576      0.77448 
  119     15.00000         1077         1637      0.72808 
  120     14.00000         1046         1682      0.69648 
  121     13.00000         1013         1706      0.66642 
  122     12.00000          972         1730      0.64249 
  123     11.00000          928         1707      0.63302 
  124     10.00000          879         1692      0.61377 
  125      9.00000          785         1593      0.59209 
  126      8.00000          700         1504      0.57895 
  127      7.00000          510         1303      0.51296 
  128      6.00000          434         1214      0.48786 
  129      5.00000          364         1117      0.46725 
  130      4.00000          273          997      0.42047 
  131      3.00000          174          894      0.32584 
  132      2.00000          118          744      0.27378 
  133      1.00000           96          639      0.26122 
  134      0.00000           73          535      0.24013 
  135     -1.00000           41          405      0.18386 
  136     -2.00000           10          250      0.07692 
  137     -3.00000            0          105      0.00000 
  138     -4.00000            0           82      0.00000 
  139     -5.00000            0           57      0.00000 
  140     -6.00000            0           24      0.00000 
  141     -7.00000            0            0      0.00000 
  142     -8.00000            0            0      0.00000 
  143     -9.00000            0            0      0.00000 
  144    -10.00000            0            0      0.00000 
  145    -11.00000            0            0      0.00000 
  146    -12.00000            0            0      0.00000 
  147    -13.00000            0            0      0.00000 
  148    -14.00000            0            0      0.00000 
  149    -15.00000            0            0      0.00000 
  150    -16.00000            0            0      0.00000 
  151    -17.00000            0            0      0.00000 
  152    -18.00000            0            0      0.00000 
  153    -19.00000            0            0      0.00000 
  154    -20.00000            0            0      0.00000 
  155    -21.00000            0            0      0.00000 
  156    -22.00000            0            0      0.00000 
  157    -23.00000            0            0      0.00000 
  158    -24.00000            0            0      0.00000 
  159    -25.00000            0            0      0.00000 
  160    -26.00000            0            0      0.00000 
  161    -27.00000            0            0      0.00000 
  162    -28.00000            0            0      0.00000 
  163    -29.00000            0            0      0.00000 
  164    -30.00000            0            0      0.00000 
  165    -31.00000            0            0      0.00000 
  166    -32.00000            0            0      0.00000 
  167    -33.00000            0            0      0.00000 
  168    -34.00000            0            0      0.00000 
  169    -35.00000            0            0      0.00000 
  170    -36.00000            0            0      0.00000 
  171    -37.00000            0            0      0.00000 
  172    -38.00000            0            0      0.00000 
  173    -39.00000            0            0      0.00000 
  174    -40.00000            0            0      0.00000 
  175    -41.00000            0            0      0.00000 
  176    -42.00000            0            0      0.00000 
  177    -43.00000            0            0      0.00000 
  178    -44.00000            0            0      0.00000 
  179    -45.00000            0            0      0.00000 
  180    -46.00000            0            0      0.00000 
  181    -47.00000            0            0      0.00000 
  182    -48.00000            0            0      0.00000 
  183    -49.00000            0            0      0.00000 
  184    -50.00000            0            0      0.00000 
  185    -51.00000            0            0      0.00000 
  186    -52.00000            0            0      0.00000 
  187    -53.00000            0            0      0.00000 
  188    -54.00000            0            0      0.00000 
  189    -55.00000            0            0      0.00000 
  190    -56.00000            0            0      0.00000 
  191    -57.00000            0            0      0.00000 
  192    -58.00000            0            0      0.00000 
  193    -59.00000            0            0      0.00000 
  194    -60.00000            0            0      0.00000 
  195    -61.00000            0            0      0.00000 
  196    -62.00000            0            0      0.00000 
  197    -63.00000            0            0      0.00000 
  198    -64.00000            0            0      0.00000 
  199    -65.00000            0            0      0.00000 
  200    -66.00000            0            0      0.00000 
  201    -67.00000            0            0      0.00000 
  202    -68.00000            0            0      0.00000 
  203    -69.00000            0            0      0.00000 
  204    -70.00000            0            0      0.00000 
  205    -71.00000            0            0      0.00000 
  206    -72.00000            0            0      0.00000 
  207    -73.00000            0            0      0.00000 
  208    -74.00000            0            0      0.00000 
  209    -75.00000            0            0      0.00000 
  210    -76.00000            0            0      0.00000 
  211    -77.00000            0            0      0.00000 
  212    -78.00000            0            0      0.00000 
  213    -79.00000            0            0      0.00000 
  214    -80.00000            0            0      0.00000 
  215    -81.00000            0            0      0.00000 
  216    -82.00000            0            0      0.00000 
  217    -83.00000            0            0      0.00000 
  218    -84.00000            0            0      0.00000 
  219    -85.00000            0            0      0.00000 
  220    -86.00000            0            0      0.00000 
  221    -87.00000            0            0      0.00000 
  222    -88.00000            0            0      0.00000 
  223    -89.00000            0            0      0.00000 
  224    -90.00000            0            0      0.00000 
  225    -91.00000            0            0      0.00000 
  226    -92.00000            0            0      0.00000 
  227    -93.00000            0            0      0.00000 
  228    -94.00000            0            0      0.00000 
  229    -95.00000            0            0      0.00000 
  230    -96.00000            0            0      0.00000 
  231    -97.00000            0            0      0.00000 
  232    -98.00000            0            0      0.00000 
