# 3dSliceNDice -insetA 6m_1min_m4_binary+orig -insetB 6m_3min_m4_binary+orig -prefix 6m_1min_3min_m4
    0     96.00000            0            0      0.00000 
    1     95.00000            0            0      0.00000 
    2     94.00000            0            0      0.00000 
    3     93.00000            0            0      0.00000 
    4     92.00000            0            0      0.00000 
    5     91.00000            0            0      0.00000 
    6     90.00000            0            0      0.00000 
    7     89.00000            0            0      0.00000 
    8     88.00000            0            0      0.00000 
    9     87.00000            0            0      0.00000 
   10     86.00000            0            0      0.00000 
   11     85.00000            0            0      0.00000 
   12     84.00000            0            0      0.00000 
   13     83.00000            0            0      0.00000 
   14     82.00000            0            0      0.00000 
   15     81.00000            0            0      0.00000 
   16     80.00000            0            0      0.00000 
   17     79.00000            0            0      0.00000 
   18     78.00000            0            0      0.00000 
   19     77.00000            0            0      0.00000 
   20     76.00000            0            0      0.00000 
   21     75.00000            0            0      0.00000 
   22     74.00000            0            0      0.00000 
   23     73.00000            0            0      0.00000 
   24     72.00000            0            0      0.00000 
   25     71.00000            0            0      0.00000 
   26     70.00000            0            0      0.00000 
   27     69.00000            0            0      0.00000 
   28     68.00000            0            0      0.00000 
   29     67.00000            0            0      0.00000 
   30     66.00000            0            0      0.00000 
   31     65.00000            0            0      0.00000 
   32     64.00000            0            0      0.00000 
   33     63.00000            0            0      0.00000 
   34     62.00000            0            0      0.00000 
   35     61.00000            0            0      0.00000 
   36     60.00000            0            0      0.00000 
   37     59.00000            0            0      0.00000 
   38     58.00000            0            0      0.00000 
   39     57.00000            0            0      0.00000 
   40     56.00000            0            0      0.00000 
   41     55.00000            0            9      0.00000 
   42     54.00000           14           32      0.60870 
   43     53.00000           44           79      0.71545 
   44     52.00000           92          138      0.80000 
   45     51.00000          147          190      0.87240 
   46     50.00000          205          248      0.90508 
   47     49.00000          247          295      0.91144 
   48     48.00000          281          334      0.91382 
   49     47.00000          313          371      0.91520 
   50     46.00000          332          394      0.91460 
   51     45.00000          348          418      0.90862 
   52     44.00000          356          426      0.91049 
   53     43.00000          377          469      0.89125 
   54     42.00000          395          504      0.87875 
   55     41.00000          421          543      0.87344 
   56     40.00000          424          550      0.87064 
   57     39.00000          402          540      0.85350 
   58     38.00000          379          538      0.82661 
   59     37.00000          331          511      0.78622 
   60     36.00000          283          483      0.73890 
   61     35.00000          229          451      0.67353 
   62     34.00000          157          395      0.56884 
   63     33.00000           64          351      0.30843 
   64     32.00000            0          296      0.00000 
   65     31.00000            0          254      0.00000 
   66     30.00000            0          204      0.00000 
   67     29.00000            0          138      0.00000 
   68     28.00000            0           60      0.00000 
   69     27.00000            0            0      0.00000 
   70     26.00000            0            0      0.00000 
   71     25.00000            0            0      0.00000 
   72     24.00000            0            0      0.00000 
   73     23.00000            0            0      0.00000 
   74     22.00000          878          758      0.92665 
   75     21.00000         1157         1026      0.93999 
   76     20.00000         1321         1178      0.94278 
   77     19.00000         1437         1284      0.94377 
   78     18.00000         1523         1366      0.94566 
   79     17.00000         1713         1603      0.92823 
   80     16.00000         1846         1819      0.90750 
   81     15.00000         1978         2006      0.89408 
   82     14.00000         2066         2130      0.88275 
   83     13.00000         2144         2230      0.87243 
   84     12.00000         2371         2467      0.84539 
   85     11.00000         2557         2678      0.82445 
   86     10.00000         2719         2904      0.82163 
   87      9.00000         2831         3058      0.82119 
   88      8.00000         2919         3174      0.82029 
   89      7.00000         3082         3470      0.84371 
   90      6.00000         3274         3583      0.84235 
   91      5.00000         3409         3647      0.83872 
   92      4.00000         3455         3628      0.84230 
   93      3.00000         3438         3569      0.84116 
   94      2.00000         3454         3544      0.84138 
   95      1.00000         3359         3364      0.84516 
   96      0.00000         3290         3202      0.84258 
   97     -1.00000         3353         3244      0.84432 
   98     -2.00000         3518         3424      0.84817 
   99     -3.00000         3715         3598      0.85710 
  100     -4.00000         3844         3687      0.86416 
  101     -5.00000         3947         3751      0.87191 
  102     -6.00000         3959         3728      0.88123 
  103     -7.00000         3984         3672      0.89054 
  104     -8.00000         3973         3538      0.89389 
  105     -9.00000         3942         3474      0.88754 
  106    -10.00000         3890         3387      0.87921 
  107    -11.00000         3809         3252      0.86220 
  108    -12.00000         3679         3009      0.83164 
  109    -13.00000         3297         2297      0.73329 
  110    -14.00000         3152         2193      0.72404 
  111    -15.00000         2973         2071      0.71610 
  112    -16.00000         2685         1883      0.70709 
  113    -17.00000         2341         1668      0.69743 
  114    -18.00000         1823         1414      0.69941 
  115    -19.00000         1756         1369      0.67328 
  116    -20.00000         1663         1296      0.64549 
  117    -21.00000         1498         1162      0.61128 
  118    -22.00000         1316         1015      0.57743 
  119    -23.00000         1074          968      0.48188 
  120    -24.00000         1016         1053      0.42629 
  121    -25.00000          949         1100      0.37286 
  122    -26.00000          854         1125      0.32036 
  123    -27.00000          768         1142      0.27435 
  124    -28.00000          737         1220      0.28717 
  125    -29.00000          749         1300      0.35822 
  126    -30.00000          737         1385      0.39114 
  127    -31.00000          708         1416      0.40395 
  128    -32.00000          669         1410      0.40885 
  129    -33.00000          654         1428      0.43324 
  130    -34.00000          676         1499      0.46621 
  131    -35.00000          726         1567      0.50502 
  132    -36.00000          749         1568      0.53949 
  133    -37.00000          786         1585      0.56516 
  134    -38.00000          854         1553      0.59826 
  135    -39.00000          892         1523      0.62443 
  136    -40.00000          943         1504      0.65631 
  137    -41.00000          924         1444      0.66976 
  138    -42.00000          909         1390      0.68204 
  139    -43.00000          927         1416      0.69398 
  140    -44.00000          923         1432      0.69384 
  141    -45.00000          932         1459      0.70347 
  142    -46.00000          926         1443      0.70578 
  143    -47.00000          918         1425      0.70849 
  144    -48.00000          887         1393      0.70439 
  145    -49.00000          840         1307      0.70703 
  146    -50.00000          793         1218      0.71308 
  147    -51.00000          713         1087      0.71111 
  148    -52.00000          646          979      0.71754 
  149    -53.00000          561          847      0.72017 
  150    -54.00000          467          723      0.71933 
  151    -55.00000          384          646      0.69709 
  152    -56.00000          269          516      0.66752 
  153    -57.00000          188          372      0.65357 
  154    -58.00000            6           61      0.17910 
  155    -59.00000            0            0      0.00000 
  156    -60.00000            0            0      0.00000 
  157    -61.00000            0            0      0.00000 
  158    -62.00000            0            0      0.00000 
  159    -63.00000            0            0      0.00000 
  160    -64.00000            0            0      0.00000 
  161    -65.00000            0            0      0.00000 
  162    -66.00000            0            0      0.00000 
  163    -67.00000            0            0      0.00000 
  164    -68.00000            0            0      0.00000 
  165    -69.00000            0            0      0.00000 
  166    -70.00000            0            0      0.00000 
  167    -71.00000            0            0      0.00000 
  168    -72.00000            0            0      0.00000 
  169    -73.00000            0            0      0.00000 
  170    -74.00000            0            0      0.00000 
  171    -75.00000            0            0      0.00000 
  172    -76.00000            0            0      0.00000 
  173    -77.00000            0            0      0.00000 
  174    -78.00000            0            0      0.00000 
  175    -79.00000            0            0      0.00000 
  176    -80.00000            0            0      0.00000 
  177    -81.00000            0            0      0.00000 
  178    -82.00000            0            0      0.00000 
  179    -83.00000            0            0      0.00000 
  180    -84.00000            0            0      0.00000 
  181    -85.00000            0            0      0.00000 
  182    -86.00000            0            0      0.00000 
  183    -87.00000            0            0      0.00000 
  184    -88.00000            0            0      0.00000 
  185    -89.00000            0            0      0.00000 
  186    -90.00000            0            0      0.00000 
  187    -91.00000            0            0      0.00000 
  188    -92.00000            0            0      0.00000 
  189    -93.00000            0            0      0.00000 
  190    -94.00000            0            0      0.00000 
  191    -95.00000            0            0      0.00000 
  192    -96.00000            0            0      0.00000 
  193    -97.00000            0            0      0.00000 
  194    -98.00000            0            0      0.00000 
