# 3dSliceNDice -insetA 6m_1min_m5_binary+orig -insetB 6m_5min_m5_binary+orig -prefix 6m_1min_5min_m5
    0     96.00000            0            0      0.00000 
    1     95.00000            0            0      0.00000 
    2     94.00000            0            0      0.00000 
    3     93.00000            0            0      0.00000 
    4     92.00000            0            0      0.00000 
    5     91.00000            0            0      0.00000 
    6     90.00000            0            0      0.00000 
    7     89.00000            0            0      0.00000 
    8     88.00000            0            0      0.00000 
    9     87.00000            0            0      0.00000 
   10     86.00000            0            0      0.00000 
   11     85.00000            0            0      0.00000 
   12     84.00000            0            0      0.00000 
   13     83.00000            0            0      0.00000 
   14     82.00000            0            0      0.00000 
   15     81.00000            0            0      0.00000 
   16     80.00000            0            0      0.00000 
   17     79.00000            0            0      0.00000 
   18     78.00000            0            0      0.00000 
   19     77.00000            0            0      0.00000 
   20     76.00000            0            0      0.00000 
   21     75.00000            0            0      0.00000 
   22     74.00000            0            0      0.00000 
   23     73.00000            0            0      0.00000 
   24     72.00000            0            0      0.00000 
   25     71.00000            0            0      0.00000 
   26     70.00000            0            0      0.00000 
   27     69.00000            0            0      0.00000 
   28     68.00000            0            0      0.00000 
   29     67.00000            0            0      0.00000 
   30     66.00000            0            0      0.00000 
   31     65.00000            0            0      0.00000 
   32     64.00000            0            0      0.00000 
   33     63.00000            0            0      0.00000 
   34     62.00000            0            0      0.00000 
   35     61.00000            0            0      0.00000 
   36     60.00000            0            0      0.00000 
   37     59.00000            0            0      0.00000 
   38     58.00000            0            0      0.00000 
   39     57.00000            0            0      0.00000 
   40     56.00000            0            0      0.00000 
   41     55.00000            0            0      0.00000 
   42     54.00000           20            0      0.00000 
   43     53.00000          100            0      0.00000 
   44     52.00000          159            0      0.00000 
   45     51.00000          190            0      0.00000 
   46     50.00000          238            0      0.00000 
   47     49.00000          290            0      0.00000 
   48     48.00000          307            0      0.00000 
   49     47.00000          311            0      0.00000 
   50     46.00000          308            0      0.00000 
   51     45.00000          300            0      0.00000 
   52     44.00000          276            0      0.00000 
   53     43.00000          256            0      0.00000 
   54     42.00000          216            0      0.00000 
   55     41.00000          180            0      0.00000 
   56     40.00000          140            0      0.00000 
   57     39.00000           88            0      0.00000 
   58     38.00000           32            0      0.00000 
   59     37.00000           21           37      0.72414 
   60     36.00000           60           88      0.81081 
   61     35.00000          100          138      0.84034 
   62     34.00000          135          184      0.84639 
   63     33.00000          170          233      0.84367 
   64     32.00000          225          313      0.73606 
   65     31.00000          291          426      0.62204 
   66     30.00000          364          539      0.56921 
   67     29.00000          416          628      0.53257 
   68     28.00000          461          704      0.50987 
   69     27.00000          611          940      0.47324 
   70     26.00000          813         1104      0.55086 
   71     25.00000          972         1249      0.59523 
   72     24.00000         1085         1337      0.62841 
   73     23.00000         1189         1409      0.64819 
   74     22.00000         1440         1499      0.72338 
   75     21.00000         1648         1587      0.75981 
   76     20.00000         1839         1666      0.78516 
   77     19.00000         1964         1725      0.79967 
   78     18.00000         2072         1788      0.80933 
   79     17.00000         2773         2249      0.82955 
   80     16.00000         3127         2551      0.85417 
   81     15.00000         3381         2818      0.87240 
   82     14.00000         3534         3006      0.88318 
   83     13.00000         3637         3164      0.89457 
   84     12.00000         3841         3508      0.92530 
   85     11.00000         4033         3734      0.93627 
   86     10.00000         4210         3936      0.94009 
   87      9.00000         4324         4059      0.94167 
   88      8.00000         4425         4172      0.94358 
   89      7.00000         4570         4297      0.94079 
   90      6.00000         4650         4347      0.93631 
   91      5.00000         4697         4388      0.93561 
   92      4.00000         4656         4360      0.93656 
   93      3.00000         4607         4331      0.94026 
   94      2.00000         4494         4254      0.94330 
   95      1.00000         4309         4116      0.94528 
   96      0.00000         4174         4031      0.94942 
   97     -1.00000         4157         4019      0.94961 
   98     -2.00000         4265         4081      0.94488 
   99     -3.00000         4305         4053      0.93874 
  100     -4.00000         4300         3995      0.93309 
  101     -5.00000         4246         3888      0.92624 
  102     -6.00000         4095         3689      0.91727 
  103     -7.00000         3830         3451      0.90949 
  104     -8.00000         3467         3097      0.89488 
  105     -9.00000         3298         2955      0.88885 
  106    -10.00000         3063         2760      0.88065 
  107    -11.00000         2745         2496      0.87541 
  108    -12.00000         2273         2162      0.87802 
  109    -13.00000         1600         1870      0.88703 
  110    -14.00000         1568         1897      0.86984 
  111    -15.00000         1508         1870      0.85850 
  112    -16.00000         1401         1783      0.84799 
  113    -17.00000         1208         1624      0.82415 
  114    -18.00000          959         1253      0.85714 
  115    -19.00000          951         1253      0.85572 
  116    -20.00000          938         1250      0.85283 
  117    -21.00000          901         1215      0.84972 
  118    -22.00000          883         1206      0.84155 
  119    -23.00000          849         1237      0.81208 
  120    -24.00000          803         1272      0.77012 
  121    -25.00000          763         1295      0.73761 
  122    -26.00000          703         1255      0.71399 
  123    -27.00000          665         1222      0.70482 
  124    -28.00000          640         1170      0.70718 
  125    -29.00000          637         1091      0.73727 
  126    -30.00000          624         1003      0.76706 
  127    -31.00000          580          868      0.80110 
  128    -32.00000          555          736      0.85980 
  129    -33.00000          535          597      0.94523 
  130    -34.00000          494          531      0.96390 
  131    -35.00000          452          464      0.98690 
  132    -36.00000          397          384      0.96799 
  133    -37.00000          338          309      0.94590 
  134    -38.00000          289          235      0.89695 
  135    -39.00000          249          178      0.83372 
  136    -40.00000          208          117      0.72000 
  137    -41.00000          174           67      0.55602 
  138    -42.00000          150           24      0.27586 
  139    -43.00000          116            0      0.00000 
  140    -44.00000           82            0      0.00000 
  141    -45.00000           51            0      0.00000 
  142    -46.00000           19            0      0.00000 
  143    -47.00000            0            0      0.00000 
  144    -48.00000            0            0      0.00000 
  145    -49.00000            0            0      0.00000 
  146    -50.00000            0            0      0.00000 
  147    -51.00000            0            0      0.00000 
  148    -52.00000            0            0      0.00000 
  149    -53.00000            0            0      0.00000 
  150    -54.00000            0            0      0.00000 
  151    -55.00000            0            0      0.00000 
  152    -56.00000            0            0      0.00000 
  153    -57.00000            0            0      0.00000 
  154    -58.00000            0            0      0.00000 
  155    -59.00000            0            0      0.00000 
  156    -60.00000            0            0      0.00000 
  157    -61.00000            0            0      0.00000 
  158    -62.00000            0            0      0.00000 
  159    -63.00000            0            0      0.00000 
  160    -64.00000            0            0      0.00000 
  161    -65.00000            0            0      0.00000 
  162    -66.00000            0            0      0.00000 
  163    -67.00000            0            0      0.00000 
  164    -68.00000            0            0      0.00000 
  165    -69.00000            0            0      0.00000 
  166    -70.00000            0            0      0.00000 
  167    -71.00000            0            0      0.00000 
  168    -72.00000            0            0      0.00000 
  169    -73.00000            0            0      0.00000 
  170    -74.00000            0            0      0.00000 
  171    -75.00000            0            0      0.00000 
  172    -76.00000            0            0      0.00000 
  173    -77.00000            0            0      0.00000 
  174    -78.00000            0            0      0.00000 
  175    -79.00000            0            0      0.00000 
  176    -80.00000            0            0      0.00000 
  177    -81.00000            0            0      0.00000 
  178    -82.00000            0            0      0.00000 
  179    -83.00000            0            0      0.00000 
  180    -84.00000            0            0      0.00000 
  181    -85.00000            0            0      0.00000 
  182    -86.00000            0            0      0.00000 
  183    -87.00000            0            0      0.00000 
  184    -88.00000            0            0      0.00000 
  185    -89.00000            0            0      0.00000 
  186    -90.00000            0            0      0.00000 
  187    -91.00000            0            0      0.00000 
  188    -92.00000            0            0      0.00000 
  189    -93.00000            0            0      0.00000 
  190    -94.00000            0            0      0.00000 
  191    -95.00000            0            0      0.00000 
  192    -96.00000            0            0      0.00000 
  193    -97.00000            0            0      0.00000 
  194    -98.00000            0            0      0.00000 
