# 3dSliceNDice -insetA 6m_1min_m4_binary+orig -insetB 6m_2min_m4_binary+orig -prefix 6m_1min_2min_m4
    0     96.00000            0            0      0.00000 
    1     95.00000            0            0      0.00000 
    2     94.00000            0            0      0.00000 
    3     93.00000            0            0      0.00000 
    4     92.00000            0            0      0.00000 
    5     91.00000            0            0      0.00000 
    6     90.00000            0            0      0.00000 
    7     89.00000            0            0      0.00000 
    8     88.00000            0            0      0.00000 
    9     87.00000            0            0      0.00000 
   10     86.00000            0            0      0.00000 
   11     85.00000            0            0      0.00000 
   12     84.00000            0            0      0.00000 
   13     83.00000            0            0      0.00000 
   14     82.00000            0            0      0.00000 
   15     81.00000            0            0      0.00000 
   16     80.00000            0            0      0.00000 
   17     79.00000            0            0      0.00000 
   18     78.00000            0            0      0.00000 
   19     77.00000            0            0      0.00000 
   20     76.00000            0            0      0.00000 
   21     75.00000            0            0      0.00000 
   22     74.00000            0            0      0.00000 
   23     73.00000            0            0      0.00000 
   24     72.00000            0            0      0.00000 
   25     71.00000            0            0      0.00000 
   26     70.00000            0            0      0.00000 
   27     69.00000            0            0      0.00000 
   28     68.00000            0            0      0.00000 
   29     67.00000            0            0      0.00000 
   30     66.00000            0            0      0.00000 
   31     65.00000            0            0      0.00000 
   32     64.00000            0            0      0.00000 
   33     63.00000            0            0      0.00000 
   34     62.00000            0            0      0.00000 
   35     61.00000            0            0      0.00000 
   36     60.00000            0            0      0.00000 
   37     59.00000            0            0      0.00000 
   38     58.00000            0            0      0.00000 
   39     57.00000            0            0      0.00000 
   40     56.00000            0            0      0.00000 
   41     55.00000            0            0      0.00000 
   42     54.00000           14           14      1.00000 
   43     53.00000           44           44      1.00000 
   44     52.00000           92           87      0.97207 
   45     51.00000          147          123      0.91111 
   46     50.00000          205          160      0.87671 
   47     49.00000          247          184      0.85383 
   48     48.00000          281          201      0.83402 
   49     47.00000          313          211      0.80534 
   50     46.00000          332          215      0.78611 
   51     45.00000          348          231      0.78756 
   52     44.00000          356          242      0.77926 
   53     43.00000          377          261      0.77429 
   54     42.00000          395          285      0.76765 
   55     41.00000          421          310      0.75787 
   56     40.00000          424          318      0.74124 
   57     39.00000          402          308      0.72394 
   58     38.00000          379          316      0.73094 
   59     37.00000          331          316      0.74189 
   60     36.00000          283          308      0.74112 
   61     35.00000          229          300      0.72968 
   62     34.00000          157          276      0.66975 
   63     33.00000           64          256      0.40000 
   64     32.00000            0          216      0.00000 
   65     31.00000            0          180      0.00000 
   66     30.00000            0          140      0.00000 
   67     29.00000            0           88      0.00000 
   68     28.00000            0           32      0.00000 
   69     27.00000            0           79      0.00000 
   70     26.00000            0          154      0.00000 
   71     25.00000            0          211      0.00000 
   72     24.00000            0          262      0.00000 
   73     23.00000            0          301      0.00000 
   74     22.00000          878          926      0.91463 
   75     21.00000         1157         1167      0.93890 
   76     20.00000         1321         1330      0.94606 
   77     19.00000         1437         1449      0.95080 
   78     18.00000         1523         1534      0.95388 
   79     17.00000         1713         1649      0.96907 
   80     16.00000         1846         1738      0.96987 
   81     15.00000         1978         1858      0.96872 
   82     14.00000         2066         1932      0.96648 
   83     13.00000         2144         1996      0.96425 
   84     12.00000         2371         2259      0.94125 
   85     11.00000         2557         2465      0.93309 
   86     10.00000         2719         2633      0.93124 
   87      9.00000         2831         2750      0.93066 
   88      8.00000         2919         2825      0.93106 
   89      7.00000         3082         2977      0.93085 
   90      6.00000         3274         3056      0.92101 
   91      5.00000         3409         3143      0.91697 
   92      4.00000         3455         3176      0.91872 
   93      3.00000         3438         3151      0.91729 
   94      2.00000         3454         3147      0.91319 
   95      1.00000         3359         3045      0.91568 
   96      0.00000         3290         2955      0.90921 
   97     -1.00000         3353         3026      0.90578 
   98     -2.00000         3518         3195      0.90630 
   99     -3.00000         3715         3386      0.90748 
  100     -4.00000         3844         3494      0.91006 
  101     -5.00000         3947         3579      0.91098 
  102     -6.00000         3959         3602      0.91496 
  103     -7.00000         3984         3649      0.91812 
  104     -8.00000         3973         3626      0.91933 
  105     -9.00000         3942         3565      0.91754 
  106    -10.00000         3890         3492      0.91520 
  107    -11.00000         3809         3364      0.90701 
  108    -12.00000         3679         3162      0.88759 
  109    -13.00000         3297         2798      0.84988 
  110    -14.00000         3152         2646      0.83960 
  111    -15.00000         2973         2455      0.82461 
  112    -16.00000         2685         2181      0.79984 
  113    -17.00000         2341         1891      0.76229 
  114    -18.00000         1823         1532      0.72906 
  115    -19.00000         1756         1443      0.71085 
  116    -20.00000         1663         1334      0.68669 
  117    -21.00000         1498         1161      0.65664 
  118    -22.00000         1316          977      0.62189 
  119    -23.00000         1074          911      0.49572 
  120    -24.00000         1016         1001      0.43728 
  121    -25.00000          949         1036      0.38489 
  122    -26.00000          854         1020      0.33831 
  123    -27.00000          768          984      0.29909 
  124    -28.00000          737         1015      0.28425 
  125    -29.00000          749         1030      0.31366 
  126    -30.00000          737         1056      0.32683 
  127    -31.00000          708         1025      0.32429 
  128    -32.00000          669          980      0.30928 
  129    -33.00000          654          945      0.32645 
  130    -34.00000          676          931      0.38706 
  131    -35.00000          726          934      0.45060 
  132    -36.00000          749          916      0.50571 
  133    -37.00000          786          916      0.54524 
  134    -38.00000          854          910      0.61224 
  135    -39.00000          892          914      0.66667 
  136    -40.00000          943          898      0.70831 
  137    -41.00000          924          818      0.73249 
  138    -42.00000          909          760      0.75015 
  139    -43.00000          927          780      0.77211 
  140    -44.00000          923          797      0.79070 
  141    -45.00000          932          823      0.81595 
  142    -46.00000          926          833      0.83570 
  143    -47.00000          918          844      0.84904 
  144    -48.00000          887          831      0.86729 
  145    -49.00000          840          794      0.87882 
  146    -50.00000          793          754      0.89463 
  147    -51.00000          713          678      0.89576 
  148    -52.00000          646          616      0.88748 
  149    -53.00000          561          538      0.85896 
  150    -54.00000          467          448      0.83279 
  151    -55.00000          384          364      0.80749 
  152    -56.00000          269          250      0.75145 
  153    -57.00000          188          130      0.69182 
  154    -58.00000            6            3      0.66667 
  155    -59.00000            0            0      0.00000 
  156    -60.00000            0            0      0.00000 
  157    -61.00000            0            0      0.00000 
  158    -62.00000            0            0      0.00000 
  159    -63.00000            0            0      0.00000 
  160    -64.00000            0            0      0.00000 
  161    -65.00000            0            0      0.00000 
  162    -66.00000            0            0      0.00000 
  163    -67.00000            0            0      0.00000 
  164    -68.00000            0            0      0.00000 
  165    -69.00000            0            0      0.00000 
  166    -70.00000            0            0      0.00000 
  167    -71.00000            0            0      0.00000 
  168    -72.00000            0            0      0.00000 
  169    -73.00000            0            0      0.00000 
  170    -74.00000            0            0      0.00000 
  171    -75.00000            0            0      0.00000 
  172    -76.00000            0            0      0.00000 
  173    -77.00000            0            0      0.00000 
  174    -78.00000            0            0      0.00000 
  175    -79.00000            0            0      0.00000 
  176    -80.00000            0            0      0.00000 
  177    -81.00000            0            0      0.00000 
  178    -82.00000            0            0      0.00000 
  179    -83.00000            0            0      0.00000 
  180    -84.00000            0            0      0.00000 
  181    -85.00000            0            0      0.00000 
  182    -86.00000            0            0      0.00000 
  183    -87.00000            0            0      0.00000 
  184    -88.00000            0            0      0.00000 
  185    -89.00000            0            0      0.00000 
  186    -90.00000            0            0      0.00000 
  187    -91.00000            0            0      0.00000 
  188    -92.00000            0            0      0.00000 
  189    -93.00000            0            0      0.00000 
  190    -94.00000            0            0      0.00000 
  191    -95.00000            0            0      0.00000 
  192    -96.00000            0            0      0.00000 
  193    -97.00000            0            0      0.00000 
  194    -98.00000            0            0      0.00000 
