# 3dSliceNDice -insetA 6m_1min_m2_binary+orig -insetB 6m_3min_m2_binary+orig -prefix 6m_1min_3min_m2
    0     96.00000            0            0      0.00000 
    1     95.00000            0            0      0.00000 
    2     94.00000            0            0      0.00000 
    3     93.00000            0            0      0.00000 
    4     92.00000            0            0      0.00000 
    5     91.00000            0            0      0.00000 
    6     90.00000            0            0      0.00000 
    7     89.00000            0            0      0.00000 
    8     88.00000            0            0      0.00000 
    9     87.00000            0            0      0.00000 
   10     86.00000            0            0      0.00000 
   11     85.00000            0            0      0.00000 
   12     84.00000            0            0      0.00000 
   13     83.00000            0            0      0.00000 
   14     82.00000            0            0      0.00000 
   15     81.00000            0            0      0.00000 
   16     80.00000            0            0      0.00000 
   17     79.00000            0            0      0.00000 
   18     78.00000            0            0      0.00000 
   19     77.00000            0            0      0.00000 
   20     76.00000            0            0      0.00000 
   21     75.00000            0            0      0.00000 
   22     74.00000            0            0      0.00000 
   23     73.00000            0            0      0.00000 
   24     72.00000            0            0      0.00000 
   25     71.00000            0            0      0.00000 
   26     70.00000            0            0      0.00000 
   27     69.00000            0            0      0.00000 
   28     68.00000            0            0      0.00000 
   29     67.00000            0            0      0.00000 
   30     66.00000            0            0      0.00000 
   31     65.00000            0            0      0.00000 
   32     64.00000            0            0      0.00000 
   33     63.00000            0            0      0.00000 
   34     62.00000            0            0      0.00000 
   35     61.00000            0            0      0.00000 
   36     60.00000            0            0      0.00000 
   37     59.00000            0            0      0.00000 
   38     58.00000           39           85      0.22581 
   39     57.00000          143          283      0.47887 
   40     56.00000          245          409      0.62080 
   41     55.00000          348          557      0.66298 
   42     54.00000          440          703      0.68591 
   43     53.00000          519          812      0.71375 
   44     52.00000          587          900      0.73705 
   45     51.00000          634          947      0.76154 
   46     50.00000          670          987      0.77852 
   47     49.00000          692         1022      0.78180 
   48     48.00000          735         1074      0.79160 
   49     47.00000          757         1102      0.80043 
   50     46.00000          758         1103      0.80709 
   51     45.00000          746         1088      0.81352 
   52     44.00000          705         1024      0.81550 
   53     43.00000          676          979      0.81692 
   54     42.00000          616          883      0.82188 
   55     41.00000          582          796      0.81132 
   56     40.00000          570          715      0.79222 
   57     39.00000          540          610      0.77217 
   58     38.00000          486          500      0.74442 
   59     37.00000          463          452      0.73661 
   60     36.00000          492          469      0.76171 
   61     35.00000          516          476      0.78024 
   62     34.00000          533          459      0.78629 
   63     33.00000          547          421      0.80372 
   64     32.00000          574          435      0.86224 
   65     31.00000          652          509      0.87683 
   66     30.00000          742          588      0.88421 
   67     29.00000          811          655      0.89359 
   68     28.00000          872          713      0.89968 
   69     27.00000          931          803      0.90081 
   70     26.00000          996          923      0.90776 
   71     25.00000         1093         1038      0.91131 
   72     24.00000         1158         1113      0.91325 
   73     23.00000         1204         1170      0.91575 
   74     22.00000         1256         1249      0.93413 
   75     21.00000         1307         1327      0.95065 
   76     20.00000         1376         1387      0.96055 
   77     19.00000         1439         1442      0.96286 
   78     18.00000         1505         1486      0.96824 
   79     17.00000         1553         1526      0.97044 
   80     16.00000         1576         1533      0.97009 
   81     15.00000         1613         1566      0.97263 
   82     14.00000         1637         1593      0.97833 
   83     13.00000         1646         1604      0.98092 
   84     12.00000         1635         1598      0.98546 
   85     11.00000         1598         1580      0.98804 
   86     10.00000         1572         1583      0.98384 
   87      9.00000         1561         1600      0.97880 
   88      8.00000         1574         1637      0.97353 
   89      7.00000         1595         1693      0.96533 
   90      6.00000         1599         1716      0.96109 
   91      5.00000         1591         1741      0.95318 
   92      4.00000         1564         1719      0.95279 
   93      3.00000         1541         1704      0.94977 
   94      2.00000         1505         1669      0.94833 
   95      1.00000         1481         1638      0.94966 
   96      0.00000         1484         1637      0.95098 
   97     -1.00000         1497         1628      0.95360 
   98     -2.00000         1517         1636      0.95401 
   99     -3.00000         1528         1627      0.95658 
  100     -4.00000         1535         1618      0.95972 
  101     -5.00000         1528         1603      0.96008 
  102     -6.00000         1508         1562      0.96156 
  103     -7.00000         1470         1513      0.95944 
  104     -8.00000         1455         1481      0.95913 
  105     -9.00000         1449         1460      0.95840 
  106    -10.00000         1435         1420      0.95412 
  107    -11.00000         1460         1417      0.95099 
  108    -12.00000         1484         1429      0.94885 
  109    -13.00000         1488         1426      0.94647 
  110    -14.00000         1482         1422      0.94559 
  111    -15.00000         1485         1423      0.94635 
  112    -16.00000         1461         1403      0.94623 
  113    -17.00000         1447         1399      0.93675 
  114    -18.00000         1397         1359      0.93251 
  115    -19.00000         1345         1323      0.92654 
  116    -20.00000         1288         1281      0.91553 
  117    -21.00000         1206         1222      0.90362 
  118    -22.00000         1111         1181      0.88482 
  119    -23.00000         1034         1143      0.87092 
  120    -24.00000          996         1112      0.87856 
  121    -25.00000          951         1064      0.88933 
  122    -26.00000          891          986      0.90357 
  123    -27.00000          827          904      0.91161 
  124    -28.00000          762          852      0.88972 
  125    -29.00000          690          848      0.85826 
  126    -30.00000          604          822      0.82188 
  127    -31.00000          506          764      0.77795 
  128    -32.00000          414          714      0.71099 
  129    -33.00000          337          744      0.61055 
  130    -34.00000          294          802      0.52920 
  131    -35.00000          244          860      0.44022 
  132    -36.00000          187          873      0.35283 
  133    -37.00000          137          881      0.26916 
  134    -38.00000           95          895      0.19192 
  135    -39.00000           56          861      0.12214 
  136    -40.00000           19          849      0.04378 
  137    -41.00000            0          804      0.00000 
  138    -42.00000            0          798      0.00000 
  139    -43.00000            0          778      0.00000 
  140    -44.00000            0          748      0.00000 
  141    -45.00000            0          716      0.00000 
  142    -46.00000            0          648      0.00000 
  143    -47.00000            0          602      0.00000 
  144    -48.00000            0          511      0.00000 
  145    -49.00000            0          429      0.00000 
  146    -50.00000            0          337      0.00000 
  147    -51.00000            0          220      0.00000 
  148    -52.00000            0           92      0.00000 
  149    -53.00000            0            0      0.00000 
  150    -54.00000            0            0      0.00000 
  151    -55.00000            0            0      0.00000 
  152    -56.00000            0            0      0.00000 
  153    -57.00000            0            0      0.00000 
  154    -58.00000            0            0      0.00000 
  155    -59.00000            0            0      0.00000 
  156    -60.00000            0            0      0.00000 
  157    -61.00000            0            0      0.00000 
  158    -62.00000            0            0      0.00000 
  159    -63.00000            0            0      0.00000 
  160    -64.00000            0            0      0.00000 
  161    -65.00000            0            0      0.00000 
  162    -66.00000            0            0      0.00000 
  163    -67.00000            0            0      0.00000 
  164    -68.00000            0            0      0.00000 
  165    -69.00000            0            0      0.00000 
  166    -70.00000            0            0      0.00000 
  167    -71.00000            0            0      0.00000 
  168    -72.00000            0            0      0.00000 
  169    -73.00000            0            0      0.00000 
  170    -74.00000            0            0      0.00000 
  171    -75.00000            0            0      0.00000 
  172    -76.00000            0            0      0.00000 
  173    -77.00000            0            0      0.00000 
  174    -78.00000            0            0      0.00000 
  175    -79.00000            0            0      0.00000 
  176    -80.00000            0            0      0.00000 
  177    -81.00000            0            0      0.00000 
  178    -82.00000            0            0      0.00000 
  179    -83.00000            0            0      0.00000 
  180    -84.00000            0            0      0.00000 
  181    -85.00000            0            0      0.00000 
  182    -86.00000            0            0      0.00000 
  183    -87.00000            0            0      0.00000 
  184    -88.00000            0            0      0.00000 
  185    -89.00000            0            0      0.00000 
  186    -90.00000            0            0      0.00000 
  187    -91.00000            0            0      0.00000 
  188    -92.00000            0            0      0.00000 
  189    -93.00000            0            0      0.00000 
  190    -94.00000            0            0      0.00000 
  191    -95.00000            0            0      0.00000 
  192    -96.00000            0            0      0.00000 
  193    -97.00000            0            0      0.00000 
  194    -98.00000            0            0      0.00000 
