# 3dSliceNDice -insetA 6m_1min_m5_binary+orig -insetB 6m_2min_m5_binary+orig -prefix 6m_1min_2min_m5
    0     96.00000            0            0      0.00000 
    1     95.00000            0            0      0.00000 
    2     94.00000            0            0      0.00000 
    3     93.00000            0            0      0.00000 
    4     92.00000            0            0      0.00000 
    5     91.00000            0            0      0.00000 
    6     90.00000            0            0      0.00000 
    7     89.00000            0            0      0.00000 
    8     88.00000            0            0      0.00000 
    9     87.00000            0            0      0.00000 
   10     86.00000            0            0      0.00000 
   11     85.00000            0            0      0.00000 
   12     84.00000            0            0      0.00000 
   13     83.00000            0            0      0.00000 
   14     82.00000            0            0      0.00000 
   15     81.00000            0            0      0.00000 
   16     80.00000            0            0      0.00000 
   17     79.00000            0            0      0.00000 
   18     78.00000            0            0      0.00000 
   19     77.00000            0            0      0.00000 
   20     76.00000            0            0      0.00000 
   21     75.00000            0            0      0.00000 
   22     74.00000            0            0      0.00000 
   23     73.00000            0            0      0.00000 
   24     72.00000            0            0      0.00000 
   25     71.00000            0            0      0.00000 
   26     70.00000            0            0      0.00000 
   27     69.00000            0            0      0.00000 
   28     68.00000            0            0      0.00000 
   29     67.00000            0            0      0.00000 
   30     66.00000            0            0      0.00000 
   31     65.00000            0            0      0.00000 
   32     64.00000            0            0      0.00000 
   33     63.00000            0            0      0.00000 
   34     62.00000            0            0      0.00000 
   35     61.00000            0            0      0.00000 
   36     60.00000            0            0      0.00000 
   37     59.00000            0            0      0.00000 
   38     58.00000            0            0      0.00000 
   39     57.00000            0            0      0.00000 
   40     56.00000            0            0      0.00000 
   41     55.00000            0            0      0.00000 
   42     54.00000           20            0      0.00000 
   43     53.00000          100            0      0.00000 
   44     52.00000          159            0      0.00000 
   45     51.00000          190            0      0.00000 
   46     50.00000          238            0      0.00000 
   47     49.00000          290            0      0.00000 
   48     48.00000          307            0      0.00000 
   49     47.00000          311            0      0.00000 
   50     46.00000          308            0      0.00000 
   51     45.00000          300            0      0.00000 
   52     44.00000          276            0      0.00000 
   53     43.00000          256            0      0.00000 
   54     42.00000          216            0      0.00000 
   55     41.00000          180            0      0.00000 
   56     40.00000          140            0      0.00000 
   57     39.00000           88            0      0.00000 
   58     38.00000           32            0      0.00000 
   59     37.00000           21           45      0.63636 
   60     36.00000           60          107      0.71856 
   61     35.00000          100          164      0.75758 
   62     34.00000          135          214      0.77364 
   63     33.00000          170          263      0.78522 
   64     32.00000          225          305      0.74717 
   65     31.00000          291          344      0.70236 
   66     30.00000          364          400      0.67277 
   67     29.00000          416          448      0.64352 
   68     28.00000          461          488      0.62592 
   69     27.00000          611          707      0.55083 
   70     26.00000          813          870      0.60487 
   71     25.00000          972         1016      0.63984 
   72     24.00000         1085         1111      0.66576 
   73     23.00000         1189         1185      0.67902 
   74     22.00000         1440         1296      0.75146 
   75     21.00000         1648         1386      0.77390 
   76     20.00000         1839         1508      0.78399 
   77     19.00000         1964         1598      0.78664 
   78     18.00000         2072         1680      0.78785 
   79     17.00000         2773         2255      0.80270 
   80     16.00000         3127         2639      0.82622 
   81     15.00000         3381         2954      0.84830 
   82     14.00000         3534         3183      0.86676 
   83     13.00000         3637         3370      0.88312 
   84     12.00000         3841         3642      0.91701 
   85     11.00000         4033         3841      0.93066 
   86     10.00000         4210         4020      0.93657 
   87      9.00000         4324         4109      0.93774 
   88      8.00000         4425         4189      0.93870 
   89      7.00000         4570         4287      0.93508 
   90      6.00000         4650         4308      0.92722 
   91      5.00000         4697         4335      0.92294 
   92      4.00000         4656         4296      0.92136 
   93      3.00000         4607         4261      0.92129 
   94      2.00000         4494         4168      0.92381 
   95      1.00000         4309         4018      0.92807 
   96      0.00000         4174         3935      0.93402 
   97     -1.00000         4157         3888      0.93052 
   98     -2.00000         4265         3931      0.92338 
   99     -3.00000         4305         3858      0.91437 
  100     -4.00000         4300         3770      0.90805 
  101     -5.00000         4246         3640      0.90109 
  102     -6.00000         4095         3461      0.89545 
  103     -7.00000         3830         3261      0.89719 
  104     -8.00000         3467         3028      0.90654 
  105     -9.00000         3298         2904      0.91035 
  106    -10.00000         3063         2738      0.91570 
  107    -11.00000         2745         2497      0.91988 
  108    -12.00000         2273         2194      0.92232 
  109    -13.00000         1600         1737      0.90980 
  110    -14.00000         1568         1721      0.89206 
  111    -15.00000         1508         1677      0.88666 
  112    -16.00000         1401         1575      0.87769 
  113    -17.00000         1208         1400      0.85813 
  114    -18.00000          959         1069      0.90631 
  115    -19.00000          951         1063      0.90765 
  116    -20.00000          938         1060      0.90390 
  117    -21.00000          901         1026      0.90192 
  118    -22.00000          883         1006      0.90524 
  119    -23.00000          849         1030      0.87174 
  120    -24.00000          803         1064      0.82592 
  121    -25.00000          763         1077      0.78804 
  122    -26.00000          703         1043      0.75945 
  123    -27.00000          665         1018      0.73440 
  124    -28.00000          640          974      0.73234 
  125    -29.00000          637          909      0.75938 
  126    -30.00000          624          832      0.78297 
  127    -31.00000          580          712      0.80186 
  128    -32.00000          555          614      0.83661 
  129    -33.00000          535          561      0.85219 
  130    -34.00000          494          558      0.82319 
  131    -35.00000          452          547      0.79079 
  132    -36.00000          397          527      0.73810 
  133    -37.00000          338          492      0.65783 
  134    -38.00000          289          483      0.58808 
  135    -39.00000          249          495      0.58871 
  136    -40.00000          208          501      0.56700 
  137    -41.00000          174          482      0.53049 
  138    -42.00000          150          466      0.48701 
  139    -43.00000          116          432      0.42336 
  140    -44.00000           82          390      0.34746 
  141    -45.00000           51          351      0.25373 
  142    -46.00000           19          295      0.12102 
  143    -47.00000            0          256      0.00000 
  144    -48.00000            0          216      0.00000 
  145    -49.00000            0          180      0.00000 
  146    -50.00000            0          140      0.00000 
  147    -51.00000            0           88      0.00000 
  148    -52.00000            0           32      0.00000 
  149    -53.00000            0            0      0.00000 
  150    -54.00000            0            0      0.00000 
  151    -55.00000            0            0      0.00000 
  152    -56.00000            0            0      0.00000 
  153    -57.00000            0            0      0.00000 
  154    -58.00000            0            0      0.00000 
  155    -59.00000            0            0      0.00000 
  156    -60.00000            0            0      0.00000 
  157    -61.00000            0            0      0.00000 
  158    -62.00000            0            0      0.00000 
  159    -63.00000            0            0      0.00000 
  160    -64.00000            0            0      0.00000 
  161    -65.00000            0            0      0.00000 
  162    -66.00000            0            0      0.00000 
  163    -67.00000            0            0      0.00000 
  164    -68.00000            0            0      0.00000 
  165    -69.00000            0            0      0.00000 
  166    -70.00000            0            0      0.00000 
  167    -71.00000            0            0      0.00000 
  168    -72.00000            0            0      0.00000 
  169    -73.00000            0            0      0.00000 
  170    -74.00000            0            0      0.00000 
  171    -75.00000            0            0      0.00000 
  172    -76.00000            0            0      0.00000 
  173    -77.00000            0            0      0.00000 
  174    -78.00000            0            0      0.00000 
  175    -79.00000            0            0      0.00000 
  176    -80.00000            0            0      0.00000 
  177    -81.00000            0            0      0.00000 
  178    -82.00000            0            0      0.00000 
  179    -83.00000            0            0      0.00000 
  180    -84.00000            0            0      0.00000 
  181    -85.00000            0            0      0.00000 
  182    -86.00000            0            0      0.00000 
  183    -87.00000            0            0      0.00000 
  184    -88.00000            0            0      0.00000 
  185    -89.00000            0            0      0.00000 
  186    -90.00000            0            0      0.00000 
  187    -91.00000            0            0      0.00000 
  188    -92.00000            0            0      0.00000 
  189    -93.00000            0            0      0.00000 
  190    -94.00000            0            0      0.00000 
  191    -95.00000            0            0      0.00000 
  192    -96.00000            0            0      0.00000 
  193    -97.00000            0            0      0.00000 
  194    -98.00000            0            0      0.00000 
