# 3dSliceNDice -insetA 6m_1min_m3_binary+orig -insetB 6m_2min_m3_binary+orig -prefix 6m_1min_2min_m3
    0    134.00000            0            0      0.00000 
    1    133.00000            0            0      0.00000 
    2    132.00000            0            0      0.00000 
    3    131.00000            0            0      0.00000 
    4    130.00000            0            0      0.00000 
    5    129.00000            0            0      0.00000 
    6    128.00000            0            0      0.00000 
    7    127.00000            0            0      0.00000 
    8    126.00000            0            0      0.00000 
    9    125.00000            0            0      0.00000 
   10    124.00000            0            0      0.00000 
   11    123.00000            0            0      0.00000 
   12    122.00000            0            0      0.00000 
   13    121.00000            0            0      0.00000 
   14    120.00000            0            0      0.00000 
   15    119.00000            0            0      0.00000 
   16    118.00000            0            0      0.00000 
   17    117.00000            0            0      0.00000 
   18    116.00000            0            0      0.00000 
   19    115.00000            0            0      0.00000 
   20    114.00000            0            0      0.00000 
   21    113.00000            0            0      0.00000 
   22    112.00000            0            0      0.00000 
   23    111.00000            0            0      0.00000 
   24    110.00000            0            0      0.00000 
   25    109.00000            0            0      0.00000 
   26    108.00000            0            0      0.00000 
   27    107.00000            0            0      0.00000 
   28    106.00000            0            0      0.00000 
   29    105.00000            0            0      0.00000 
   30    104.00000            0            0      0.00000 
   31    103.00000            0            0      0.00000 
   32    102.00000            0            0      0.00000 
   33    101.00000            0            0      0.00000 
   34    100.00000            0            0      0.00000 
   35     99.00000            0            0      0.00000 
   36     98.00000            0            0      0.00000 
   37     97.00000            0            0      0.00000 
   38     96.00000            0            0      0.00000 
   39     95.00000            0            0      0.00000 
   40     94.00000            0            0      0.00000 
   41     93.00000            0            0      0.00000 
   42     92.00000            0            0      0.00000 
   43     91.00000            0            0      0.00000 
   44     90.00000            0            0      0.00000 
   45     89.00000            0            0      0.00000 
   46     88.00000            0            0      0.00000 
   47     87.00000            0            0      0.00000 
   48     86.00000            0            0      0.00000 
   49     85.00000            0            0      0.00000 
   50     84.00000            0            0      0.00000 
   51     83.00000            0            0      0.00000 
   52     82.00000            0            0      0.00000 
   53     81.00000            0            9      0.00000 
   54     80.00000            0           43      0.00000 
   55     79.00000            0          105      0.00000 
   56     78.00000            0          189      0.00000 
   57     77.00000           44          303      0.25360 
   58     76.00000          186          492      0.54867 
   59     75.00000          378          722      0.68727 
   60     74.00000          580          945      0.76066 
   61     73.00000          767         1142      0.80356 
   62     72.00000         1005         1385      0.84100 
   63     71.00000         1198         1637      0.84515 
   64     70.00000         1527         1974      0.87232 
   65     69.00000         1739         2212      0.88028 
   66     68.00000         1890         2411      0.87887 
   67     67.00000         2057         2584      0.88645 
   68     66.00000         2196         2737      0.89033 
   69     65.00000         2363         2928      0.89321 
   70     64.00000         2462         3044      0.89430 
   71     63.00000         2556         3142      0.89716 
   72     62.00000         2586         3157      0.90057 
   73     61.00000         2570         3140      0.90018 
   74     60.00000         2552         3110      0.90145 
   75     59.00000         2448         3004      0.89802 
   76     58.00000         2334         2896      0.89254 
   77     57.00000         2212         2732      0.89482 
   78     56.00000         2223         2692      0.90458 
   79     55.00000         2229         2657      0.91240 
   80     54.00000         2218         2605      0.91976 
   81     53.00000         2236         2596      0.92550 
   82     52.00000         2299         2627      0.93138 
   83     51.00000         2388         2689      0.93323 
   84     50.00000         2471         2818      0.92532 
   85     49.00000         2458         2893      0.90936 
   86     48.00000         2493         2992      0.89991 
   87     47.00000         2454         3022      0.88714 
   88     46.00000         2429         3029      0.87724 
   89     45.00000         2398         3044      0.86512 
   90     44.00000         2285         2958      0.85180 
   91     43.00000         2182         2918      0.83373 
   92     42.00000         2087         2849      0.82212 
   93     41.00000         2118         2785      0.84479 
   94     40.00000         2178         2728      0.86302 
   95     39.00000         2185         2613      0.88328 
   96     38.00000         2182         2446      0.91141 
   97     37.00000         2235         2285      0.93584 
   98     36.00000         2327         2307      0.92792 
   99     35.00000         2417         2366      0.91951 
  100     34.00000         2496         2424      0.91504 
  101     33.00000         2575         2479      0.91057 
  102     32.00000         2651         2531      0.90583 
  103     31.00000         2680         2550      0.90402 
  104     30.00000         2738         2565      0.90251 
  105     29.00000         2765         2562      0.90445 
  106     28.00000         2792         2568      0.90336 
  107     27.00000         2794         2538      0.90510 
  108     26.00000         2795         2497      0.90325 
  109     25.00000         2800         2444      0.89817 
  110     24.00000         2771         2378      0.89066 
  111     23.00000         2747         2316      0.88762 
  112     22.00000         2689         2219      0.88305 
  113     21.00000         2658         2176      0.88540 
  114     20.00000         2616         2131      0.88519 
  115     19.00000         2536         2054      0.88627 
  116     18.00000         2481         1998      0.88189 
  117     17.00000         2696         2095      0.86829 
  118     16.00000         2860         2216      0.86840 
  119     15.00000         2928         2260      0.86816 
  120     14.00000         2948         2268      0.86695 
  121     13.00000         2963         2286      0.86607 
  122     12.00000         2977         2313      0.86730 
  123     11.00000         2936         2351      0.87687 
  124     10.00000         2900         2398      0.88637 
  125      9.00000         2785         2377      0.89384 
  126      8.00000         2695         2366      0.90180 
  127      7.00000         2465         2240      0.90840 
  128      6.00000         2349         2136      0.90078 
  129      5.00000         2246         2033      0.89600 
  130      4.00000         2104         1863      0.88682 
  131      3.00000         1949         1690      0.87606 
  132      2.00000         1733         1521      0.89859 
  133      1.00000         1644         1427      0.89287 
  134      0.00000         1551         1323      0.88796 
  135     -1.00000         1432         1194      0.87814 
  136     -2.00000         1278         1066      0.86945 
  137     -3.00000         1100          932      0.89469 
  138     -4.00000         1024          871      0.90026 
  139     -5.00000          947          796      0.90075 
  140     -6.00000          822          684      0.90173 
  141     -7.00000          699          585      0.91121 
  142     -8.00000          587          519      0.93852 
  143     -9.00000          546          489      0.94493 
  144    -10.00000          509          450      0.93848 
  145    -11.00000          463          393      0.91822 
  146    -12.00000          426          337      0.88336 
  147    -13.00000          386          296      0.86804 
  148    -14.00000          350          296      0.91641 
  149    -15.00000          317          300      0.97245 
  150    -16.00000          305          305      1.00000 
  151    -17.00000          304          304      1.00000 
  152    -18.00000          312          296      0.97368 
  153    -19.00000          330          284      0.92508 
  154    -20.00000          341          271      0.88562 
  155    -21.00000          343          246      0.83531 
  156    -22.00000          348          236      0.80822 
  157    -23.00000          332          225      0.80790 
  158    -24.00000          325          253      0.87543 
  159    -25.00000          312          255      0.89947 
  160    -26.00000          288          234      0.89655 
  161    -27.00000          266          207      0.87526 
  162    -28.00000          249          196      0.88090 
  163    -29.00000          239          194      0.89607 
  164    -30.00000          235          199      0.91705 
  165    -31.00000          222          195      0.93525 
  166    -32.00000          207          189      0.95455 
  167    -33.00000          184          173      0.96919 
  168    -34.00000          162          157      0.98433 
  169    -35.00000          138          137      0.99636 
  170    -36.00000          108          108      1.00000 
  171    -37.00000           88           88      1.00000 
  172    -38.00000           61           61      1.00000 
  173    -39.00000           44           44      1.00000 
  174    -40.00000           26           26      1.00000 
  175    -41.00000            5            5      1.00000 
  176    -42.00000            0            0      0.00000 
  177    -43.00000            0            0      0.00000 
  178    -44.00000            0            0      0.00000 
  179    -45.00000            0            0      0.00000 
  180    -46.00000            0            0      0.00000 
  181    -47.00000            0            0      0.00000 
  182    -48.00000            0            0      0.00000 
  183    -49.00000            0            0      0.00000 
  184    -50.00000            0            0      0.00000 
  185    -51.00000            0            0      0.00000 
  186    -52.00000            0            0      0.00000 
  187    -53.00000            0            0      0.00000 
  188    -54.00000            0            0      0.00000 
  189    -55.00000            0            0      0.00000 
  190    -56.00000            0            0      0.00000 
  191    -57.00000            0            0      0.00000 
  192    -58.00000            0            0      0.00000 
  193    -59.00000            0            0      0.00000 
  194    -60.00000            0            0      0.00000 
  195    -61.00000            0            0      0.00000 
  196    -62.00000            0            0      0.00000 
  197    -63.00000            0            0      0.00000 
  198    -64.00000            0            0      0.00000 
  199    -65.00000            0            0      0.00000 
  200    -66.00000            0            0      0.00000 
  201    -67.00000            0            0      0.00000 
  202    -68.00000            0            0      0.00000 
  203    -69.00000            0            0      0.00000 
  204    -70.00000            0            0      0.00000 
  205    -71.00000            0            0      0.00000 
  206    -72.00000            0            0      0.00000 
  207    -73.00000            0            0      0.00000 
  208    -74.00000            0            0      0.00000 
  209    -75.00000            0            0      0.00000 
  210    -76.00000            0            0      0.00000 
  211    -77.00000            0            0      0.00000 
  212    -78.00000            0            0      0.00000 
  213    -79.00000            0            0      0.00000 
  214    -80.00000            0            0      0.00000 
  215    -81.00000            0            0      0.00000 
  216    -82.00000            0            0      0.00000 
  217    -83.00000            0            0      0.00000 
  218    -84.00000            0            0      0.00000 
  219    -85.00000            0            0      0.00000 
  220    -86.00000            0            0      0.00000 
  221    -87.00000            0            0      0.00000 
  222    -88.00000            0            0      0.00000 
  223    -89.00000            0            0      0.00000 
  224    -90.00000            0            0      0.00000 
  225    -91.00000            0            0      0.00000 
  226    -92.00000            0            0      0.00000 
  227    -93.00000            0            0      0.00000 
  228    -94.00000            0            0      0.00000 
  229    -95.00000            0            0      0.00000 
  230    -96.00000            0            0      0.00000 
  231    -97.00000            0            0      0.00000 
  232    -98.00000            0            0      0.00000 
