# 3dSliceNDice -insetA 6m_1min_m4_binary+orig -insetB 6m_4min_m4_binary+orig -prefix 6m_1min_4min_m4
    0    134.00000            0            0      0.00000 
    1    133.00000            0            0      0.00000 
    2    132.00000            0            0      0.00000 
    3    131.00000            0            0      0.00000 
    4    130.00000            0            0      0.00000 
    5    129.00000            0            0      0.00000 
    6    128.00000            0            0      0.00000 
    7    127.00000            0            0      0.00000 
    8    126.00000            0            0      0.00000 
    9    125.00000            0            0      0.00000 
   10    124.00000            0            0      0.00000 
   11    123.00000            0            0      0.00000 
   12    122.00000            0            0      0.00000 
   13    121.00000            0            0      0.00000 
   14    120.00000            0            0      0.00000 
   15    119.00000            0            0      0.00000 
   16    118.00000            0            0      0.00000 
   17    117.00000            0            0      0.00000 
   18    116.00000            0            0      0.00000 
   19    115.00000            0            0      0.00000 
   20    114.00000            0            0      0.00000 
   21    113.00000            0            0      0.00000 
   22    112.00000            0            0      0.00000 
   23    111.00000            0            0      0.00000 
   24    110.00000            0            0      0.00000 
   25    109.00000            0            0      0.00000 
   26    108.00000            0            0      0.00000 
   27    107.00000            0            0      0.00000 
   28    106.00000            0            0      0.00000 
   29    105.00000            0            0      0.00000 
   30    104.00000            0            0      0.00000 
   31    103.00000            0            0      0.00000 
   32    102.00000            0            0      0.00000 
   33    101.00000            0            0      0.00000 
   34    100.00000            0            0      0.00000 
   35     99.00000            0            0      0.00000 
   36     98.00000            0            0      0.00000 
   37     97.00000            0            0      0.00000 
   38     96.00000            0            0      0.00000 
   39     95.00000            0            0      0.00000 
   40     94.00000            0            0      0.00000 
   41     93.00000            0            0      0.00000 
   42     92.00000            0            0      0.00000 
   43     91.00000            0            0      0.00000 
   44     90.00000            0            0      0.00000 
   45     89.00000            0            0      0.00000 
   46     88.00000            0            0      0.00000 
   47     87.00000            0            0      0.00000 
   48     86.00000            0            0      0.00000 
   49     85.00000            0            0      0.00000 
   50     84.00000            6            6      1.00000 
   51     83.00000          114          122      0.96610 
   52     82.00000          218          244      0.94372 
   53     81.00000          301          355      0.91768 
   54     80.00000          404          489      0.90482 
   55     79.00000          491          614      0.88869 
   56     78.00000          579          733      0.88262 
   57     77.00000          645          842      0.86752 
   58     76.00000          720          969      0.85258 
   59     75.00000          772         1041      0.85163 
   60     74.00000          815         1125      0.84021 
   61     73.00000          851         1179      0.83842 
   62     72.00000          883         1247      0.82911 
   63     71.00000          912         1360      0.80282 
   64     70.00000         1040         1508      0.81633 
   65     69.00000         1117         1607      0.82012 
   66     68.00000         1154         1674      0.81612 
   67     67.00000         1150         1734      0.79750 
   68     66.00000         1125         1846      0.75732 
   69     65.00000         1086         1935      0.71897 
   70     64.00000         1020         1980      0.68000 
   71     63.00000          955         2026      0.64072 
   72     62.00000          902         2049      0.61132 
   73     61.00000          855         2056      0.58743 
   74     60.00000          800         2058      0.55983 
   75     59.00000          710         1998      0.52437 
   76     58.00000          610         1966      0.47360 
   77     57.00000          482         1918      0.39083 
   78     56.00000          457         1906      0.34956 
   79     55.00000          422         1894      0.29879 
   80     54.00000          359         1823      0.23281 
   81     53.00000          253         1740      0.12042 
   82     52.00000          224         1673      0.00843 
   83     51.00000          368         1613      0.04846 
   84     50.00000          485         1530      0.07841 
   85     49.00000          582         1386      0.11484 
   86     48.00000          674         1185      0.15600 
   87     47.00000          799         1073      0.31197 
   88     46.00000          965         1219      0.40659 
   89     45.00000         1137         1343      0.46532 
   90     44.00000         1268         1437      0.50721 
   91     43.00000         1365         1519      0.53675 
   92     42.00000         1512         1580      0.57956 
   93     41.00000         1700         1627      0.62579 
   94     40.00000         1897         1687      0.66629 
   95     39.00000         2049         1736      0.69749 
   96     38.00000         2182         1778      0.72273 
   97     37.00000         2424         1957      0.74823 
   98     36.00000         2627         2156      0.76437 
   99     35.00000         2811         2299      0.77613 
  100     34.00000         2926         2395      0.78594 
  101     33.00000         3047         2472      0.79181 
  102     32.00000         3257         2630      0.80279 
  103     31.00000         3457         2740      0.80684 
  104     30.00000         3608         2857      0.81763 
  105     29.00000         3666         2933      0.82497 
  106     28.00000         3692         3017      0.82963 
  107     27.00000         3683         3074      0.83439 
  108     26.00000         3628         3096      0.83760 
  109     25.00000         3577         3110      0.83745 
  110     24.00000         3404         3065      0.83568 
  111     23.00000         3238         3039      0.83639 
  112     22.00000         3099         2964      0.83292 
  113     21.00000         3027         2879      0.82628 
  114     20.00000         2918         2750      0.81722 
  115     19.00000         2740         2569      0.81183 
  116     18.00000         2586         2366      0.80735 
  117     17.00000         2419         2154      0.81697 
  118     16.00000         2343         2088      0.82690 
  119     15.00000         2251         1994      0.83439 
  120     14.00000         2162         1871      0.84304 
  121     13.00000         1970         1686      0.87418 
  122     12.00000         1753         1474      0.91354 
  123     11.00000         1749         1441      0.90345 
  124     10.00000         1736         1392      0.89003 
  125      9.00000         1691         1340      0.88420 
  126      8.00000         1682         1324      0.88090 
  127      7.00000         1626         1280      0.88094 
  128      6.00000         1582         1246      0.88119 
  129      5.00000         1546         1222      0.88295 
  130      4.00000         1506         1194      0.88444 
  131      3.00000         1511         1179      0.87658 
  132      2.00000         1503         1156      0.86950 
  133      1.00000         1484         1136      0.86718 
  134      0.00000         1474         1131      0.86833 
  135     -1.00000         1421         1094      0.86998 
  136     -2.00000         1394         1051      0.85971 
  137     -3.00000         1347         1009      0.85654 
  138     -4.00000         1305          977      0.85627 
  139     -5.00000         1252          947      0.86130 
  140     -6.00000         1175          892      0.86309 
  141     -7.00000         1144          846      0.85025 
  142     -8.00000         1092          805      0.84871 
  143     -9.00000         1047          764      0.84373 
  144    -10.00000         1000          718      0.83586 
  145    -11.00000          950          692      0.83557 
  146    -12.00000          914          694      0.84577 
  147    -13.00000          871          686      0.85292 
  148    -14.00000          841          685      0.85845 
  149    -15.00000          795          662      0.85793 
  150    -16.00000          732          631      0.87161 
  151    -17.00000          675          613      0.88820 
  152    -18.00000          632          573      0.89295 
  153    -19.00000          576          525      0.89010 
  154    -20.00000          534          480      0.88560 
  155    -21.00000          470          404      0.87414 
  156    -22.00000          426          329      0.85828 
  157    -23.00000          379          241      0.77742 
  158    -24.00000          325          200      0.76190 
  159    -25.00000          271          157      0.73364 
  160    -26.00000          201           97      0.65101 
  161    -27.00000          137           44      0.48619 
  162    -28.00000           81            0      0.00000 
  163    -29.00000           64            0      0.00000 
  164    -30.00000           38            0      0.00000 
  165    -31.00000           21            0      0.00000 
  166    -32.00000            5            0      0.00000 
  167    -33.00000            0            0      0.00000 
  168    -34.00000            0            0      0.00000 
  169    -35.00000            0            0      0.00000 
  170    -36.00000            0            0      0.00000 
  171    -37.00000            0            0      0.00000 
  172    -38.00000            0            0      0.00000 
  173    -39.00000            0            0      0.00000 
  174    -40.00000            0            0      0.00000 
  175    -41.00000            0            0      0.00000 
  176    -42.00000            0            0      0.00000 
  177    -43.00000            0            0      0.00000 
  178    -44.00000            0            0      0.00000 
  179    -45.00000            0            0      0.00000 
  180    -46.00000            0            0      0.00000 
  181    -47.00000            0            0      0.00000 
  182    -48.00000            0            0      0.00000 
  183    -49.00000            0            0      0.00000 
  184    -50.00000            0            0      0.00000 
  185    -51.00000            0            0      0.00000 
  186    -52.00000            0            0      0.00000 
  187    -53.00000            0            0      0.00000 
  188    -54.00000            0            0      0.00000 
  189    -55.00000            0            0      0.00000 
  190    -56.00000            0            0      0.00000 
  191    -57.00000            0            0      0.00000 
  192    -58.00000            0            0      0.00000 
  193    -59.00000            0            0      0.00000 
  194    -60.00000            0            0      0.00000 
  195    -61.00000            0            0      0.00000 
  196    -62.00000            0            0      0.00000 
  197    -63.00000            0            0      0.00000 
  198    -64.00000            0            0      0.00000 
  199    -65.00000            0            0      0.00000 
  200    -66.00000            0            0      0.00000 
  201    -67.00000            0            0      0.00000 
  202    -68.00000            0            0      0.00000 
  203    -69.00000            0            0      0.00000 
  204    -70.00000            0            0      0.00000 
  205    -71.00000            0            0      0.00000 
  206    -72.00000            0            0      0.00000 
  207    -73.00000            0            0      0.00000 
  208    -74.00000            0            0      0.00000 
  209    -75.00000            0            0      0.00000 
  210    -76.00000            0            0      0.00000 
  211    -77.00000            0            0      0.00000 
  212    -78.00000            0            0      0.00000 
  213    -79.00000            0            0      0.00000 
  214    -80.00000            0            0      0.00000 
  215    -81.00000            0            0      0.00000 
  216    -82.00000            0            0      0.00000 
  217    -83.00000            0            0      0.00000 
  218    -84.00000            0            0      0.00000 
  219    -85.00000            0            0      0.00000 
  220    -86.00000            0            0      0.00000 
  221    -87.00000            0            0      0.00000 
  222    -88.00000            0            0      0.00000 
  223    -89.00000            0            0      0.00000 
  224    -90.00000            0            0      0.00000 
  225    -91.00000            0            0      0.00000 
  226    -92.00000            0            0      0.00000 
  227    -93.00000            0            0      0.00000 
  228    -94.00000            0            0      0.00000 
  229    -95.00000            0            0      0.00000 
  230    -96.00000            0            0      0.00000 
  231    -97.00000            0            0      0.00000 
  232    -98.00000            0            0      0.00000 
