# 3dSliceNDice -insetA 6m_2min_m5_binary+orig -insetB 6m_5min_m5_binary+orig -prefix 6m_2min_5min_m5
    0     96.00000            0            0      0.00000 
    1     95.00000            0            0      0.00000 
    2     94.00000            0            0      0.00000 
    3     93.00000            0            0      0.00000 
    4     92.00000            0            0      0.00000 
    5     91.00000            0            0      0.00000 
    6     90.00000            0            0      0.00000 
    7     89.00000            0            0      0.00000 
    8     88.00000            0            0      0.00000 
    9     87.00000            0            0      0.00000 
   10     86.00000            0            0      0.00000 
   11     85.00000            0            0      0.00000 
   12     84.00000            0            0      0.00000 
   13     83.00000            0            0      0.00000 
   14     82.00000            0            0      0.00000 
   15     81.00000            0            0      0.00000 
   16     80.00000            0            0      0.00000 
   17     79.00000            0            0      0.00000 
   18     78.00000            0            0      0.00000 
   19     77.00000            0            0      0.00000 
   20     76.00000            0            0      0.00000 
   21     75.00000            0            0      0.00000 
   22     74.00000            0            0      0.00000 
   23     73.00000            0            0      0.00000 
   24     72.00000            0            0      0.00000 
   25     71.00000            0            0      0.00000 
   26     70.00000            0            0      0.00000 
   27     69.00000            0            0      0.00000 
   28     68.00000            0            0      0.00000 
   29     67.00000            0            0      0.00000 
   30     66.00000            0            0      0.00000 
   31     65.00000            0            0      0.00000 
   32     64.00000            0            0      0.00000 
   33     63.00000            0            0      0.00000 
   34     62.00000            0            0      0.00000 
   35     61.00000            0            0      0.00000 
   36     60.00000            0            0      0.00000 
   37     59.00000            0            0      0.00000 
   38     58.00000            0            0      0.00000 
   39     57.00000            0            0      0.00000 
   40     56.00000            0            0      0.00000 
   41     55.00000            0            0      0.00000 
   42     54.00000            0            0      0.00000 
   43     53.00000            0            0      0.00000 
   44     52.00000            0            0      0.00000 
   45     51.00000            0            0      0.00000 
   46     50.00000            0            0      0.00000 
   47     49.00000            0            0      0.00000 
   48     48.00000            0            0      0.00000 
   49     47.00000            0            0      0.00000 
   50     46.00000            0            0      0.00000 
   51     45.00000            0            0      0.00000 
   52     44.00000            0            0      0.00000 
   53     43.00000            0            0      0.00000 
   54     42.00000            0            0      0.00000 
   55     41.00000            0            0      0.00000 
   56     40.00000            0            0      0.00000 
   57     39.00000            0            0      0.00000 
   58     38.00000            0            0      0.00000 
   59     37.00000           45           37      0.90244 
   60     36.00000          107           88      0.90256 
   61     35.00000          164          138      0.91391 
   62     34.00000          214          184      0.92462 
   63     33.00000          263          233      0.93952 
   64     32.00000          305          313      0.90939 
   65     31.00000          344          426      0.87792 
   66     30.00000          400          539      0.84984 
   67     29.00000          448          628      0.83271 
   68     28.00000          488          704      0.81879 
   69     27.00000          707          940      0.83546 
   70     26.00000          870         1104      0.85613 
   71     25.00000         1016         1249      0.86887 
   72     24.00000         1111         1337      0.87745 
   73     23.00000         1185         1409      0.88204 
   74     22.00000         1296         1499      0.88658 
   75     21.00000         1386         1587      0.89136 
   76     20.00000         1508         1666      0.90296 
   77     19.00000         1598         1725      0.91363 
   78     18.00000         1680         1788      0.91926 
   79     17.00000         2255         2249      0.90364 
   80     16.00000         2639         2551      0.91484 
   81     15.00000         2954         2818      0.92654 
   82     14.00000         3183         3006      0.93359 
   83     13.00000         3370         3164      0.93848 
   84     12.00000         3642         3508      0.95469 
   85     11.00000         3841         3734      0.96079 
   86     10.00000         4020         3936      0.96732 
   87      9.00000         4109         4059      0.96817 
   88      8.00000         4189         4172      0.96926 
   89      7.00000         4287         4297      0.96878 
   90      6.00000         4308         4347      0.96776 
   91      5.00000         4335         4388      0.96687 
   92      4.00000         4296         4360      0.96303 
   93      3.00000         4261         4331      0.96043 
   94      2.00000         4168         4254      0.95939 
   95      1.00000         4018         4116      0.95869 
   96      0.00000         3935         4031      0.95832 
   97     -1.00000         3888         4019      0.95586 
   98     -2.00000         3931         4081      0.95482 
   99     -3.00000         3858         4053      0.95209 
  100     -4.00000         3770         3995      0.94887 
  101     -5.00000         3640         3888      0.94155 
  102     -6.00000         3461         3689      0.93175 
  103     -7.00000         3261         3451      0.92402 
  104     -8.00000         3028         3097      0.91592 
  105     -9.00000         2904         2955      0.91415 
  106    -10.00000         2738         2760      0.91015 
  107    -11.00000         2497         2496      0.90847 
  108    -12.00000         2194         2162      0.89578 
  109    -13.00000         1737         1870      0.85556 
  110    -14.00000         1721         1897      0.83969 
  111    -15.00000         1677         1870      0.83846 
  112    -16.00000         1575         1783      0.83740 
  113    -17.00000         1400         1624      0.83730 
  114    -18.00000         1069         1253      0.87597 
  115    -19.00000         1063         1253      0.87910 
  116    -20.00000         1060         1250      0.88225 
  117    -21.00000         1026         1215      0.88621 
  118    -22.00000         1006         1206      0.88336 
  119    -23.00000         1030         1237      0.88663 
  120    -24.00000         1064         1272      0.88784 
  121    -25.00000         1077         1295      0.88954 
  122    -26.00000         1043         1255      0.89121 
  123    -27.00000         1018         1222      0.89375 
  124    -28.00000          974         1170      0.89459 
  125    -29.00000          909         1091      0.89500 
  126    -30.00000          832         1003      0.89809 
  127    -31.00000          712          868      0.89494 
  128    -32.00000          614          736      0.90963 
  129    -33.00000          561          597      0.91364 
  130    -34.00000          558          531      0.86318 
  131    -35.00000          547          464      0.80514 
  132    -36.00000          527          384      0.72009 
  133    -37.00000          492          309      0.60924 
  134    -38.00000          483          235      0.48189 
  135    -39.00000          495          178      0.43982 
  136    -40.00000          501          117      0.35599 
  137    -41.00000          482           67      0.24408 
  138    -42.00000          466           24      0.09796 
  139    -43.00000          432            0      0.00000 
  140    -44.00000          390            0      0.00000 
  141    -45.00000          351            0      0.00000 
  142    -46.00000          295            0      0.00000 
  143    -47.00000          256            0      0.00000 
  144    -48.00000          216            0      0.00000 
  145    -49.00000          180            0      0.00000 
  146    -50.00000          140            0      0.00000 
  147    -51.00000           88            0      0.00000 
  148    -52.00000           32            0      0.00000 
  149    -53.00000            0            0      0.00000 
  150    -54.00000            0            0      0.00000 
  151    -55.00000            0            0      0.00000 
  152    -56.00000            0            0      0.00000 
  153    -57.00000            0            0      0.00000 
  154    -58.00000            0            0      0.00000 
  155    -59.00000            0            0      0.00000 
  156    -60.00000            0            0      0.00000 
  157    -61.00000            0            0      0.00000 
  158    -62.00000            0            0      0.00000 
  159    -63.00000            0            0      0.00000 
  160    -64.00000            0            0      0.00000 
  161    -65.00000            0            0      0.00000 
  162    -66.00000            0            0      0.00000 
  163    -67.00000            0            0      0.00000 
  164    -68.00000            0            0      0.00000 
  165    -69.00000            0            0      0.00000 
  166    -70.00000            0            0      0.00000 
  167    -71.00000            0            0      0.00000 
  168    -72.00000            0            0      0.00000 
  169    -73.00000            0            0      0.00000 
  170    -74.00000            0            0      0.00000 
  171    -75.00000            0            0      0.00000 
  172    -76.00000            0            0      0.00000 
  173    -77.00000            0            0      0.00000 
  174    -78.00000            0            0      0.00000 
  175    -79.00000            0            0      0.00000 
  176    -80.00000            0            0      0.00000 
  177    -81.00000            0            0      0.00000 
  178    -82.00000            0            0      0.00000 
  179    -83.00000            0            0      0.00000 
  180    -84.00000            0            0      0.00000 
  181    -85.00000            0            0      0.00000 
  182    -86.00000            0            0      0.00000 
  183    -87.00000            0            0      0.00000 
  184    -88.00000            0            0      0.00000 
  185    -89.00000            0            0      0.00000 
  186    -90.00000            0            0      0.00000 
  187    -91.00000            0            0      0.00000 
  188    -92.00000            0            0      0.00000 
  189    -93.00000            0            0      0.00000 
  190    -94.00000            0            0      0.00000 
  191    -95.00000            0            0      0.00000 
  192    -96.00000            0            0      0.00000 
  193    -97.00000            0            0      0.00000 
  194    -98.00000            0            0      0.00000 
