# 3dSliceNDice -insetA 6m_2min_m1_binary+orig -insetB 6m_3min_m1_binary+orig -prefix 6m_2min_3min_m1
    0    134.00000            0            0      0.00000 
    1    133.00000            0            0      0.00000 
    2    132.00000            0            0      0.00000 
    3    131.00000            0            0      0.00000 
    4    130.00000            0            0      0.00000 
    5    129.00000            0            0      0.00000 
    6    128.00000            0            0      0.00000 
    7    127.00000            0            0      0.00000 
    8    126.00000            0            0      0.00000 
    9    125.00000            0            0      0.00000 
   10    124.00000            0            0      0.00000 
   11    123.00000            0            0      0.00000 
   12    122.00000            0            0      0.00000 
   13    121.00000            0            0      0.00000 
   14    120.00000            0            0      0.00000 
   15    119.00000            0            0      0.00000 
   16    118.00000            0            0      0.00000 
   17    117.00000            0            0      0.00000 
   18    116.00000            0            0      0.00000 
   19    115.00000            0            0      0.00000 
   20    114.00000            0            0      0.00000 
   21    113.00000            0            0      0.00000 
   22    112.00000            0            0      0.00000 
   23    111.00000            0            0      0.00000 
   24    110.00000            0            0      0.00000 
   25    109.00000            0            0      0.00000 
   26    108.00000            0            0      0.00000 
   27    107.00000            0            0      0.00000 
   28    106.00000            0            0      0.00000 
   29    105.00000            0            0      0.00000 
   30    104.00000            0            0      0.00000 
   31    103.00000            0            0      0.00000 
   32    102.00000            0            0      0.00000 
   33    101.00000            0            0      0.00000 
   34    100.00000            0            0      0.00000 
   35     99.00000            0            0      0.00000 
   36     98.00000            0            0      0.00000 
   37     97.00000            0            0      0.00000 
   38     96.00000            0            0      0.00000 
   39     95.00000            0            0      0.00000 
   40     94.00000            0            0      0.00000 
   41     93.00000            0            0      0.00000 
   42     92.00000            0            0      0.00000 
   43     91.00000            0            0      0.00000 
   44     90.00000            0            0      0.00000 
   45     89.00000            0            0      0.00000 
   46     88.00000            0            0      0.00000 
   47     87.00000            0            0      0.00000 
   48     86.00000            0            0      0.00000 
   49     85.00000            0            0      0.00000 
   50     84.00000           27            6      0.36364 
   51     83.00000          194          136      0.82424 
   52     82.00000          385          284      0.84903 
   53     81.00000          562          433      0.87035 
   54     80.00000          757          594      0.87935 
   55     79.00000          915          731      0.88821 
   56     78.00000         1048          855      0.89858 
   57     77.00000         1169          966      0.90492 
   58     76.00000         1301         1077      0.90496 
   59     75.00000         1408         1190      0.90377 
   60     74.00000         1510         1281      0.89144 
   61     73.00000         1591         1368      0.87800 
   62     72.00000         1685         1446      0.85723 
   63     71.00000         1844         1511      0.83696 
   64     70.00000         2023         1648      0.83302 
   65     69.00000         2118         1686      0.83018 
   66     68.00000         2142         1705      0.83286 
   67     67.00000         2166         1727      0.84922 
   68     66.00000         2264         1787      0.85559 
   69     65.00000         2378         1864      0.86846 
   70     64.00000         2395         1883      0.86349 
   71     63.00000         2423         1906      0.86024 
   72     62.00000         2396         1904      0.84884 
   73     61.00000         2411         1936      0.83092 
   74     60.00000         2402         1949      0.81223 
   75     59.00000         2325         1887      0.79250 
   76     58.00000         2213         1801      0.75884 
   77     57.00000         2548         1919      0.77412 
   78     56.00000         2810         2145      0.81130 
   79     55.00000         2944         2284      0.83780 
   80     54.00000         2989         2389      0.86612 
   81     53.00000         3017         2491      0.89506 
   82     52.00000         3073         2647      0.91993 
   83     51.00000         3152         2740      0.92566 
   84     50.00000         3271         2866      0.92847 
   85     49.00000         3277         2874      0.92798 
   86     48.00000         3259         2862      0.92338 
   87     47.00000         3260         2936      0.93641 
   88     46.00000         3317         3080      0.94638 
   89     45.00000         3386         3191      0.95059 
   90     44.00000         3398         3229      0.95066 
   91     43.00000         3359         3212      0.95145 
   92     42.00000         3356         3183      0.95122 
   93     41.00000         3429         3189      0.94258 
   94     40.00000         3513         3245      0.94081 
   95     39.00000         3513         3213      0.93726 
   96     38.00000         3525         3214      0.93515 
   97     37.00000         3533         3339      0.93626 
   98     36.00000         3482         3409      0.93716 
   99     35.00000         3416         3395      0.93613 
  100     34.00000         3271         3316      0.93366 
  101     33.00000         3126         3237      0.92629 
  102     32.00000         3003         3160      0.90897 
  103     31.00000         2982         3135      0.91123 
  104     30.00000         2983         3120      0.91594 
  105     29.00000         2935         3066      0.91551 
  106     28.00000         2881         3031      0.91576 
  107     27.00000         2774         2948      0.91541 
  108     26.00000         2688         2877      0.91644 
  109     25.00000         2571         2805      0.91183 
  110     24.00000         2398         2683      0.90573 
  111     23.00000         2237         2573      0.89813 
  112     22.00000         2072         2445      0.88909 
  113     21.00000         1920         2288      0.88688 
  114     20.00000         1730         2096      0.87977 
  115     19.00000         1505         1850      0.87273 
  116     18.00000         1272         1583      0.86585 
  117     17.00000         1043         1285      0.87027 
  118     16.00000          937         1183      0.86132 
  119     15.00000          829         1075      0.84664 
  120     14.00000          703          944      0.82210 
  121     13.00000          545          745      0.80620 
  122     12.00000          409          461      0.88506 
  123     11.00000          365          419      0.88520 
  124     10.00000          321          371      0.89595 
  125      9.00000          248          295      0.90239 
  126      8.00000          188          224      0.91262 
  127      7.00000           47           64      0.84685 
  128      6.00000           16           21      0.86486 
  129      5.00000            8            8      1.00000 
  130      4.00000            0            0      0.00000 
  131      3.00000            0            0      0.00000 
  132      2.00000            0            0      0.00000 
  133      1.00000            0            0      0.00000 
  134      0.00000            0            0      0.00000 
  135     -1.00000            0            0      0.00000 
  136     -2.00000            0            0      0.00000 
  137     -3.00000           32           96      0.50000 
  138     -4.00000           88          245      0.52853 
  139     -5.00000          140          369      0.55010 
  140     -6.00000          180          463      0.55988 
  141     -7.00000          216          547      0.56619 
  142     -8.00000          256          720      0.52459 
  143     -9.00000          276          911      0.46504 
  144    -10.00000          300         1069      0.43828 
  145    -11.00000          308         1165      0.41819 
  146    -12.00000          316         1243      0.40539 
  147    -13.00000          404         1315      0.47004 
  148    -14.00000          493         1333      0.53998 
  149    -15.00000          561         1385      0.57657 
  150    -16.00000          626         1389      0.62134 
  151    -17.00000          682         1391      0.65798 
  152    -18.00000          736         1414      0.68465 
  153    -19.00000          752         1424      0.69118 
  154    -20.00000          781         1439      0.70360 
  155    -21.00000          773         1399      0.71179 
  156    -22.00000          768         1393      0.71078 
  157    -23.00000          738         1333      0.71270 
  158    -24.00000          701         1270      0.71131 
  159    -25.00000          661         1186      0.71576 
  160    -26.00000          596         1052      0.72330 
  161    -27.00000          534          854      0.76945 
  162    -28.00000          537          816      0.75240 
  163    -29.00000          590          968      0.69320 
  164    -30.00000          628         1091      0.65620 
  165    -31.00000          647         1171      0.63036 
  166    -32.00000          678         1245      0.62194 
  167    -33.00000          772         1321      0.65170 
  168    -34.00000          861         1405      0.68049 
  169    -35.00000          938         1472      0.69710 
  170    -36.00000          954         1478      0.70230 
  171    -37.00000          960         1484      0.70376 
  172    -38.00000          943         1468      0.69929 
  173    -39.00000          915         1437      0.69303 
  174    -40.00000          895         1410      0.69154 
  175    -41.00000          827         1355      0.68469 
  176    -42.00000          765         1284      0.68228 
  177    -43.00000          706         1203      0.69146 
  178    -44.00000          676         1159      0.70191 
  179    -45.00000          641         1108      0.71241 
  180    -46.00000          580         1013      0.72065 
  181    -47.00000          538          952      0.72215 
  182    -48.00000          506          841      0.75130 
  183    -49.00000          493          731      0.80556 
  184    -50.00000          461          618      0.85449 
  185    -51.00000          422          529      0.88749 
  186    -52.00000          380          469      0.89517 
  187    -53.00000          313          386      0.89557 
  188    -54.00000          241          289      0.90943 
  189    -55.00000          199          224      0.94090 
  190    -56.00000          143          156      0.95652 
  191    -57.00000           97          105      0.96040 
  192    -58.00000           35           35      1.00000 
  193    -59.00000            0            0      0.00000 
  194    -60.00000            0            0      0.00000 
  195    -61.00000            0            0      0.00000 
  196    -62.00000            0            0      0.00000 
  197    -63.00000            0            0      0.00000 
  198    -64.00000            0            0      0.00000 
  199    -65.00000            0            0      0.00000 
  200    -66.00000            0            0      0.00000 
  201    -67.00000            0            0      0.00000 
  202    -68.00000            0            0      0.00000 
  203    -69.00000            0            0      0.00000 
  204    -70.00000            0            0      0.00000 
  205    -71.00000            0            0      0.00000 
  206    -72.00000            0            0      0.00000 
  207    -73.00000            0            0      0.00000 
  208    -74.00000            0            0      0.00000 
  209    -75.00000            0            0      0.00000 
  210    -76.00000            0            0      0.00000 
  211    -77.00000            0            0      0.00000 
  212    -78.00000            0            0      0.00000 
  213    -79.00000            0            0      0.00000 
  214    -80.00000            0            0      0.00000 
  215    -81.00000            0            0      0.00000 
  216    -82.00000            0            0      0.00000 
  217    -83.00000            0            0      0.00000 
  218    -84.00000            0            0      0.00000 
  219    -85.00000            0            0      0.00000 
  220    -86.00000            0            0      0.00000 
  221    -87.00000            0            0      0.00000 
  222    -88.00000            0            0      0.00000 
  223    -89.00000            0            0      0.00000 
  224    -90.00000            0            0      0.00000 
  225    -91.00000            0            0      0.00000 
  226    -92.00000            0            0      0.00000 
  227    -93.00000            0            0      0.00000 
  228    -94.00000            0            0      0.00000 
  229    -95.00000            0            0      0.00000 
  230    -96.00000            0            0      0.00000 
  231    -97.00000            0            0      0.00000 
  232    -98.00000            0            0      0.00000 
