# 3dSliceNDice -insetA 6m_2min_m1_binary+orig -insetB 6m_4min_m1_binary+orig -prefix 6m_2min_4min_m1
    0    134.00000            0            0      0.00000 
    1    133.00000            0            0      0.00000 
    2    132.00000            0            0      0.00000 
    3    131.00000            0            0      0.00000 
    4    130.00000            0            0      0.00000 
    5    129.00000            0            0      0.00000 
    6    128.00000            0            0      0.00000 
    7    127.00000            0            0      0.00000 
    8    126.00000            0            0      0.00000 
    9    125.00000            0            0      0.00000 
   10    124.00000            0            0      0.00000 
   11    123.00000            0            0      0.00000 
   12    122.00000            0            0      0.00000 
   13    121.00000            0            0      0.00000 
   14    120.00000            0            0      0.00000 
   15    119.00000            0            0      0.00000 
   16    118.00000            0            0      0.00000 
   17    117.00000            0            0      0.00000 
   18    116.00000            0            0      0.00000 
   19    115.00000            0            0      0.00000 
   20    114.00000            0            0      0.00000 
   21    113.00000            0            0      0.00000 
   22    112.00000            0            0      0.00000 
   23    111.00000            0            0      0.00000 
   24    110.00000            0            0      0.00000 
   25    109.00000            0            0      0.00000 
   26    108.00000            0            0      0.00000 
   27    107.00000            0            0      0.00000 
   28    106.00000            0            0      0.00000 
   29    105.00000            0            0      0.00000 
   30    104.00000            0            0      0.00000 
   31    103.00000            0            0      0.00000 
   32    102.00000            0            0      0.00000 
   33    101.00000            0            0      0.00000 
   34    100.00000            0            0      0.00000 
   35     99.00000            0            0      0.00000 
   36     98.00000            0            0      0.00000 
   37     97.00000            0            0      0.00000 
   38     96.00000            0            0      0.00000 
   39     95.00000            0            0      0.00000 
   40     94.00000            0            0      0.00000 
   41     93.00000            0            0      0.00000 
   42     92.00000            0            0      0.00000 
   43     91.00000            0            0      0.00000 
   44     90.00000            0            0      0.00000 
   45     89.00000            0            0      0.00000 
   46     88.00000            0            0      0.00000 
   47     87.00000            0            0      0.00000 
   48     86.00000            0            0      0.00000 
   49     85.00000            0            0      0.00000 
   50     84.00000           27            6      0.36364 
   51     83.00000          194          139      0.83483 
   52     82.00000          385          301      0.87755 
   53     81.00000          562          463      0.89756 
   54     80.00000          757          646      0.89522 
   55     79.00000          915          800      0.89329 
   56     78.00000         1048          942      0.88844 
   57     77.00000         1169         1060      0.88380 
   58     76.00000         1301         1194      0.88497 
   59     75.00000         1408         1301      0.88815 
   60     74.00000         1510         1395      0.89707 
   61     73.00000         1591         1474      0.89853 
   62     72.00000         1685         1572      0.90083 
   63     71.00000         1844         1740      0.91462 
   64     70.00000         2023         1924      0.91411 
   65     69.00000         2118         2018      0.91296 
   66     68.00000         2142         2069      0.91522 
   67     67.00000         2166         2126      0.92544 
   68     66.00000         2264         2228      0.91986 
   69     65.00000         2378         2359      0.91661 
   70     64.00000         2395         2414      0.90247 
   71     63.00000         2423         2454      0.89030 
   72     62.00000         2396         2498      0.86678 
   73     61.00000         2411         2574      0.83370 
   74     60.00000         2402         2598      0.79760 
   75     59.00000         2325         2550      0.75815 
   76     58.00000         2213         2490      0.70551 
   77     57.00000         2548         2528      0.70922 
   78     56.00000         2810         2707      0.74715 
   79     55.00000         2944         2832      0.76801 
   80     54.00000         2989         2893      0.78817 
   81     53.00000         3017         2974      0.80955 
   82     52.00000         3073         3054      0.84511 
   83     51.00000         3152         3162      0.86760 
   84     50.00000         3271         3235      0.88441 
   85     49.00000         3277         3196      0.89788 
   86     48.00000         3259         3119      0.91188 
   87     47.00000         3260         3040      0.93619 
   88     46.00000         3317         3126      0.93776 
   89     45.00000         3386         3218      0.94579 
   90     44.00000         3398         3245      0.94686 
   91     43.00000         3359         3225      0.94623 
   92     42.00000         3356         3176      0.94825 
   93     41.00000         3429         3222      0.93941 
   94     40.00000         3513         3315      0.93615 
   95     39.00000         3513         3343      0.93641 
   96     38.00000         3525         3371      0.93445 
   97     37.00000         3533         3382      0.92784 
   98     36.00000         3482         3381      0.92554 
   99     35.00000         3416         3376      0.92962 
  100     34.00000         3271         3289      0.93171 
  101     33.00000         3126         3194      0.92753 
  102     32.00000         3003         3124      0.93684 
  103     31.00000         2982         3087      0.93755 
  104     30.00000         2983         3076      0.94339 
  105     29.00000         2935         3008      0.94060 
  106     28.00000         2881         2919      0.93828 
  107     27.00000         2774         2804      0.93689 
  108     26.00000         2688         2710      0.93553 
  109     25.00000         2571         2614      0.93385 
  110     24.00000         2398         2482      0.92992 
  111     23.00000         2237         2359      0.92385 
  112     22.00000         2072         2219      0.91168 
  113     21.00000         1920         2065      0.90489 
  114     20.00000         1730         1876      0.89240 
  115     19.00000         1505         1646      0.88289 
  116     18.00000         1272         1429      0.88338 
  117     17.00000         1043         1171      0.90154 
  118     16.00000          937         1070      0.90184 
  119     15.00000          829          967      0.90200 
  120     14.00000          703          835      0.89987 
  121     13.00000          545          652      0.91061 
  122     12.00000          409          431      0.97143 
  123     11.00000          365          381      0.97319 
  124     10.00000          321          330      0.98003 
  125      9.00000          248          252      0.98800 
  126      8.00000          188          188      1.00000 
  127      7.00000           47           47      1.00000 
  128      6.00000           16           16      1.00000 
  129      5.00000            8            8      1.00000 
  130      4.00000            0            0      0.00000 
  131      3.00000            0            0      0.00000 
  132      2.00000            0            0      0.00000 
  133      1.00000            0            0      0.00000 
  134      0.00000            0            0      0.00000 
  135     -1.00000            0            0      0.00000 
  136     -2.00000            0            0      0.00000 
  137     -3.00000           32          252      0.22535 
  138     -4.00000           88          457      0.32294 
  139     -5.00000          140          599      0.37889 
  140     -6.00000          180          703      0.40770 
  141     -7.00000          216          781      0.43330 
  142     -8.00000          256          911      0.43873 
  143     -9.00000          276          994      0.43465 
  144    -10.00000          300         1107      0.42644 
  145    -11.00000          308         1165      0.41819 
  146    -12.00000          316         1215      0.41280 
  147    -13.00000          404         1275      0.48124 
  148    -14.00000          493         1298      0.54383 
  149    -15.00000          561         1321      0.58023 
  150    -16.00000          626         1313      0.61888 
  151    -17.00000          682         1313      0.64662 
  152    -18.00000          736         1317      0.67121 
  153    -19.00000          752         1322      0.67213 
  154    -20.00000          781         1345      0.69520 
  155    -21.00000          773         1333      0.70465 
  156    -22.00000          768         1333      0.70728 
  157    -23.00000          738         1313      0.70600 
  158    -24.00000          701         1269      0.70254 
  159    -25.00000          661         1220      0.70069 
  160    -26.00000          596         1115      0.69550 
  161    -27.00000          534         1004      0.69181 
  162    -28.00000          537          962      0.63642 
  163    -29.00000          590         1035      0.55631 
  164    -30.00000          628         1069      0.50206 
  165    -31.00000          647         1048      0.45428 
  166    -32.00000          678         1005      0.43256 
  167    -33.00000          772          967      0.44163 
  168    -34.00000          861          942      0.48475 
  169    -35.00000          938          909      0.49811 
  170    -36.00000          954          833      0.50028 
  171    -37.00000          960          724      0.48219 
  172    -38.00000          943          614      0.45215 
  173    -39.00000          915          605      0.49474 
  174    -40.00000          895          626      0.54043 
  175    -41.00000          827          631      0.58985 
  176    -42.00000          765          644      0.64301 
  177    -43.00000          706          662      0.69298 
  178    -44.00000          676          669      0.71970 
  179    -45.00000          641          682      0.76493 
  180    -46.00000          580          676      0.80573 
  181    -47.00000          538          675      0.83759 
  182    -48.00000          506          659      0.86867 
  183    -49.00000          493          629      0.87879 
  184    -50.00000          461          575      0.88996 
  185    -51.00000          422          518      0.89787 
  186    -52.00000          380          456      0.90909 
  187    -53.00000          313          361      0.92878 
  188    -54.00000          241          265      0.95257 
  189    -55.00000          199          211      0.97073 
  190    -56.00000          143          151      0.97279 
  191    -57.00000           97           97      1.00000 
  192    -58.00000           35           35      1.00000 
  193    -59.00000            0            0      0.00000 
  194    -60.00000            0            0      0.00000 
  195    -61.00000            0            0      0.00000 
  196    -62.00000            0            0      0.00000 
  197    -63.00000            0            0      0.00000 
  198    -64.00000            0            0      0.00000 
  199    -65.00000            0            0      0.00000 
  200    -66.00000            0            0      0.00000 
  201    -67.00000            0            0      0.00000 
  202    -68.00000            0            0      0.00000 
  203    -69.00000            0            0      0.00000 
  204    -70.00000            0            0      0.00000 
  205    -71.00000            0            0      0.00000 
  206    -72.00000            0            0      0.00000 
  207    -73.00000            0            0      0.00000 
  208    -74.00000            0            0      0.00000 
  209    -75.00000            0            0      0.00000 
  210    -76.00000            0            0      0.00000 
  211    -77.00000            0            0      0.00000 
  212    -78.00000            0            0      0.00000 
  213    -79.00000            0            0      0.00000 
  214    -80.00000            0            0      0.00000 
  215    -81.00000            0            0      0.00000 
  216    -82.00000            0            0      0.00000 
  217    -83.00000            0            0      0.00000 
  218    -84.00000            0            0      0.00000 
  219    -85.00000            0            0      0.00000 
  220    -86.00000            0            0      0.00000 
  221    -87.00000            0            0      0.00000 
  222    -88.00000            0            0      0.00000 
  223    -89.00000            0            0      0.00000 
  224    -90.00000            0            0      0.00000 
  225    -91.00000            0            0      0.00000 
  226    -92.00000            0            0      0.00000 
  227    -93.00000            0            0      0.00000 
  228    -94.00000            0            0      0.00000 
  229    -95.00000            0            0      0.00000 
  230    -96.00000            0            0      0.00000 
  231    -97.00000            0            0      0.00000 
  232    -98.00000            0            0      0.00000 
