# 3dSliceNDice -insetA 6m_2min_m2_binary+orig -insetB 6m_5min_m2_binary+orig -prefix 6m_2min_5min_m2
    0    -72.00000            0            0      0.00000 
    1    -71.00000            0            0      0.00000 
    2    -70.00000            0            0      0.00000 
    3    -69.00000            0            0      0.00000 
    4    -68.00000            0            0      0.00000 
    5    -67.00000            0            0      0.00000 
    6    -66.00000            0            0      0.00000 
    7    -65.00000            0            0      0.00000 
    8    -64.00000            0            0      0.00000 
    9    -63.00000            0            0      0.00000 
   10    -62.00000            0            0      0.00000 
   11    -61.00000            0            0      0.00000 
   12    -60.00000            0            0      0.00000 
   13    -59.00000            0            0      0.00000 
   14    -58.00000            0            0      0.00000 
   15    -57.00000            0            0      0.00000 
   16    -56.00000            0            0      0.00000 
   17    -55.00000            0            0      0.00000 
   18    -54.00000            0            0      0.00000 
   19    -53.00000            0            0      0.00000 
   20    -52.00000            0            0      0.00000 
   21    -51.00000            1            1      1.00000 
   22    -50.00000          273          273      1.00000 
   23    -49.00000          612          612      1.00000 
   24    -48.00000         1079         1079      1.00000 
   25    -47.00000         1337         1337      1.00000 
   26    -46.00000         1611         1604      0.99782 
   27    -45.00000         1850         1811      0.98935 
   28    -44.00000         1998         1938      0.98476 
   29    -43.00000         2176         2084      0.97840 
   30    -42.00000         2309         2187      0.97286 
   31    -41.00000         2415         2267      0.96839 
   32    -40.00000         2511         2332      0.96304 
   33    -39.00000         2608         2387      0.95576 
   34    -38.00000         2684         2432      0.95074 
   35    -37.00000         2702         2409      0.94267 
   36    -36.00000         2730         2418      0.93939 
   37    -35.00000         2738         2402      0.93463 
   38    -34.00000         2717         2366      0.93095 
   39    -33.00000         2716         2374      0.93006 
   40    -32.00000         2677         2364      0.93077 
   41    -31.00000         2663         2368      0.93182 
   42    -30.00000         2662         2374      0.92931 
   43    -29.00000         2678         2375      0.92262 
   44    -28.00000         2706         2439      0.92750 
   45    -27.00000         2700         2446      0.92849 
   46    -26.00000         2682         2449      0.93042 
   47    -25.00000         2654         2450      0.93495 
   48    -24.00000         2565         2391      0.93866 
   49    -23.00000         2489         2346      0.94147 
   50    -22.00000         2394         2268      0.94509 
   51    -21.00000         2311         2196      0.94697 
   52    -20.00000         2198         2098      0.94972 
   53    -19.00000         2040         1965      0.95630 
   54    -18.00000         1890         1899      0.96226 
   55    -17.00000         1835         1901      0.95021 
   56    -16.00000         1854         1933      0.95062 
   57    -15.00000         1838         1953      0.94487 
   58    -14.00000         1756         1904      0.93607 
   59    -13.00000         1686         1887      0.92303 
   60    -12.00000         1619         1858      0.90653 
   61    -11.00000         1568         1872      0.88198 
   62    -10.00000         1509         1876      0.85849 
   63     -9.00000         1392         1814      0.82969 
   64     -8.00000         1193         1739      0.77012 
   65     -7.00000          846         1772      0.59435 
   66     -6.00000          878         1816      0.60431 
   67     -5.00000          921         1842      0.61672 
   68     -4.00000          920         1782      0.62842 
   69     -3.00000          895         1633      0.65348 
   70     -2.00000          887         1279      0.75531 
   71     -1.00000          913         1313      0.75651 
   72      0.00000          940         1372      0.75346 
   73      1.00000          934         1380      0.74503 
   74      2.00000          932         1384      0.72798 
   75      3.00000          903         1368      0.71246 
   76      4.00000          870         1337      0.69687 
   77      5.00000          825         1303      0.67669 
   78      6.00000          737         1241      0.63903 
   79      7.00000          600         1193      0.55996 
   80      8.00000          432         1130      0.46351 
   81      9.00000          360         1083      0.41026 
   82     10.00000          280         1031      0.34020 
   83     11.00000          176          918      0.23583 
   84     12.00000           64          808      0.08257 
   85     13.00000            0          655      0.00000 
   86     14.00000            0          572      0.00000 
   87     15.00000            0          468      0.00000 
   88     16.00000            0          314      0.00000 
   89     17.00000            0          124      0.00000 
   90     18.00000            0            0      0.00000 
   91     19.00000            0            0      0.00000 
   92     20.00000            0            0      0.00000 
   93     21.00000            0            0      0.00000 
   94     22.00000            0            0      0.00000 
   95     23.00000           32           60      0.69565 
   96     24.00000           88          138      0.77876 
   97     25.00000          140          201      0.82111 
   98     26.00000          180          241      0.85511 
   99     27.00000          209          266      0.88000 
  100     28.00000          229          285      0.89105 
  101     29.00000          237          291      0.89773 
  102     30.00000          240          292      0.90226 
  103     31.00000          233          280      0.90838 
  104     32.00000          225          269      0.91093 
  105     33.00000          213          254      0.91221 
  106     34.00000          202          240      0.91403 
  107     35.00000          182          218      0.91000 
  108     36.00000          154          183      0.91395 
  109     37.00000          131          158      0.90657 
  110     38.00000           98          117      0.91163 
  111     39.00000           71           85      0.91026 
  112     40.00000           40           42      0.97561 
  113     41.00000           15           15      1.00000 
  114     42.00000            0            0      0.00000 
  115     43.00000            0            0      0.00000 
  116     44.00000            0            0      0.00000 
  117     45.00000            0            0      0.00000 
  118     46.00000            0            0      0.00000 
  119     47.00000            0            0      0.00000 
  120     48.00000            0            0      0.00000 
  121     49.00000            0            0      0.00000 
  122     50.00000            0            0      0.00000 
  123     51.00000            0            0      0.00000 
  124     52.00000            0            0      0.00000 
  125     53.00000            0            0      0.00000 
  126     54.00000            0            0      0.00000 
  127     55.00000            0            0      0.00000 
  128     56.00000            0            0      0.00000 
  129     57.00000            0            0      0.00000 
  130     58.00000            0            0      0.00000 
  131     59.00000            0            0      0.00000 
  132     60.00000            0            0      0.00000 
  133     61.00000            0            0      0.00000 
  134     62.00000            0            0      0.00000 
  135     63.00000            0            0      0.00000 
  136     64.00000            0            0      0.00000 
  137     65.00000            0            0      0.00000 
  138     66.00000            0            0      0.00000 
  139     67.00000            0            0      0.00000 
  140     68.00000            0            0      0.00000 
  141     69.00000            0            0      0.00000 
  142     70.00000            0            0      0.00000 
  143     71.00000            0            0      0.00000 
  144     72.00000            0            0      0.00000 
  145     73.00000            0            0      0.00000 
  146     74.00000            0            0      0.00000 
  147     75.00000            0            0      0.00000 
  148     76.00000            0            0      0.00000 
  149     77.00000            0            0      0.00000 
  150     78.00000            0            0      0.00000 
  151     79.00000            0            0      0.00000 
  152     80.00000            0            0      0.00000 
  153     81.00000            0            0      0.00000 
  154     82.00000            0            0      0.00000 
  155     83.00000            0            0      0.00000 
  156     84.00000            0            0      0.00000 
  157     85.00000            0            0      0.00000 
  158     86.00000            0            0      0.00000 
