# 3dSliceNDice -insetA 6m_2min_m2_binary+orig -insetB 6m_4min_m2_binary+orig -prefix 6m_2min_4min_m2
    0    134.00000            0            0      0.00000 
    1    133.00000            0            0      0.00000 
    2    132.00000            0            0      0.00000 
    3    131.00000            0            0      0.00000 
    4    130.00000            0            0      0.00000 
    5    129.00000            0            0      0.00000 
    6    128.00000            0            0      0.00000 
    7    127.00000            0            0      0.00000 
    8    126.00000            0            0      0.00000 
    9    125.00000            0            0      0.00000 
   10    124.00000            0            0      0.00000 
   11    123.00000            0            0      0.00000 
   12    122.00000            0            0      0.00000 
   13    121.00000            0            0      0.00000 
   14    120.00000            0            0      0.00000 
   15    119.00000            0            0      0.00000 
   16    118.00000            0            0      0.00000 
   17    117.00000            0            0      0.00000 
   18    116.00000            0            0      0.00000 
   19    115.00000            0            0      0.00000 
   20    114.00000            0            0      0.00000 
   21    113.00000            0            0      0.00000 
   22    112.00000            0            0      0.00000 
   23    111.00000            0            0      0.00000 
   24    110.00000            0            0      0.00000 
   25    109.00000            0            0      0.00000 
   26    108.00000            0            0      0.00000 
   27    107.00000            0            0      0.00000 
   28    106.00000            0            0      0.00000 
   29    105.00000            0            0      0.00000 
   30    104.00000            0            0      0.00000 
   31    103.00000            0            0      0.00000 
   32    102.00000            0            0      0.00000 
   33    101.00000            0            0      0.00000 
   34    100.00000            0            0      0.00000 
   35     99.00000            0            0      0.00000 
   36     98.00000            0            0      0.00000 
   37     97.00000            0            0      0.00000 
   38     96.00000            0            0      0.00000 
   39     95.00000            0            0      0.00000 
   40     94.00000            0            0      0.00000 
   41     93.00000            0            0      0.00000 
   42     92.00000            0            0      0.00000 
   43     91.00000            0            0      0.00000 
   44     90.00000            0            0      0.00000 
   45     89.00000            0            0      0.00000 
   46     88.00000            0            0      0.00000 
   47     87.00000            0            0      0.00000 
   48     86.00000            0            0      0.00000 
   49     85.00000            0            0      0.00000 
   50     84.00000            0            0      0.00000 
   51     83.00000            0            0      0.00000 
   52     82.00000            0            0      0.00000 
   53     81.00000            0            0      0.00000 
   54     80.00000            0            0      0.00000 
   55     79.00000            0            0      0.00000 
   56     78.00000            0            0      0.00000 
   57     77.00000            0            0      0.00000 
   58     76.00000            0            0      0.00000 
   59     75.00000            0            0      0.00000 
   60     74.00000            0            0      0.00000 
   61     73.00000            0            0      0.00000 
   62     72.00000            0            0      0.00000 
   63     71.00000            0            0      0.00000 
   64     70.00000            0            0      0.00000 
   65     69.00000            0            0      0.00000 
   66     68.00000            0            0      0.00000 
   67     67.00000            0            0      0.00000 
   68     66.00000            0            0      0.00000 
   69     65.00000            0            0      0.00000 
   70     64.00000            0            0      0.00000 
   71     63.00000            0            0      0.00000 
   72     62.00000          110           25      0.37037 
   73     61.00000          223           68      0.46735 
   74     60.00000          320          109      0.50816 
   75     59.00000          401          142      0.52302 
   76     58.00000          473          167      0.52188 
   77     57.00000          670          474      0.80420 
   78     56.00000          870          732      0.88140 
   79     55.00000         1048          911      0.90046 
   80     54.00000         1206         1062      0.90829 
   81     53.00000         1335         1193      0.91693 
   82     52.00000         1482         1371      0.90992 
   83     51.00000         1617         1564      0.91292 
   84     50.00000         1765         1744      0.91251 
   85     49.00000         1881         1890      0.91063 
   86     48.00000         1988         2017      0.90886 
   87     47.00000         2111         2256      0.90222 
   88     46.00000         2219         2505      0.89712 
   89     45.00000         2336         2735      0.88543 
   90     44.00000         2425         2931      0.87677 
   91     43.00000         2486         3082      0.86889 
   92     42.00000         2543         3248      0.85616 
   93     41.00000         2606         3362      0.85322 
   94     40.00000         2712         3500      0.85351 
   95     39.00000         2767         3565      0.85281 
   96     38.00000         2833         3654      0.85186 
   97     37.00000         2876         3697      0.85136 
   98     36.00000         2881         3705      0.84998 
   99     35.00000         2910         3719      0.85111 
  100     34.00000         2903         3676      0.85211 
  101     33.00000         2915         3670      0.85588 
  102     32.00000         2895         3592      0.85802 
  103     31.00000         2849         3501      0.85858 
  104     30.00000         2794         3402      0.85862 
  105     29.00000         2695         3235      0.85801 
  106     28.00000         2548         3006      0.84984 
  107     27.00000         2386         2709      0.82866 
  108     26.00000         2266         2578      0.83774 
  109     25.00000         2145         2437      0.85247 
  110     24.00000         1984         2231      0.87544 
  111     23.00000         1832         1990      0.91523 
  112     22.00000         1717         1776      0.95448 
  113     21.00000         1616         1665      0.95459 
  114     20.00000         1505         1548      0.95316 
  115     19.00000         1402         1443      0.94903 
  116     18.00000         1324         1358      0.94034 
  117     17.00000         1344         1333      0.90325 
  118     16.00000         1404         1329      0.85986 
  119     15.00000         1458         1328      0.83417 
  120     14.00000         1509         1319      0.80905 
  121     13.00000         1528         1306      0.78405 
  122     12.00000         1529         1276      0.75936 
  123     11.00000         1516         1244      0.74855 
  124     10.00000         1502         1210      0.73673 
  125      9.00000         1418         1117      0.72032 
  126      8.00000         1339         1033      0.70658 
  127      7.00000         1139          846      0.66700 
  128      6.00000         1046          756      0.65372 
  129      5.00000          960          662      0.62762 
  130      4.00000          837          522      0.56659 
  131      3.00000          717          359      0.43866 
  132      2.00000          580          214      0.24937 
  133      1.00000          479          180      0.23369 
  134      0.00000          372          140      0.19922 
  135     -1.00000          233           88      0.11838 
  136     -2.00000           78           32      0.00000 
  137     -3.00000            0            0      0.00000 
  138     -4.00000            0            0      0.00000 
  139     -5.00000            0            0      0.00000 
  140     -6.00000            0            0      0.00000 
  141     -7.00000            0            0      0.00000 
  142     -8.00000            0            0      0.00000 
  143     -9.00000            0            0      0.00000 
  144    -10.00000            0            0      0.00000 
  145    -11.00000            0            0      0.00000 
  146    -12.00000            0            0      0.00000 
  147    -13.00000            0            0      0.00000 
  148    -14.00000            0            0      0.00000 
  149    -15.00000            0            0      0.00000 
  150    -16.00000            0            0      0.00000 
  151    -17.00000            0            0      0.00000 
  152    -18.00000            0            0      0.00000 
  153    -19.00000            0            0      0.00000 
  154    -20.00000            0            0      0.00000 
  155    -21.00000            0            0      0.00000 
  156    -22.00000            0            0      0.00000 
  157    -23.00000            0            0      0.00000 
  158    -24.00000            0            0      0.00000 
  159    -25.00000            0            0      0.00000 
  160    -26.00000            0            0      0.00000 
  161    -27.00000            0            0      0.00000 
  162    -28.00000            0            0      0.00000 
  163    -29.00000            0            0      0.00000 
  164    -30.00000            0            0      0.00000 
  165    -31.00000            0            0      0.00000 
  166    -32.00000            0            0      0.00000 
  167    -33.00000            0            0      0.00000 
  168    -34.00000            0            0      0.00000 
  169    -35.00000            0            0      0.00000 
  170    -36.00000            0            0      0.00000 
  171    -37.00000            0            0      0.00000 
  172    -38.00000            0            0      0.00000 
  173    -39.00000            0            0      0.00000 
  174    -40.00000            0            0      0.00000 
  175    -41.00000            0            0      0.00000 
  176    -42.00000            0            0      0.00000 
  177    -43.00000            0            0      0.00000 
  178    -44.00000            0            0      0.00000 
  179    -45.00000            0            0      0.00000 
  180    -46.00000            0            0      0.00000 
  181    -47.00000            0            0      0.00000 
  182    -48.00000            0            0      0.00000 
  183    -49.00000            0            0      0.00000 
  184    -50.00000            0            0      0.00000 
  185    -51.00000            0            0      0.00000 
  186    -52.00000            0            0      0.00000 
  187    -53.00000            0            0      0.00000 
  188    -54.00000            0            0      0.00000 
  189    -55.00000            0            0      0.00000 
  190    -56.00000            0            0      0.00000 
  191    -57.00000            0            0      0.00000 
  192    -58.00000            0            0      0.00000 
  193    -59.00000            0            0      0.00000 
  194    -60.00000            0            0      0.00000 
  195    -61.00000            0            0      0.00000 
  196    -62.00000            0            0      0.00000 
  197    -63.00000            0            0      0.00000 
  198    -64.00000            0            0      0.00000 
  199    -65.00000            0            0      0.00000 
  200    -66.00000            0            0      0.00000 
  201    -67.00000            0            0      0.00000 
  202    -68.00000            0            0      0.00000 
  203    -69.00000            0            0      0.00000 
  204    -70.00000            0            0      0.00000 
  205    -71.00000            0            0      0.00000 
  206    -72.00000            0            0      0.00000 
  207    -73.00000            0            0      0.00000 
  208    -74.00000            0            0      0.00000 
  209    -75.00000            0            0      0.00000 
  210    -76.00000            0            0      0.00000 
  211    -77.00000            0            0      0.00000 
  212    -78.00000            0            0      0.00000 
  213    -79.00000            0            0      0.00000 
  214    -80.00000            0            0      0.00000 
  215    -81.00000            0            0      0.00000 
  216    -82.00000            0            0      0.00000 
  217    -83.00000            0            0      0.00000 
  218    -84.00000            0            0      0.00000 
  219    -85.00000            0            0      0.00000 
  220    -86.00000            0            0      0.00000 
  221    -87.00000            0            0      0.00000 
  222    -88.00000            0            0      0.00000 
  223    -89.00000            0            0      0.00000 
  224    -90.00000            0            0      0.00000 
  225    -91.00000            0            0      0.00000 
  226    -92.00000            0            0      0.00000 
  227    -93.00000            0            0      0.00000 
  228    -94.00000            0            0      0.00000 
  229    -95.00000            0            0      0.00000 
  230    -96.00000            0            0      0.00000 
  231    -97.00000            0            0      0.00000 
  232    -98.00000            0            0      0.00000 
