# 3dSliceNDice -insetA 6m_2min_m3_binary+orig -insetB 6m_5min_m3_binary+orig -prefix 6m_2min_5min_m3
    0    134.00000            0            0      0.00000 
    1    133.00000            0            0      0.00000 
    2    132.00000            0            0      0.00000 
    3    131.00000            0            0      0.00000 
    4    130.00000            0            0      0.00000 
    5    129.00000            0            0      0.00000 
    6    128.00000            0            0      0.00000 
    7    127.00000            0            0      0.00000 
    8    126.00000            0            0      0.00000 
    9    125.00000            0            0      0.00000 
   10    124.00000            0            0      0.00000 
   11    123.00000            0            0      0.00000 
   12    122.00000            0            0      0.00000 
   13    121.00000            0            0      0.00000 
   14    120.00000            0            0      0.00000 
   15    119.00000            0            0      0.00000 
   16    118.00000            0            0      0.00000 
   17    117.00000            0            0      0.00000 
   18    116.00000            0            0      0.00000 
   19    115.00000            0            0      0.00000 
   20    114.00000            0            0      0.00000 
   21    113.00000            0            0      0.00000 
   22    112.00000            0            0      0.00000 
   23    111.00000            0            0      0.00000 
   24    110.00000            0            0      0.00000 
   25    109.00000            0            0      0.00000 
   26    108.00000            0            0      0.00000 
   27    107.00000            0            0      0.00000 
   28    106.00000            0            0      0.00000 
   29    105.00000            0            0      0.00000 
   30    104.00000            0            0      0.00000 
   31    103.00000            0            0      0.00000 
   32    102.00000            0            0      0.00000 
   33    101.00000            0            0      0.00000 
   34    100.00000            0            0      0.00000 
   35     99.00000            0            0      0.00000 
   36     98.00000            0            0      0.00000 
   37     97.00000            0            0      0.00000 
   38     96.00000            0            0      0.00000 
   39     95.00000            0            0      0.00000 
   40     94.00000            0            0      0.00000 
   41     93.00000            0            0      0.00000 
   42     92.00000            0            0      0.00000 
   43     91.00000            0            0      0.00000 
   44     90.00000            0            0      0.00000 
   45     89.00000            0            0      0.00000 
   46     88.00000            0            0      0.00000 
   47     87.00000            0            0      0.00000 
   48     86.00000            0            0      0.00000 
   49     85.00000            0            0      0.00000 
   50     84.00000            0            0      0.00000 
   51     83.00000            0            0      0.00000 
   52     82.00000            0            0      0.00000 
   53     81.00000            9            9      1.00000 
   54     80.00000           43           41      0.97619 
   55     79.00000          105           78      0.85246 
   56     78.00000          189          114      0.75248 
   57     77.00000          303          173      0.72689 
   58     76.00000          492          309      0.77154 
   59     75.00000          722          496      0.81445 
   60     74.00000          945          680      0.83692 
   61     73.00000         1142          844      0.84995 
   62     72.00000         1385         1066      0.85353 
   63     71.00000         1637         1318      0.86294 
   64     70.00000         1974         1636      0.87479 
   65     69.00000         2212         1852      0.87303 
   66     68.00000         2411         2025      0.86970 
   67     67.00000         2584         2183      0.86302 
   68     66.00000         2737         2314      0.85567 
   69     65.00000         2928         2490      0.85456 
   70     64.00000         3044         2602      0.86149 
   71     63.00000         3142         2692      0.87076 
   72     62.00000         3157         2718      0.88443 
   73     61.00000         3140         2725      0.89514 
   74     60.00000         3110         2731      0.90567 
   75     59.00000         3004         2690      0.91430 
   76     58.00000         2896         2655      0.92344 
   77     57.00000         2732         2601      0.93643 
   78     56.00000         2692         2613      0.93685 
   79     55.00000         2657         2637      0.93615 
   80     54.00000         2605         2645      0.93333 
   81     53.00000         2596         2666      0.93881 
   82     52.00000         2627         2688      0.94713 
   83     51.00000         2689         2740      0.95008 
   84     50.00000         2818         2798      0.95085 
   85     49.00000         2893         2769      0.94560 
   86     48.00000         2992         2791      0.94207 
   87     47.00000         3022         2739      0.93421 
   88     46.00000         3029         2696      0.92576 
   89     45.00000         3044         2657      0.91914 
   90     44.00000         2958         2540      0.91160 
   91     43.00000         2918         2469      0.90737 
   92     42.00000         2849         2420      0.90909 
   93     41.00000         2785         2401      0.91631 
   94     40.00000         2728         2405      0.92694 
   95     39.00000         2613         2365      0.94094 
   96     38.00000         2446         2272      0.95464 
   97     37.00000         2285         2168      0.96474 
   98     36.00000         2307         2202      0.96651 
   99     35.00000         2366         2246      0.96401 
  100     34.00000         2424         2273      0.95976 
  101     33.00000         2479         2296      0.95455 
  102     32.00000         2531         2306      0.94811 
  103     31.00000         2550         2297      0.94368 
  104     30.00000         2565         2291      0.93863 
  105     29.00000         2562         2295      0.93762 
  106     28.00000         2568         2292      0.93539 
  107     27.00000         2538         2272      0.93514 
  108     26.00000         2497         2246      0.93569 
  109     25.00000         2444         2220      0.93739 
  110     24.00000         2378         2198      0.93706 
  111     23.00000         2316         2179      0.94416 
  112     22.00000         2219         2158      0.95088 
  113     21.00000         2176         2151      0.95262 
  114     20.00000         2131         2134      0.95475 
  115     19.00000         2054         2102      0.95236 
  116     18.00000         1998         2096      0.94871 
  117     17.00000         2095         2224      0.91086 
  118     16.00000         2216         2369      0.89553 
  119     15.00000         2260         2430      0.88913 
  120     14.00000         2268         2446      0.88502 
  121     13.00000         2286         2445      0.88480 
  122     12.00000         2313         2451      0.88539 
  123     11.00000         2351         2435      0.89845 
  124     10.00000         2398         2438      0.91108 
  125      9.00000         2377         2383      0.91639 
  126      8.00000         2366         2342      0.92226 
  127      7.00000         2240         2191      0.91988 
  128      6.00000         2136         2090      0.91529 
  129      5.00000         2033         2011      0.91147 
  130      4.00000         1863         1885      0.90342 
  131      3.00000         1690         1771      0.88472 
  132      2.00000         1521         1637      0.88854 
  133      1.00000         1427         1549      0.88710 
  134      0.00000         1323         1453      0.88401 
  135     -1.00000         1194         1345      0.87436 
  136     -2.00000         1066         1232      0.87293 
  137     -3.00000          932         1040      0.87728 
  138     -4.00000          871          944      0.85399 
  139     -5.00000          796          829      0.81969 
  140     -6.00000          684          669      0.76423 
  141     -7.00000          585          490      0.69953 
  142     -8.00000          519          400      0.73993 
  143     -9.00000          489          418      0.80265 
  144    -10.00000          450          394      0.81517 
  145    -11.00000          393          348      0.82051 
  146    -12.00000          337          287      0.83654 
  147    -13.00000          296          234      0.88302 
  148    -14.00000          296          245      0.90573 
  149    -15.00000          300          257      0.92280 
  150    -16.00000          305          260      0.92035 
  151    -17.00000          304          261      0.92389 
  152    -18.00000          296          253      0.92168 
  153    -19.00000          284          239      0.91396 
  154    -20.00000          271          228      0.91383 
  155    -21.00000          246          209      0.91868 
  156    -22.00000          236          195      0.90487 
  157    -23.00000          225          158      0.82507 
  158    -24.00000          253          130      0.67885 
  159    -25.00000          255           87      0.50877 
  160    -26.00000          234           45      0.32258 
  161    -27.00000          207            4      0.03791 
  162    -28.00000          196            0      0.00000 
  163    -29.00000          194            0      0.00000 
  164    -30.00000          199            0      0.00000 
  165    -31.00000          195            0      0.00000 
  166    -32.00000          189            0      0.00000 
  167    -33.00000          173            0      0.00000 
  168    -34.00000          157            0      0.00000 
  169    -35.00000          137            0      0.00000 
  170    -36.00000          108            0      0.00000 
  171    -37.00000           88            0      0.00000 
  172    -38.00000           61            0      0.00000 
  173    -39.00000           44            0      0.00000 
  174    -40.00000           26            0      0.00000 
  175    -41.00000            5            0      0.00000 
  176    -42.00000            0            0      0.00000 
  177    -43.00000            0            0      0.00000 
  178    -44.00000            0            0      0.00000 
  179    -45.00000            0            0      0.00000 
  180    -46.00000            0            0      0.00000 
  181    -47.00000            0            0      0.00000 
  182    -48.00000            0            0      0.00000 
  183    -49.00000            0            0      0.00000 
  184    -50.00000            0            0      0.00000 
  185    -51.00000            0            0      0.00000 
  186    -52.00000            0            0      0.00000 
  187    -53.00000            0            0      0.00000 
  188    -54.00000            0            0      0.00000 
  189    -55.00000            0            0      0.00000 
  190    -56.00000            0            0      0.00000 
  191    -57.00000            0            0      0.00000 
  192    -58.00000            0            0      0.00000 
  193    -59.00000            0            0      0.00000 
  194    -60.00000            0            0      0.00000 
  195    -61.00000            0            0      0.00000 
  196    -62.00000            0            0      0.00000 
  197    -63.00000            0            0      0.00000 
  198    -64.00000            0            0      0.00000 
  199    -65.00000            0            0      0.00000 
  200    -66.00000            0            0      0.00000 
  201    -67.00000            0            0      0.00000 
  202    -68.00000            0            0      0.00000 
  203    -69.00000            0            0      0.00000 
  204    -70.00000            0            0      0.00000 
  205    -71.00000            0            0      0.00000 
  206    -72.00000            0            0      0.00000 
  207    -73.00000            0            0      0.00000 
  208    -74.00000            0            0      0.00000 
  209    -75.00000            0            0      0.00000 
  210    -76.00000            0            0      0.00000 
  211    -77.00000            0            0      0.00000 
  212    -78.00000            0            0      0.00000 
  213    -79.00000            0            0      0.00000 
  214    -80.00000            0            0      0.00000 
  215    -81.00000            0            0      0.00000 
  216    -82.00000            0            0      0.00000 
  217    -83.00000            0            0      0.00000 
  218    -84.00000            0            0      0.00000 
  219    -85.00000            0            0      0.00000 
  220    -86.00000            0            0      0.00000 
  221    -87.00000            0            0      0.00000 
  222    -88.00000            0            0      0.00000 
  223    -89.00000            0            0      0.00000 
  224    -90.00000            0            0      0.00000 
  225    -91.00000            0            0      0.00000 
  226    -92.00000            0            0      0.00000 
  227    -93.00000            0            0      0.00000 
  228    -94.00000            0            0      0.00000 
  229    -95.00000            0            0      0.00000 
  230    -96.00000            0            0      0.00000 
  231    -97.00000            0            0      0.00000 
  232    -98.00000            0            0      0.00000 
