# 3dSliceNDice -insetA 6m_2min_m3_binary+orig -insetB 6m_5min_m3_binary+orig -prefix 6m_2min_5min_m3
    0     96.00000            0            0      0.00000 
    1     95.00000            0            0      0.00000 
    2     94.00000            0            0      0.00000 
    3     93.00000            0            0      0.00000 
    4     92.00000            0            0      0.00000 
    5     91.00000            0            0      0.00000 
    6     90.00000            0            0      0.00000 
    7     89.00000            0            0      0.00000 
    8     88.00000            0            0      0.00000 
    9     87.00000            0            0      0.00000 
   10     86.00000            0            0      0.00000 
   11     85.00000            0            0      0.00000 
   12     84.00000            0            0      0.00000 
   13     83.00000            0            0      0.00000 
   14     82.00000            0            0      0.00000 
   15     81.00000            0            0      0.00000 
   16     80.00000            0            0      0.00000 
   17     79.00000            0            0      0.00000 
   18     78.00000            0            0      0.00000 
   19     77.00000            0            0      0.00000 
   20     76.00000            0            0      0.00000 
   21     75.00000            0            0      0.00000 
   22     74.00000            0            0      0.00000 
   23     73.00000            0            0      0.00000 
   24     72.00000            0            0      0.00000 
   25     71.00000            0            0      0.00000 
   26     70.00000            0            0      0.00000 
   27     69.00000            0            0      0.00000 
   28     68.00000            0            0      0.00000 
   29     67.00000            0            0      0.00000 
   30     66.00000            0            0      0.00000 
   31     65.00000            0            0      0.00000 
   32     64.00000            0            0      0.00000 
   33     63.00000            0            0      0.00000 
   34     62.00000            0            0      0.00000 
   35     61.00000            0            0      0.00000 
   36     60.00000            0            0      0.00000 
   37     59.00000            0            0      0.00000 
   38     58.00000            0            0      0.00000 
   39     57.00000            0            0      0.00000 
   40     56.00000            0            0      0.00000 
   41     55.00000            0            0      0.00000 
   42     54.00000            0            0      0.00000 
   43     53.00000            0            0      0.00000 
   44     52.00000            0            0      0.00000 
   45     51.00000            0            0      0.00000 
   46     50.00000            0            0      0.00000 
   47     49.00000            0            0      0.00000 
   48     48.00000            0            0      0.00000 
   49     47.00000           32            0      0.00000 
   50     46.00000           99            0      0.00000 
   51     45.00000          173            9      0.08791 
   52     44.00000          231           22      0.14229 
   53     43.00000          308           53      0.21053 
   54     42.00000          435          204      0.54460 
   55     41.00000          595          382      0.73695 
   56     40.00000          754          513      0.76717 
   57     39.00000          867          601      0.78883 
   58     38.00000          981          689      0.80240 
   59     37.00000         1101          778      0.81213 
   60     36.00000         1199          853      0.79922 
   61     35.00000         1307          948      0.80710 
   62     34.00000         1393         1022      0.80580 
   63     33.00000         1468         1089      0.80720 
   64     32.00000         1575         1156      0.81655 
   65     31.00000         1659         1214      0.82353 
   66     30.00000         1757         1287      0.82326 
   67     29.00000         1828         1343      0.82561 
   68     28.00000         1891         1389      0.82622 
   69     27.00000         1939         1424      0.82724 
   70     26.00000         1960         1451      0.83788 
   71     25.00000         1983         1501      0.85132 
   72     24.00000         1955         1550      0.85934 
   73     23.00000         1947         1591      0.86659 
   74     22.00000         1974         1668      0.86491 
   75     21.00000         1984         1733      0.86521 
   76     20.00000         1986         1807      0.87741 
   77     19.00000         1945         1837      0.88419 
   78     18.00000         1903         1872      0.89907 
   79     17.00000         2103         2113      0.91698 
   80     16.00000         2296         2312      0.92708 
   81     15.00000         2437         2479      0.92758 
   82     14.00000         2550         2630      0.92896 
   83     13.00000         2662         2755      0.92967 
   84     12.00000         2787         2882      0.93350 
   85     11.00000         2865         2963      0.93960 
   86     10.00000         2991         3038      0.94676 
   87      9.00000         3079         3097      0.95207 
   88      8.00000         3150         3144      0.95424 
   89      7.00000         3219         3179      0.95530 
   90      6.00000         3216         3162      0.95453 
   91      5.00000         3259         3174      0.95818 
   92      4.00000         3269         3192      0.96208 
   93      3.00000         3275         3208      0.96653 
   94      2.00000         3227         3180      0.97269 
   95      1.00000         3116         3091      0.97664 
   96      0.00000         3016         3015      0.97762 
   97     -1.00000         3028         3034      0.97691 
   98     -2.00000         3128         3133      0.97492 
   99     -3.00000         3150         3165      0.97324 
  100     -4.00000         3148         3168      0.97277 
  101     -5.00000         3120         3157      0.97212 
  102     -6.00000         3041         3103      0.97428 
  103     -7.00000         2974         3064      0.97648 
  104     -8.00000         2877         2982      0.97525 
  105     -9.00000         2800         2901      0.97597 
  106    -10.00000         2709         2804      0.97733 
  107    -11.00000         2577         2665      0.97444 
  108    -12.00000         2371         2476      0.97008 
  109    -13.00000         2114         2184      0.96138 
  110    -14.00000         2130         2206      0.94880 
  111    -15.00000         2131         2219      0.94023 
  112    -16.00000         2094         2197      0.93172 
  113    -17.00000         2085         2186      0.92765 
  114    -18.00000         2046         2138      0.92495 
  115    -19.00000         2027         2086      0.92876 
  116    -20.00000         2009         2040      0.93159 
  117    -21.00000         1942         1969      0.93173 
  118    -22.00000         1891         1902      0.93383 
  119    -23.00000         1816         1827      0.93330 
  120    -24.00000         1729         1771      0.94000 
  121    -25.00000         1637         1709      0.94800 
  122    -26.00000         1508         1608      0.94929 
  123    -27.00000         1417         1517      0.95297 
  124    -28.00000         1419         1439      0.93842 
  125    -29.00000         1462         1431      0.92707 
  126    -30.00000         1500         1432      0.92224 
  127    -31.00000         1479         1359      0.90980 
  128    -32.00000         1443         1302      0.89545 
  129    -33.00000         1572         1426      0.84256 
  130    -34.00000         1752         1546      0.81261 
  131    -35.00000         1901         1622      0.79024 
  132    -36.00000         1953         1623      0.76678 
  133    -37.00000         1994         1595      0.74338 
  134    -38.00000         2021         1562      0.74351 
  135    -39.00000         2029         1565      0.76516 
  136    -40.00000         2058         1592      0.78959 
  137    -41.00000         1986         1546      0.81257 
  138    -42.00000         1889         1512      0.83328 
  139    -43.00000         1862         1451      0.83489 
  140    -44.00000         1798         1382      0.83082 
  141    -45.00000         1747         1306      0.82673 
  142    -46.00000         1626         1192      0.82399 
  143    -47.00000         1508         1074      0.81565 
  144    -48.00000         1370          977      0.82147 
  145    -49.00000         1227          904      0.84186 
  146    -50.00000         1094          834      0.86515 
  147    -51.00000          934          745      0.88743 
  148    -52.00000          804          673      0.91131 
  149    -53.00000          641          541      0.91540 
  150    -54.00000          507          426      0.91318 
  151    -55.00000          381          313      0.90202 
  152    -56.00000          259          219      0.91632 
  153    -57.00000          152          111      0.84411 
  154    -58.00000           38           15      0.56604 
  155    -59.00000            0            0      0.00000 
  156    -60.00000            0            0      0.00000 
  157    -61.00000            0            0      0.00000 
  158    -62.00000            0            0      0.00000 
  159    -63.00000            0            0      0.00000 
  160    -64.00000            0            0      0.00000 
  161    -65.00000            0            0      0.00000 
  162    -66.00000            0            0      0.00000 
  163    -67.00000            0            0      0.00000 
  164    -68.00000            0            0      0.00000 
  165    -69.00000            0            0      0.00000 
  166    -70.00000            0            0      0.00000 
  167    -71.00000            0            0      0.00000 
  168    -72.00000            0            0      0.00000 
  169    -73.00000            0            0      0.00000 
  170    -74.00000            0            0      0.00000 
  171    -75.00000            0            0      0.00000 
  172    -76.00000            0            0      0.00000 
  173    -77.00000            0            0      0.00000 
  174    -78.00000            0            0      0.00000 
  175    -79.00000            0            0      0.00000 
  176    -80.00000            0            0      0.00000 
  177    -81.00000            0            0      0.00000 
  178    -82.00000            0            0      0.00000 
  179    -83.00000            0            0      0.00000 
  180    -84.00000            0            0      0.00000 
  181    -85.00000            0            0      0.00000 
  182    -86.00000            0            0      0.00000 
  183    -87.00000            0            0      0.00000 
  184    -88.00000            0            0      0.00000 
  185    -89.00000            0            0      0.00000 
  186    -90.00000            0            0      0.00000 
  187    -91.00000            0            0      0.00000 
  188    -92.00000            0            0      0.00000 
  189    -93.00000            0            0      0.00000 
  190    -94.00000            0            0      0.00000 
  191    -95.00000            0            0      0.00000 
  192    -96.00000            0            0      0.00000 
  193    -97.00000            0            0      0.00000 
  194    -98.00000            0            0      0.00000 
