# 3dSliceNDice -insetA 6m_2min_m1_binary+orig -insetB 6m_3min_m1_binary+orig -prefix 6m_2min_3min_m1
    0     96.00000            0            0      0.00000 
    1     95.00000            0            0      0.00000 
    2     94.00000            0            0      0.00000 
    3     93.00000            0            0      0.00000 
    4     92.00000            0            0      0.00000 
    5     91.00000            0            0      0.00000 
    6     90.00000            0            0      0.00000 
    7     89.00000            0            0      0.00000 
    8     88.00000            0            0      0.00000 
    9     87.00000            0            0      0.00000 
   10     86.00000            0            0      0.00000 
   11     85.00000            0            0      0.00000 
   12     84.00000            0            0      0.00000 
   13     83.00000            0            0      0.00000 
   14     82.00000            0            0      0.00000 
   15     81.00000            0            0      0.00000 
   16     80.00000            0            0      0.00000 
   17     79.00000            0            0      0.00000 
   18     78.00000            0            0      0.00000 
   19     77.00000            0            0      0.00000 
   20     76.00000            0            0      0.00000 
   21     75.00000            0            0      0.00000 
   22     74.00000            0            0      0.00000 
   23     73.00000            0            0      0.00000 
   24     72.00000            0            0      0.00000 
   25     71.00000            0            0      0.00000 
   26     70.00000            0            0      0.00000 
   27     69.00000            0            0      0.00000 
   28     68.00000            0            0      0.00000 
   29     67.00000            0            0      0.00000 
   30     66.00000            0            0      0.00000 
   31     65.00000            0            0      0.00000 
   32     64.00000            0            0      0.00000 
   33     63.00000            0            0      0.00000 
   34     62.00000            0            0      0.00000 
   35     61.00000            0            0      0.00000 
   36     60.00000            0            0      0.00000 
   37     59.00000            0            0      0.00000 
   38     58.00000            0           12      0.00000 
   39     57.00000            0           84      0.00000 
   40     56.00000           12          160      0.11628 
   41     55.00000          113          252      0.49315 
   42     54.00000          230          347      0.71057 
   43     53.00000          354          457      0.81134 
   44     52.00000          495          575      0.87850 
   45     51.00000          591          667      0.89984 
   46     50.00000          693          751      0.92382 
   47     49.00000          757          802      0.93778 
   48     48.00000          829          869      0.94582 
   49     47.00000          885          915      0.95444 
   50     46.00000          913          934      0.96048 
   51     45.00000          919          934      0.95953 
   52     44.00000          929          923      0.95356 
   53     43.00000          975          952      0.94862 
   54     42.00000         1002          962      0.93992 
   55     41.00000         1038          977      0.93499 
   56     40.00000         1054          972      0.92201 
   57     39.00000         1034          949      0.90368 
   58     38.00000         1033          952      0.88866 
   59     37.00000         1017          991      0.87351 
   60     36.00000         1100         1095      0.87289 
   61     35.00000         1186         1171      0.86381 
   62     34.00000         1212         1193      0.84990 
   63     33.00000         1206         1192      0.83736 
   64     32.00000         1212         1184      0.85309 
   65     31.00000         1319         1266      0.85571 
   66     30.00000         1445         1359      0.85806 
   67     29.00000         1520         1409      0.86173 
   68     28.00000         1588         1444      0.86807 
   69     27.00000         1675         1478      0.87092 
   70     26.00000         1784         1544      0.85998 
   71     25.00000         1926         1642      0.84922 
   72     24.00000         2021         1707      0.83906 
   73     23.00000         2125         1791      0.83453 
   74     22.00000         2204         1870      0.83162 
   75     21.00000         2255         1943      0.82849 
   76     20.00000         2320         2027      0.82494 
   77     19.00000         2307         2071      0.81590 
   78     18.00000         2313         2104      0.80462 
   79     17.00000         2292         2197      0.79127 
   80     16.00000         2232         2274      0.77852 
   81     15.00000         2177         2337      0.76562 
   82     14.00000         2082         2320      0.74830 
   83     13.00000         1946         2244      0.72649 
   84     12.00000         1924         2348      0.70787 
   85     11.00000         2032         2512      0.72183 
   86     10.00000         2112         2631      0.73793 
   87      9.00000         2119         2664      0.75141 
   88      8.00000         2108         2627      0.77381 
   89      7.00000         2142         2595      0.79966 
   90      6.00000         2160         2603      0.80705 
   91      5.00000         2182         2585      0.81603 
   92      4.00000         2124         2492      0.82019 
   93      3.00000         2063         2405      0.82498 
   94      2.00000         2024         2313      0.82453 
   95      1.00000         2027         2203      0.81844 
   96      0.00000         2026         2156      0.80775 
   97     -1.00000         2034         2139      0.79319 
   98     -2.00000         2092         2170      0.77569 
   99     -3.00000         2313         2483      0.80734 
  100     -4.00000         2425         2733      0.82823 
  101     -5.00000         2533         2902      0.82944 
  102     -6.00000         2589         2959      0.82805 
  103     -7.00000         2611         2978      0.82913 
  104     -8.00000         2685         2981      0.83198 
  105     -9.00000         2763         2992      0.83997 
  106    -10.00000         2814         3044      0.84227 
  107    -11.00000         2818         3053      0.84449 
  108    -12.00000         2775         2985      0.85278 
  109    -13.00000         2856         2942      0.87547 
  110    -14.00000         3013         3051      0.89182 
  111    -15.00000         3144         3168      0.90906 
  112    -16.00000         3216         3214      0.91882 
  113    -17.00000         3287         3269      0.92617 
  114    -18.00000         3332         3291      0.93643 
  115    -19.00000         3306         3257      0.94012 
  116    -20.00000         3304         3250      0.94812 
  117    -21.00000         3197         3140      0.94650 
  118    -22.00000         3118         3045      0.94207 
  119    -23.00000         2999         2940      0.93315 
  120    -24.00000         2888         2854      0.92337 
  121    -25.00000         2758         2763      0.91107 
  122    -26.00000         2557         2620      0.89627 
  123    -27.00000         2405         2520      0.88162 
  124    -28.00000         2392         2459      0.87858 
  125    -29.00000         2393         2444      0.88319 
  126    -30.00000         2266         2381      0.87282 
  127    -31.00000         1979         2180      0.84780 
  128    -32.00000         1577         1947      0.78717 
  129    -33.00000         1079         1724      0.70567 
  130    -34.00000         1141         1780      0.71551 
  131    -35.00000         1215         1809      0.74471 
  132    -36.00000         1253         1777      0.77360 
  133    -37.00000         1294         1748      0.79882 
  134    -38.00000         1354         1779      0.81838 
  135    -39.00000         1363         1817      0.81698 
  136    -40.00000         1403         1863      0.82364 
  137    -41.00000         1411         1860      0.83094 
  138    -42.00000         1423         1855      0.84198 
  139    -43.00000         1411         1804      0.85474 
  140    -44.00000         1378         1725      0.86755 
  141    -45.00000         1347         1658      0.87987 
  142    -46.00000         1306         1540      0.90443 
  143    -47.00000         1230         1415      0.91645 
  144    -48.00000         1128         1298      0.91838 
  145    -49.00000         1044         1213      0.91449 
  146    -50.00000          917         1078      0.90927 
  147    -51.00000          752          917      0.89515 
  148    -52.00000          620          776      0.88825 
  149    -53.00000          491          590      0.90842 
  150    -54.00000          353          425      0.90746 
  151    -55.00000          216          267      0.89441 
  152    -56.00000          123          148      0.90775 
  153    -57.00000           88           93      0.97238 
  154    -58.00000            3            3      1.00000 
  155    -59.00000            0            0      0.00000 
  156    -60.00000            0            0      0.00000 
  157    -61.00000            0            0      0.00000 
  158    -62.00000            0            0      0.00000 
  159    -63.00000            0            0      0.00000 
  160    -64.00000            0            0      0.00000 
  161    -65.00000            0            0      0.00000 
  162    -66.00000            0            0      0.00000 
  163    -67.00000            0            0      0.00000 
  164    -68.00000            0            0      0.00000 
  165    -69.00000            0            0      0.00000 
  166    -70.00000            0            0      0.00000 
  167    -71.00000            0            0      0.00000 
  168    -72.00000            0            0      0.00000 
  169    -73.00000            0            0      0.00000 
  170    -74.00000            0            0      0.00000 
  171    -75.00000            0            0      0.00000 
  172    -76.00000            0            0      0.00000 
  173    -77.00000            0            0      0.00000 
  174    -78.00000            0            0      0.00000 
  175    -79.00000            0            0      0.00000 
  176    -80.00000            0            0      0.00000 
  177    -81.00000            0            0      0.00000 
  178    -82.00000            0            0      0.00000 
  179    -83.00000            0            0      0.00000 
  180    -84.00000            0            0      0.00000 
  181    -85.00000            0            0      0.00000 
  182    -86.00000            0            0      0.00000 
  183    -87.00000            0            0      0.00000 
  184    -88.00000            0            0      0.00000 
  185    -89.00000            0            0      0.00000 
  186    -90.00000            0            0      0.00000 
  187    -91.00000            0            0      0.00000 
  188    -92.00000            0            0      0.00000 
  189    -93.00000            0            0      0.00000 
  190    -94.00000            0            0      0.00000 
  191    -95.00000            0            0      0.00000 
  192    -96.00000            0            0      0.00000 
  193    -97.00000            0            0      0.00000 
  194    -98.00000            0            0      0.00000 
