# 3dSliceNDice -insetA 6m_2min_m2_binary+orig -insetB 6m_3min_m2_binary+orig -prefix 6m_2min_3min_m2
    0    -72.00000            0            0      0.00000 
    1    -71.00000            0            0      0.00000 
    2    -70.00000            0            0      0.00000 
    3    -69.00000            0            0      0.00000 
    4    -68.00000            0            0      0.00000 
    5    -67.00000            0            0      0.00000 
    6    -66.00000            0            0      0.00000 
    7    -65.00000            0            0      0.00000 
    8    -64.00000            0            0      0.00000 
    9    -63.00000            0            0      0.00000 
   10    -62.00000            0            0      0.00000 
   11    -61.00000            0            0      0.00000 
   12    -60.00000            0            0      0.00000 
   13    -59.00000            0            0      0.00000 
   14    -58.00000            0            0      0.00000 
   15    -57.00000            0            0      0.00000 
   16    -56.00000            0            0      0.00000 
   17    -55.00000            0            0      0.00000 
   18    -54.00000            0            0      0.00000 
   19    -53.00000            0            0      0.00000 
   20    -52.00000            0            0      0.00000 
   21    -51.00000            1            1      1.00000 
   22    -50.00000          273          273      1.00000 
   23    -49.00000          612          612      1.00000 
   24    -48.00000         1079         1079      1.00000 
   25    -47.00000         1337         1337      1.00000 
   26    -46.00000         1611         1606      0.99845 
   27    -45.00000         1850         1826      0.99129 
   28    -44.00000         1998         1959      0.98661 
   29    -43.00000         2176         2118      0.98323 
   30    -42.00000         2309         2248      0.98179 
   31    -41.00000         2415         2359      0.98115 
   32    -40.00000         2511         2447      0.97983 
   33    -39.00000         2608         2528      0.97625 
   34    -38.00000         2684         2595      0.97367 
   35    -37.00000         2702         2593      0.96922 
   36    -36.00000         2730         2601      0.96305 
   37    -35.00000         2738         2582      0.95526 
   38    -34.00000         2717         2561      0.95074 
   39    -33.00000         2716         2551      0.94703 
   40    -32.00000         2677         2545      0.94178 
   41    -31.00000         2663         2564      0.93706 
   42    -30.00000         2662         2584      0.93366 
   43    -29.00000         2678         2607      0.93169 
   44    -28.00000         2706         2666      0.93671 
   45    -27.00000         2700         2660      0.94030 
   46    -26.00000         2682         2635      0.94076 
   47    -25.00000         2654         2603      0.94465 
   48    -24.00000         2565         2508      0.94737 
   49    -23.00000         2489         2424      0.94484 
   50    -22.00000         2394         2346      0.94515 
   51    -21.00000         2311         2277      0.94551 
   52    -20.00000         2198         2190      0.94485 
   53    -19.00000         2040         2067      0.94278 
   54    -18.00000         1890         1969      0.94014 
   55    -17.00000         1835         1970      0.92983 
   56    -16.00000         1854         1989      0.93365 
   57    -15.00000         1838         1977      0.93840 
   58    -14.00000         1756         1890      0.94021 
   59    -13.00000         1686         1796      0.94428 
   60    -12.00000         1619         1755      0.92946 
   61    -11.00000         1568         1774      0.89826 
   62    -10.00000         1509         1760      0.86938 
   63     -9.00000         1392         1669      0.83502 
   64     -8.00000         1193         1527      0.77941 
   65     -7.00000          846         1363      0.62200 
   66     -6.00000          878         1345      0.59919 
   67     -5.00000          921         1331      0.58259 
   68     -4.00000          920         1260      0.57064 
   69     -3.00000          895         1155      0.56488 
   70     -2.00000          887         1072      0.63298 
   71     -1.00000          913         1131      0.68200 
   72      0.00000          940         1169      0.71788 
   73      1.00000          934         1149      0.73260 
   74      2.00000          932         1145      0.73953 
   75      3.00000          903         1105      0.76195 
   76      4.00000          870         1049      0.77228 
   77      5.00000          825          996      0.78638 
   78      6.00000          737          895      0.77328 
   79      7.00000          600          775      0.71855 
   80      8.00000          432          669      0.59764 
   81      9.00000          360          623      0.53917 
   82     10.00000          280          568      0.45991 
   83     11.00000          176          471      0.33076 
   84     12.00000           64          368      0.14815 
   85     13.00000            0          269      0.00000 
   86     14.00000            0          240      0.00000 
   87     15.00000            0          200      0.00000 
   88     16.00000            0          138      0.00000 
   89     17.00000            0           60      0.00000 
   90     18.00000            0           64      0.00000 
   91     19.00000            0          157      0.00000 
   92     20.00000            0          229      0.00000 
   93     21.00000            0          283      0.00000 
   94     22.00000            0          331      0.00000 
   95     23.00000           32          379      0.15572 
   96     24.00000           88          407      0.33131 
   97     25.00000          140          435      0.42435 
   98     26.00000          180          443      0.47512 
   99     27.00000          209          455      0.51205 
  100     28.00000          229          455      0.55556 
  101     29.00000          237          443      0.57647 
  102     30.00000          240          433      0.59733 
  103     31.00000          233          404      0.60911 
  104     32.00000          225          372      0.61642 
  105     33.00000          213          327      0.62593 
  106     34.00000          202          281      0.61698 
  107     35.00000          182          228      0.60976 
  108     36.00000          154          157      0.56592 
  109     37.00000          131           64      0.35897 
  110     38.00000           98            0      0.00000 
  111     39.00000           71            0      0.00000 
  112     40.00000           40            0      0.00000 
  113     41.00000           15            0      0.00000 
  114     42.00000            0            0      0.00000 
  115     43.00000            0            0      0.00000 
  116     44.00000            0            0      0.00000 
  117     45.00000            0            0      0.00000 
  118     46.00000            0            0      0.00000 
  119     47.00000            0            0      0.00000 
  120     48.00000            0            0      0.00000 
  121     49.00000            0            0      0.00000 
  122     50.00000            0            0      0.00000 
  123     51.00000            0            0      0.00000 
  124     52.00000            0            0      0.00000 
  125     53.00000            0            0      0.00000 
  126     54.00000            0            0      0.00000 
  127     55.00000            0            0      0.00000 
  128     56.00000            0            0      0.00000 
  129     57.00000            0            0      0.00000 
  130     58.00000            0            0      0.00000 
  131     59.00000            0            0      0.00000 
  132     60.00000            0            0      0.00000 
  133     61.00000            0            0      0.00000 
  134     62.00000            0            0      0.00000 
  135     63.00000            0            0      0.00000 
  136     64.00000            0            0      0.00000 
  137     65.00000            0            0      0.00000 
  138     66.00000            0            0      0.00000 
  139     67.00000            0            0      0.00000 
  140     68.00000            0            0      0.00000 
  141     69.00000            0            0      0.00000 
  142     70.00000            0            0      0.00000 
  143     71.00000            0            0      0.00000 
  144     72.00000            0            0      0.00000 
  145     73.00000            0            0      0.00000 
  146     74.00000            0            0      0.00000 
  147     75.00000            0            0      0.00000 
  148     76.00000            0            0      0.00000 
  149     77.00000            0            0      0.00000 
  150     78.00000            0            0      0.00000 
  151     79.00000            0            0      0.00000 
  152     80.00000            0            0      0.00000 
  153     81.00000            0            0      0.00000 
  154     82.00000            0            0      0.00000 
  155     83.00000            0            0      0.00000 
  156     84.00000            0            0      0.00000 
  157     85.00000            0            0      0.00000 
  158     86.00000            0            0      0.00000 
