# 3dSliceNDice -insetA 6m_2min_m4_binary+orig -insetB 6m_4min_m4_binary+orig -prefix 6m_2min_4min_m4
    0    -72.00000            0            0      0.00000 
    1    -71.00000            0            0      0.00000 
    2    -70.00000            0            0      0.00000 
    3    -69.00000            0            0      0.00000 
    4    -68.00000            0            0      0.00000 
    5    -67.00000            0            0      0.00000 
    6    -66.00000            0            0      0.00000 
    7    -65.00000            0            0      0.00000 
    8    -64.00000            0            0      0.00000 
    9    -63.00000            0            0      0.00000 
   10    -62.00000            0            0      0.00000 
   11    -61.00000            0            0      0.00000 
   12    -60.00000            0            0      0.00000 
   13    -59.00000            0            0      0.00000 
   14    -58.00000            0            0      0.00000 
   15    -57.00000            0            0      0.00000 
   16    -56.00000            0            0      0.00000 
   17    -55.00000            0            0      0.00000 
   18    -54.00000            0            0      0.00000 
   19    -53.00000            0            0      0.00000 
   20    -52.00000            0            0      0.00000 
   21    -51.00000            0            0      0.00000 
   22    -50.00000            0            0      0.00000 
   23    -49.00000            0            0      0.00000 
   24    -48.00000            0            0      0.00000 
   25    -47.00000            0            0      0.00000 
   26    -46.00000            0            0      0.00000 
   27    -45.00000            0            0      0.00000 
   28    -44.00000            0            0      0.00000 
   29    -43.00000            0            0      0.00000 
   30    -42.00000            0            0      0.00000 
   31    -41.00000            0            0      0.00000 
   32    -40.00000            0            0      0.00000 
   33    -39.00000            0            0      0.00000 
   34    -38.00000            0            0      0.00000 
   35    -37.00000            0           12      0.00000 
   36    -36.00000           13           80      0.27957 
   37    -35.00000           35          142      0.39548 
   38    -34.00000           63          198      0.48276 
   39    -33.00000           89          253      0.52047 
   40    -32.00000          337          678      0.66404 
   41    -31.00000          528          985      0.69795 
   42    -30.00000          674         1238      0.70502 
   43    -29.00000          825         1495      0.71121 
   44    -28.00000          960         1694      0.72344 
   45    -27.00000         1133         1892      0.74909 
   46    -26.00000         1270         2025      0.77086 
   47    -25.00000         1426         2197      0.78719 
   48    -24.00000         1540         2325      0.79690 
   49    -23.00000         1644         2459      0.80136 
   50    -22.00000         1806         2684      0.80445 
   51    -21.00000         1963         2918      0.80434 
   52    -20.00000         2135         3150      0.80795 
   53    -19.00000         2249         3288      0.81235 
   54    -18.00000         2349         3365      0.82219 
   55    -17.00000         2382         3358      0.82997 
   56    -16.00000         2374         3315      0.83459 
   57    -15.00000         2328         3231      0.83756 
   58    -14.00000         2205         3054      0.83856 
   59    -13.00000         2085         2904      0.83584 
   60    -12.00000         1916         2676      0.83449 
   61    -11.00000         1783         2529      0.82699 
   62    -10.00000         1611         2329      0.81777 
   63     -9.00000         1383         2045      0.80688 
   64     -8.00000         1040         1651      0.77295 
   65     -7.00000          668         1118      0.74804 
   66     -6.00000          665         1053      0.77416 
   67     -5.00000          663          972      0.81101 
   68     -4.00000          648          873      0.85207 
   69     -3.00000          633          765      0.90558 
   70     -2.00000          600          701      0.92237 
   71     -1.00000          570          691      0.90404 
   72      0.00000          537          679      0.88322 
   73      1.00000          487          654      0.85364 
   74      2.00000          455          635      0.83486 
   75      3.00000          406          587      0.81772 
   76      4.00000          367          553      0.79783 
   77      5.00000          319          508      0.77146 
   78      6.00000          248          450      0.71060 
   79      7.00000          140          397      0.52142 
   80      8.00000          428          547      0.31179 
   81      9.00000          673          707      0.46812 
   82     10.00000          831          788      0.53737 
   83     11.00000          946          822      0.58371 
   84     12.00000         1036          815      0.63101 
   85     13.00000         1173          875      0.68359 
   86     14.00000         1310         1069      0.73897 
   87     15.00000         1469         1231      0.77852 
   88     16.00000         1581         1346      0.80560 
   89     17.00000         1684         1443      0.82379 
   90     18.00000         1800         1609      0.86477 
   91     19.00000         1886         1704      0.89192 
   92     20.00000         2000         1834      0.91132 
   93     21.00000         2070         1898      0.91683 
   94     22.00000         2143         1948      0.91811 
   95     23.00000         2209         2006      0.92337 
   96     24.00000         2229         2020      0.92539 
   97     25.00000         2278         2050      0.92606 
   98     26.00000         2293         2059      0.92601 
   99     27.00000         2304         2060      0.92301 
  100     28.00000         2285         2105      0.90843 
  101     29.00000         2245         2187      0.88448 
  102     30.00000         2250         2300      0.86549 
  103     31.00000         2240         2373      0.85541 
  104     32.00000         2250         2443      0.84892 
  105     33.00000         2327         2540      0.84611 
  106     34.00000         2420         2607      0.85817 
  107     35.00000         2526         2684      0.86411 
  108     36.00000         2600         2716      0.87321 
  109     37.00000         2674         2737      0.88080 
  110     38.00000         2776         2763      0.88897 
  111     39.00000         2808         2740      0.89546 
  112     40.00000         2887         2737      0.89972 
  113     41.00000         2910         2709      0.90372 
  114     42.00000         2936         2699      0.90790 
  115     43.00000         2931         2632      0.90994 
  116     44.00000         2832         2523      0.91391 
  117     45.00000         2784         2425      0.91035 
  118     46.00000         2696         2304      0.91200 
  119     47.00000         2606         2187      0.91091 
  120     48.00000         2449         2054      0.91228 
  121     49.00000         2276         1927      0.91696 
  122     50.00000         2158         1831      0.91802 
  123     51.00000         2062         1735      0.91388 
  124     52.00000         1905         1626      0.92099 
  125     53.00000         1678         1471      0.93426 
  126     54.00000         1358         1248      0.95779 
  127     55.00000         1044          998      0.97747 
  128     56.00000          650          618      0.97476 
  129     57.00000          307          300      0.98847 
  130     58.00000           66           66      1.00000 
  131     59.00000            0            0      0.00000 
  132     60.00000            0            0      0.00000 
  133     61.00000            0            0      0.00000 
  134     62.00000            0            0      0.00000 
  135     63.00000            0            0      0.00000 
  136     64.00000            0            0      0.00000 
  137     65.00000            0            0      0.00000 
  138     66.00000            0            0      0.00000 
  139     67.00000            0            0      0.00000 
  140     68.00000            0            0      0.00000 
  141     69.00000            0            0      0.00000 
  142     70.00000            0            0      0.00000 
  143     71.00000            0            0      0.00000 
  144     72.00000            0            0      0.00000 
  145     73.00000            0            0      0.00000 
  146     74.00000            0            0      0.00000 
  147     75.00000            0            0      0.00000 
  148     76.00000            0            0      0.00000 
  149     77.00000            0            0      0.00000 
  150     78.00000            0            0      0.00000 
  151     79.00000            0            0      0.00000 
  152     80.00000            0            0      0.00000 
  153     81.00000            0            0      0.00000 
  154     82.00000            0            0      0.00000 
  155     83.00000            0            0      0.00000 
  156     84.00000            0            0      0.00000 
  157     85.00000            0            0      0.00000 
  158     86.00000            0            0      0.00000 
