# 3dSliceNDice -insetA 6m_2min_m5_binary+orig -insetB 6m_3min_m5_binary+orig -prefix 6m_2min_3min_m5
    0    -72.00000            0            0      0.00000 
    1    -71.00000            0            0      0.00000 
    2    -70.00000            0            0      0.00000 
    3    -69.00000            0            0      0.00000 
    4    -68.00000            0            0      0.00000 
    5    -67.00000            0            0      0.00000 
    6    -66.00000            0            0      0.00000 
    7    -65.00000            0            0      0.00000 
    8    -64.00000            0            0      0.00000 
    9    -63.00000            0            0      0.00000 
   10    -62.00000            0            0      0.00000 
   11    -61.00000            0            0      0.00000 
   12    -60.00000            0            0      0.00000 
   13    -59.00000            0            0      0.00000 
   14    -58.00000            0            0      0.00000 
   15    -57.00000            0            0      0.00000 
   16    -56.00000            0            0      0.00000 
   17    -55.00000            0            0      0.00000 
   18    -54.00000            0            0      0.00000 
   19    -53.00000            0            0      0.00000 
   20    -52.00000            0            0      0.00000 
   21    -51.00000            1            1      1.00000 
   22    -50.00000          273          273      1.00000 
   23    -49.00000          612          603      0.99259 
   24    -48.00000         1079         1039      0.98111 
   25    -47.00000         1337         1262      0.97114 
   26    -46.00000         1604         1487      0.96215 
   27    -45.00000         1793         1657      0.96058 
   28    -44.00000         1909         1754      0.95768 
   29    -43.00000         2042         1868      0.95550 
   30    -42.00000         2135         1913      0.94516 
   31    -41.00000         2220         1966      0.93932 
   32    -40.00000         2277         2002      0.93573 
   33    -39.00000         2307         2027      0.93355 
   34    -38.00000         2346         2055      0.93206 
   35    -37.00000         2293         2008      0.93188 
   36    -36.00000         2282         1994      0.93078 
   37    -35.00000         2236         1959      0.93206 
   38    -34.00000         2168         1909      0.93549 
   39    -33.00000         2089         1883      0.94310 
   40    -32.00000         2015         1828      0.93729 
   41    -31.00000         1981         1779      0.93085 
   42    -30.00000         1904         1694      0.92607 
   43    -29.00000         1782         1549      0.91504 
   44    -28.00000         1620         1318      0.87883 
   45    -27.00000         1437         1016      0.81696 
   46    -26.00000         1353          926      0.79772 
   47    -25.00000         1232          817      0.77696 
   48    -24.00000         1048          667      0.74869 
   49    -23.00000          758          412      0.63590 
   50    -22.00000          296            0      0.00000 
   51    -21.00000          254            0      0.00000 
   52    -20.00000          204            0      0.00000 
   53    -19.00000          138            0      0.00000 
   54    -18.00000           60            0      0.00000 
   55    -17.00000            0            0      0.00000 
   56    -16.00000            0            0      0.00000 
   57    -15.00000            0            0      0.00000 
   58    -14.00000            0            0      0.00000 
   59    -13.00000            0            0      0.00000 
   60    -12.00000            0            0      0.00000 
   61    -11.00000            0            0      0.00000 
   62    -10.00000            0            0      0.00000 
   63     -9.00000            0            0      0.00000 
   64     -8.00000            0            0      0.00000 
   65     -7.00000            0            0      0.00000 
   66     -6.00000            0            0      0.00000 
   67     -5.00000            0            0      0.00000 
   68     -4.00000            0            0      0.00000 
   69     -3.00000            0            0      0.00000 
   70     -2.00000           88          168      0.68750 
   71     -1.00000          185          304      0.75665 
   72      0.00000          261          400      0.78971 
   73      1.00000          318          471      0.80608 
   74      2.00000          366          531      0.81605 
   75      3.00000          617          963      0.74557 
   76      4.00000          824         1262      0.74784 
   77      5.00000         1013         1489      0.76978 
   78      6.00000         1156         1658      0.78323 
   79      7.00000         1273         1799      0.79167 
   80      8.00000         1550         2069      0.84388 
   81      9.00000         1773         2342      0.85881 
   82     10.00000         1981         2574      0.86937 
   83     11.00000         2131         2739      0.87515 
   84     12.00000         2255         2876      0.87897 
   85     13.00000         2490         3146      0.87048 
   86     14.00000         2732         3357      0.86123 
   87     15.00000         2996         3570      0.85958 
   88     16.00000         3184         3706      0.85776 
   89     17.00000         3342         3830      0.85694 
   90     18.00000         3490         3908      0.85591 
   91     19.00000         3542         3913      0.85661 
   92     20.00000         3607         3912      0.85862 
   93     21.00000         3617         3875      0.86172 
   94     22.00000         3624         3850      0.86406 
   95     23.00000         3579         3765      0.86765 
   96     24.00000         3492         3654      0.87070 
   97     25.00000         3398         3550      0.87334 
   98     26.00000         3254         3386      0.87380 
   99     27.00000         3138         3241      0.87819 
  100     28.00000         2991         3074      0.86661 
  101     29.00000         2874         2910      0.85201 
  102     30.00000         2731         2745      0.83638 
  103     31.00000         2508         2508      0.82416 
  104     32.00000         2354         2370      0.82134 
  105     33.00000         2218         2163      0.82127 
  106     34.00000         2106         1990      0.82080 
  107     35.00000         1982         1801      0.81628 
  108     36.00000         1819         1577      0.81508 
  109     37.00000         1696         1427      0.79731 
  110     38.00000         1559         1293      0.77700 
  111     39.00000         1450         1190      0.78182 
  112     40.00000         1336         1076      0.79436 
  113     41.00000         1213          961      0.80957 
  114     42.00000         1086          883      0.83189 
  115     43.00000          975          808      0.84577 
  116     44.00000          900          788      0.85427 
  117     45.00000          850          769      0.84867 
  118     46.00000          780          735      0.84884 
  119     47.00000          734          709      0.86071 
  120     48.00000          645          639      0.89097 
  121     49.00000          563          581      0.92133 
  122     50.00000          474          502      0.95492 
  123     51.00000          426          439      0.98497 
  124     52.00000          398          398      1.00000 
  125     53.00000          370          370      1.00000 
  126     54.00000          323          323      1.00000 
  127     55.00000          257          257      1.00000 
  128     56.00000          157          157      1.00000 
  129     57.00000           75           75      1.00000 
  130     58.00000            3            3      1.00000 
  131     59.00000            0            0      0.00000 
  132     60.00000            0            0      0.00000 
  133     61.00000            0            0      0.00000 
  134     62.00000            0            0      0.00000 
  135     63.00000            0            0      0.00000 
  136     64.00000            0            0      0.00000 
  137     65.00000            0            0      0.00000 
  138     66.00000            0            0      0.00000 
  139     67.00000            0            0      0.00000 
  140     68.00000            0            0      0.00000 
  141     69.00000            0            0      0.00000 
  142     70.00000            0            0      0.00000 
  143     71.00000            0            0      0.00000 
  144     72.00000            0            0      0.00000 
  145     73.00000            0            0      0.00000 
  146     74.00000            0            0      0.00000 
  147     75.00000            0            0      0.00000 
  148     76.00000            0            0      0.00000 
  149     77.00000            0            0      0.00000 
  150     78.00000            0            0      0.00000 
  151     79.00000            0            0      0.00000 
  152     80.00000            0            0      0.00000 
  153     81.00000            0            0      0.00000 
  154     82.00000            0            0      0.00000 
  155     83.00000            0            0      0.00000 
  156     84.00000            0            0      0.00000 
  157     85.00000            0            0      0.00000 
  158     86.00000            0            0      0.00000 
