# 3dSliceNDice -insetA 6m_2min_m3_binary+orig -insetB 6m_5min_m3_binary+orig -prefix 6m_2min_5min_m3
    0    -72.00000            0            0      0.00000 
    1    -71.00000            0            0      0.00000 
    2    -70.00000            0            0      0.00000 
    3    -69.00000            0            0      0.00000 
    4    -68.00000            0            0      0.00000 
    5    -67.00000            0            0      0.00000 
    6    -66.00000            0            0      0.00000 
    7    -65.00000            0            0      0.00000 
    8    -64.00000            0            0      0.00000 
    9    -63.00000            0            0      0.00000 
   10    -62.00000            0            0      0.00000 
   11    -61.00000            0            0      0.00000 
   12    -60.00000            0            0      0.00000 
   13    -59.00000            0            0      0.00000 
   14    -58.00000            0            0      0.00000 
   15    -57.00000            0            0      0.00000 
   16    -56.00000            0            0      0.00000 
   17    -55.00000            0            0      0.00000 
   18    -54.00000            0            0      0.00000 
   19    -53.00000            0            0      0.00000 
   20    -52.00000            0            0      0.00000 
   21    -51.00000            0            0      0.00000 
   22    -50.00000            0            0      0.00000 
   23    -49.00000            0            0      0.00000 
   24    -48.00000            0            0      0.00000 
   25    -47.00000            0            0      0.00000 
   26    -46.00000            0            0      0.00000 
   27    -45.00000            0            0      0.00000 
   28    -44.00000            0            0      0.00000 
   29    -43.00000            0            0      0.00000 
   30    -42.00000            0            0      0.00000 
   31    -41.00000            0            0      0.00000 
   32    -40.00000            0            0      0.00000 
   33    -39.00000            0            0      0.00000 
   34    -38.00000            0            0      0.00000 
   35    -37.00000            8           12      0.80000 
   36    -36.00000           53           66      0.89076 
   37    -35.00000           89          110      0.89447 
   38    -34.00000          135          161      0.91216 
   39    -33.00000          179          209      0.92268 
   40    -32.00000          496          594      0.83486 
   41    -31.00000          772          843      0.85325 
   42    -30.00000          972         1007      0.87014 
   43    -29.00000         1112         1126      0.87846 
   44    -28.00000         1205         1207      0.88143 
   45    -27.00000         1641         1536      0.88637 
   46    -26.00000         2029         1844      0.90214 
   47    -25.00000         2289         2065      0.91364 
   48    -24.00000         2460         2231      0.92134 
   49    -23.00000         2624         2376      0.92560 
   50    -22.00000         4006         3880      0.93634 
   51    -21.00000         4535         4389      0.94913 
   52    -20.00000         4846         4667      0.95385 
   53    -19.00000         5047         4846      0.95421 
   54    -18.00000         5159         4955      0.95412 
   55    -17.00000         5331         5087      0.95719 
   56    -16.00000         5415         5226      0.95367 
   57    -15.00000         5493         5389      0.95056 
   58    -14.00000         5470         5473      0.94508 
   59    -13.00000         5370         5414      0.94381 
   60    -12.00000         5169         5239      0.94658 
   61    -11.00000         5094         5175      0.94946 
   62    -10.00000         5013         5128      0.95217 
   63     -9.00000         4856         4999      0.95545 
   64     -8.00000         4668         4829      0.96283 
   65     -7.00000         4360         4568      0.96080 
   66     -6.00000         4269         4470      0.96052 
   67     -5.00000         4164         4340      0.96096 
   68     -4.00000         3985         4127      0.95932 
   69     -3.00000         3774         3881      0.95911 
   70     -2.00000         3506         3581      0.95696 
   71     -1.00000         3384         3446      0.95286 
   72      0.00000         3243         3284      0.94776 
   73      1.00000         3029         3045      0.94007 
   74      2.00000         2800         2790      0.91950 
   75      3.00000         2738         2570      0.87943 
   76      4.00000         2797         2462      0.84693 
   77      5.00000         2744         2310      0.82232 
   78      6.00000         2551         2062      0.79514 
   79      7.00000         2137         1608      0.74072 
   80      8.00000         1352          576      0.44917 
   81      9.00000         1445          676      0.49411 
   82     10.00000         1521          752      0.52970 
   83     11.00000         1526          781      0.55483 
   84     12.00000         1487          797      0.59720 
   85     13.00000         1465          866      0.66581 
   86     14.00000         1550          958      0.69218 
   87     15.00000         1622         1051      0.72278 
   88     16.00000         1647         1114      0.74973 
   89     17.00000         1666         1163      0.76988 
   90     18.00000         1804         1244      0.77100 
   91     19.00000         1944         1312      0.76228 
   92     20.00000         2049         1382      0.76596 
   93     21.00000         2066         1402      0.77451 
   94     22.00000         2084         1427      0.77870 
   95     23.00000         2096         1531      0.81776 
   96     24.00000         2057         1603      0.85301 
   97     25.00000         2015         1651      0.88325 
   98     26.00000         1914         1644      0.90838 
   99     27.00000         1788         1596      0.92908 
  100     28.00000         1658         1541      0.96343 
  101     29.00000         1591         1503      0.97156 
  102     30.00000         1541         1482      0.98048 
  103     31.00000         1491         1438      0.97713 
  104     32.00000         1459         1417      0.97636 
  105     33.00000         1406         1362      0.97471 
  106     34.00000         1345         1299      0.97731 
  107     35.00000         1294         1238      0.97788 
  108     36.00000         1217         1182      0.97374 
  109     37.00000         1156         1135      0.97250 
  110     38.00000         1056         1055      0.96068 
  111     39.00000          958          968      0.94912 
  112     40.00000          853          881      0.93541 
  113     41.00000          759          794      0.91050 
  114     42.00000          669          712      0.88052 
  115     43.00000          583          588      0.87105 
  116     44.00000          525          487      0.87549 
  117     45.00000          468          385      0.87691 
  118     46.00000          398          293      0.84805 
  119     47.00000          330          223      0.80651 
  120     48.00000          261          170      0.78886 
  121     49.00000          196          114      0.73548 
  122     50.00000          146           73      0.66667 
  123     51.00000           98           31      0.48062 
  124     52.00000           55            2      0.07018 
  125     53.00000           21            0      0.00000 
  126     54.00000            2            0      0.00000 
  127     55.00000            0            0      0.00000 
  128     56.00000            0            0      0.00000 
  129     57.00000            0            0      0.00000 
  130     58.00000            0            0      0.00000 
  131     59.00000            0            0      0.00000 
  132     60.00000            0            0      0.00000 
  133     61.00000            0            0      0.00000 
  134     62.00000            0            0      0.00000 
  135     63.00000            0            0      0.00000 
  136     64.00000            0            0      0.00000 
  137     65.00000            0            0      0.00000 
  138     66.00000            0            0      0.00000 
  139     67.00000            0            0      0.00000 
  140     68.00000            0            0      0.00000 
  141     69.00000            0            0      0.00000 
  142     70.00000            0            0      0.00000 
  143     71.00000            0            0      0.00000 
  144     72.00000            0            0      0.00000 
  145     73.00000            0            0      0.00000 
  146     74.00000            0            0      0.00000 
  147     75.00000            0            0      0.00000 
  148     76.00000            0            0      0.00000 
  149     77.00000            0            0      0.00000 
  150     78.00000            0            0      0.00000 
  151     79.00000            0            0      0.00000 
  152     80.00000            0            0      0.00000 
  153     81.00000            0            0      0.00000 
  154     82.00000            0            0      0.00000 
  155     83.00000            0            0      0.00000 
  156     84.00000            0            0      0.00000 
  157     85.00000            0            0      0.00000 
  158     86.00000            0            0      0.00000 
