# 3dSliceNDice -insetA 6m_2min_m3_binary+orig -insetB 6m_3min_m3_binary+orig -prefix 6m_2min_3min_m3
    0    134.00000            0            0      0.00000 
    1    133.00000            0            0      0.00000 
    2    132.00000            0            0      0.00000 
    3    131.00000            0            0      0.00000 
    4    130.00000            0            0      0.00000 
    5    129.00000            0            0      0.00000 
    6    128.00000            0            0      0.00000 
    7    127.00000            0            0      0.00000 
    8    126.00000            0            0      0.00000 
    9    125.00000            0            0      0.00000 
   10    124.00000            0            0      0.00000 
   11    123.00000            0            0      0.00000 
   12    122.00000            0            0      0.00000 
   13    121.00000            0            0      0.00000 
   14    120.00000            0            0      0.00000 
   15    119.00000            0            0      0.00000 
   16    118.00000            0            0      0.00000 
   17    117.00000            0            0      0.00000 
   18    116.00000            0            0      0.00000 
   19    115.00000            0            0      0.00000 
   20    114.00000            0            0      0.00000 
   21    113.00000            0            0      0.00000 
   22    112.00000            0            0      0.00000 
   23    111.00000            0            0      0.00000 
   24    110.00000            0            0      0.00000 
   25    109.00000            0            0      0.00000 
   26    108.00000            0            0      0.00000 
   27    107.00000            0            0      0.00000 
   28    106.00000            0            0      0.00000 
   29    105.00000            0            0      0.00000 
   30    104.00000            0            0      0.00000 
   31    103.00000            0            0      0.00000 
   32    102.00000            0            0      0.00000 
   33    101.00000            0            0      0.00000 
   34    100.00000            0            0      0.00000 
   35     99.00000            0            0      0.00000 
   36     98.00000            0            0      0.00000 
   37     97.00000            0            0      0.00000 
   38     96.00000            0            0      0.00000 
   39     95.00000            0            0      0.00000 
   40     94.00000            0            0      0.00000 
   41     93.00000            0            0      0.00000 
   42     92.00000            0            0      0.00000 
   43     91.00000            0            0      0.00000 
   44     90.00000            0            0      0.00000 
   45     89.00000            0            0      0.00000 
   46     88.00000            0            0      0.00000 
   47     87.00000            0            0      0.00000 
   48     86.00000            0            0      0.00000 
   49     85.00000            0            0      0.00000 
   50     84.00000            0            0      0.00000 
   51     83.00000            0            0      0.00000 
   52     82.00000            0            0      0.00000 
   53     81.00000            9            9      1.00000 
   54     80.00000           43           41      0.97619 
   55     79.00000          105           87      0.90625 
   56     78.00000          189          152      0.89150 
   57     77.00000          303          242      0.88807 
   58     76.00000          492          389      0.85585 
   59     75.00000          722          600      0.86838 
   60     74.00000          945          817      0.88763 
   61     73.00000         1142         1007      0.90461 
   62     72.00000         1385         1248      0.91682 
   63     71.00000         1637         1464      0.92035 
   64     70.00000         1974         1763      0.92213 
   65     69.00000         2212         1973      0.92569 
   66     68.00000         2411         2143      0.92841 
   67     67.00000         2584         2301      0.93306 
   68     66.00000         2737         2464      0.93520 
   69     65.00000         2928         2643      0.93700 
   70     64.00000         3044         2753      0.93773 
   71     63.00000         3142         2846      0.93988 
   72     62.00000         3157         2858      0.94264 
   73     61.00000         3140         2845      0.94470 
   74     60.00000         3110         2827      0.94661 
   75     59.00000         3004         2728      0.94452 
   76     58.00000         2896         2629      0.93900 
   77     57.00000         2732         2533      0.93941 
   78     56.00000         2692         2551      0.94412 
   79     55.00000         2657         2594      0.93963 
   80     54.00000         2605         2611      0.93328 
   81     53.00000         2596         2647      0.93496 
   82     52.00000         2627         2655      0.92881 
   83     51.00000         2689         2651      0.91423 
   84     50.00000         2818         2649      0.90324 
   85     49.00000         2893         2602      0.89099 
   86     48.00000         2992         2607      0.88016 
   87     47.00000         3022         2622      0.87952 
   88     46.00000         3029         2720      0.89546 
   89     45.00000         3044         2810      0.91083 
   90     44.00000         2958         2794      0.91829 
   91     43.00000         2918         2824      0.91780 
   92     42.00000         2849         2828      0.92549 
   93     41.00000         2785         2811      0.93317 
   94     40.00000         2728         2803      0.94269 
   95     39.00000         2613         2717      0.94747 
   96     38.00000         2446         2561      0.93948 
   97     37.00000         2285         2359      0.96425 
   98     36.00000         2307         2380      0.96650 
   99     35.00000         2366         2436      0.96751 
  100     34.00000         2424         2488      0.96743 
  101     33.00000         2479         2546      0.96995 
  102     32.00000         2531         2596      0.97328 
  103     31.00000         2550         2619      0.97388 
  104     30.00000         2565         2637      0.97578 
  105     29.00000         2562         2629      0.97438 
  106     28.00000         2568         2629      0.97441 
  107     27.00000         2538         2591      0.97329 
  108     26.00000         2497         2536      0.97318 
  109     25.00000         2444         2480      0.97076 
  110     24.00000         2378         2410      0.96658 
  111     23.00000         2316         2343      0.96115 
  112     22.00000         2219         2242      0.95360 
  113     21.00000         2176         2175      0.95380 
  114     20.00000         2131         2100      0.95486 
  115     19.00000         2054         2011      0.96138 
  116     18.00000         1998         1950      0.96758 
  117     17.00000         2095         1996      0.95038 
  118     16.00000         2216         2068      0.92810 
  119     15.00000         2260         2101      0.91263 
  120     14.00000         2268         2106      0.89986 
  121     13.00000         2286         2107      0.88914 
  122     12.00000         2313         2250      0.90730 
  123     11.00000         2351         2346      0.92314 
  124     10.00000         2398         2391      0.93088 
  125      9.00000         2377         2358      0.93601 
  126      8.00000         2366         2347      0.93444 
  127      7.00000         2240         2217      0.93247 
  128      6.00000         2136         2116      0.92333 
  129      5.00000         2033         2030      0.91903 
  130      4.00000         1863         1901      0.90276 
  131      3.00000         1690         1764      0.87956 
  132      2.00000         1521         1622      0.88960 
  133      1.00000         1427         1563      0.88896 
  134      0.00000         1323         1501      0.89164 
  135     -1.00000         1194         1418      0.88055 
  136     -2.00000         1066         1317      0.86949 
  137     -3.00000          932         1180      0.86080 
  138     -4.00000          871         1098      0.83900 
  139     -5.00000          796         1001      0.80022 
  140     -6.00000          684          864      0.72739 
  141     -7.00000          585          742      0.60889 
  142     -8.00000          519          647      0.52830 
  143     -9.00000          489          609      0.54827 
  144    -10.00000          450          547      0.54162 
  145    -11.00000          393          456      0.52532 
  146    -12.00000          337          372      0.49083 
  147    -13.00000          296          342      0.46395 
  148    -14.00000          296          361      0.48097 
  149    -15.00000          300          372      0.50595 
  150    -16.00000          305          367      0.52083 
  151    -17.00000          304          371      0.52148 
  152    -18.00000          296          384      0.50294 
  153    -19.00000          284          375      0.49469 
  154    -20.00000          271          381      0.48160 
  155    -21.00000          246          372      0.46278 
  156    -22.00000          236          373      0.43021 
  157    -23.00000          225          355      0.34483 
  158    -24.00000          253          334      0.27598 
  159    -25.00000          255          300      0.18018 
  160    -26.00000          234          256      0.08980 
  161    -27.00000          207          223      0.00465 
  162    -28.00000          196          193      0.00000 
  163    -29.00000          194          162      0.00000 
  164    -30.00000          199          122      0.00000 
  165    -31.00000          195           80      0.00000 
  166    -32.00000          189           32      0.00000 
  167    -33.00000          173            0      0.00000 
  168    -34.00000          157            0      0.00000 
  169    -35.00000          137            0      0.00000 
  170    -36.00000          108            0      0.00000 
  171    -37.00000           88            0      0.00000 
  172    -38.00000           61            0      0.00000 
  173    -39.00000           44            0      0.00000 
  174    -40.00000           26            0      0.00000 
  175    -41.00000            5            0      0.00000 
  176    -42.00000            0            0      0.00000 
  177    -43.00000            0            0      0.00000 
  178    -44.00000            0            0      0.00000 
  179    -45.00000            0            0      0.00000 
  180    -46.00000            0            0      0.00000 
  181    -47.00000            0            0      0.00000 
  182    -48.00000            0            0      0.00000 
  183    -49.00000            0            0      0.00000 
  184    -50.00000            0            0      0.00000 
  185    -51.00000            0            0      0.00000 
  186    -52.00000            0            0      0.00000 
  187    -53.00000            0            0      0.00000 
  188    -54.00000            0            0      0.00000 
  189    -55.00000            0            0      0.00000 
  190    -56.00000            0            0      0.00000 
  191    -57.00000            0            0      0.00000 
  192    -58.00000            0            0      0.00000 
  193    -59.00000            0            0      0.00000 
  194    -60.00000            0            0      0.00000 
  195    -61.00000            0            0      0.00000 
  196    -62.00000            0            0      0.00000 
  197    -63.00000            0            0      0.00000 
  198    -64.00000            0            0      0.00000 
  199    -65.00000            0            0      0.00000 
  200    -66.00000            0            0      0.00000 
  201    -67.00000            0            0      0.00000 
  202    -68.00000            0            0      0.00000 
  203    -69.00000            0            0      0.00000 
  204    -70.00000            0            0      0.00000 
  205    -71.00000            0            0      0.00000 
  206    -72.00000            0            0      0.00000 
  207    -73.00000            0            0      0.00000 
  208    -74.00000            0            0      0.00000 
  209    -75.00000            0            0      0.00000 
  210    -76.00000            0            0      0.00000 
  211    -77.00000            0            0      0.00000 
  212    -78.00000            0            0      0.00000 
  213    -79.00000            0            0      0.00000 
  214    -80.00000            0            0      0.00000 
  215    -81.00000            0            0      0.00000 
  216    -82.00000            0            0      0.00000 
  217    -83.00000            0            0      0.00000 
  218    -84.00000            0            0      0.00000 
  219    -85.00000            0            0      0.00000 
  220    -86.00000            0            0      0.00000 
  221    -87.00000            0            0      0.00000 
  222    -88.00000            0            0      0.00000 
  223    -89.00000            0            0      0.00000 
  224    -90.00000            0            0      0.00000 
  225    -91.00000            0            0      0.00000 
  226    -92.00000            0            0      0.00000 
  227    -93.00000            0            0      0.00000 
  228    -94.00000            0            0      0.00000 
  229    -95.00000            0            0      0.00000 
  230    -96.00000            0            0      0.00000 
  231    -97.00000            0            0      0.00000 
  232    -98.00000            0            0      0.00000 
