# 3dSliceNDice -insetA 6m_2min_m5_binary+orig -insetB 6m_4min_m5_binary+orig -prefix 6m_2min_4min_m5
    0    -72.00000            0            0      0.00000 
    1    -71.00000            0            0      0.00000 
    2    -70.00000            0            0      0.00000 
    3    -69.00000            0            0      0.00000 
    4    -68.00000            0            0      0.00000 
    5    -67.00000            0            0      0.00000 
    6    -66.00000            0            0      0.00000 
    7    -65.00000            0            0      0.00000 
    8    -64.00000            0            0      0.00000 
    9    -63.00000            0            0      0.00000 
   10    -62.00000            0            0      0.00000 
   11    -61.00000            0            0      0.00000 
   12    -60.00000            0            0      0.00000 
   13    -59.00000            0            0      0.00000 
   14    -58.00000            0            0      0.00000 
   15    -57.00000            0            0      0.00000 
   16    -56.00000            0            0      0.00000 
   17    -55.00000            0            0      0.00000 
   18    -54.00000            0            0      0.00000 
   19    -53.00000            0            0      0.00000 
   20    -52.00000            0            0      0.00000 
   21    -51.00000            1            1      1.00000 
   22    -50.00000          273          273      1.00000 
   23    -49.00000          612          612      1.00000 
   24    -48.00000         1079         1072      0.99675 
   25    -47.00000         1337         1313      0.99094 
   26    -46.00000         1604         1540      0.97964 
   27    -45.00000         1793         1708      0.97572 
   28    -44.00000         1909         1808      0.97068 
   29    -43.00000         2042         1920      0.96719 
   30    -42.00000         2135         2004      0.96400 
   31    -41.00000         2220         2087      0.96262 
   32    -40.00000         2277         2149      0.95888 
   33    -39.00000         2307         2189      0.95374 
   34    -38.00000         2346         2232      0.95194 
   35    -37.00000         2293         2181      0.94323 
   36    -36.00000         2282         2156      0.93871 
   37    -35.00000         2236         2101      0.93290 
   38    -34.00000         2168         2022      0.92458 
   39    -33.00000         2089         1971      0.91626 
   40    -32.00000         2015         1923      0.91011 
   41    -31.00000         1981         1901      0.91087 
   42    -30.00000         1904         1842      0.90977 
   43    -29.00000         1782         1743      0.90894 
   44    -28.00000         1620         1589      0.90869 
   45    -27.00000         1437         1328      0.89693 
   46    -26.00000         1353         1252      0.88983 
   47    -25.00000         1232         1131      0.88193 
   48    -24.00000         1048          948      0.86874 
   49    -23.00000          758          652      0.80000 
   50    -22.00000          296            0      0.00000 
   51    -21.00000          254            0      0.00000 
   52    -20.00000          204            0      0.00000 
   53    -19.00000          138            0      0.00000 
   54    -18.00000           60            0      0.00000 
   55    -17.00000            0            0      0.00000 
   56    -16.00000            0            0      0.00000 
   57    -15.00000            0            0      0.00000 
   58    -14.00000            0            0      0.00000 
   59    -13.00000            0            0      0.00000 
   60    -12.00000            0            0      0.00000 
   61    -11.00000            0            0      0.00000 
   62    -10.00000            0            0      0.00000 
   63     -9.00000            0            0      0.00000 
   64     -8.00000            0            0      0.00000 
   65     -7.00000            0            0      0.00000 
   66     -6.00000            0            0      0.00000 
   67     -5.00000            0            0      0.00000 
   68     -4.00000            0            0      0.00000 
   69     -3.00000            0            0      0.00000 
   70     -2.00000           88          144      0.55172 
   71     -1.00000          185          282      0.68522 
   72      0.00000          261          382      0.73406 
   73      1.00000          318          456      0.75711 
   74      2.00000          366          516      0.77324 
   75      3.00000          617          849      0.70941 
   76      4.00000          824         1156      0.73333 
   77      5.00000         1013         1388      0.75802 
   78      6.00000         1156         1554      0.77491 
   79      7.00000         1273         1689      0.78731 
   80      8.00000         1550         1978      0.85204 
   81      9.00000         1773         2139      0.89110 
   82     10.00000         1981         2304      0.90595 
   83     11.00000         2131         2414      0.91529 
   84     12.00000         2255         2504      0.92162 
   85     13.00000         2490         2698      0.91133 
   86     14.00000         2732         2918      0.89133 
   87     15.00000         2996         3144      0.88208 
   88     16.00000         3184         3321      0.87533 
   89     17.00000         3342         3474      0.87148 
   90     18.00000         3490         3628      0.86682 
   91     19.00000         3542         3689      0.86489 
   92     20.00000         3607         3761      0.86238 
   93     21.00000         3617         3751      0.86265 
   94     22.00000         3624         3763      0.86314 
   95     23.00000         3579         3718      0.86474 
   96     24.00000         3492         3633      0.86737 
   97     25.00000         3398         3537      0.87008 
   98     26.00000         3254         3375      0.87042 
   99     27.00000         3138         3220      0.87512 
  100     28.00000         2991         3006      0.87644 
  101     29.00000         2874         2873      0.87594 
  102     30.00000         2731         2758      0.87120 
  103     31.00000         2508         2577      0.86608 
  104     32.00000         2354         2482      0.87304 
  105     33.00000         2218         2375      0.87916 
  106     34.00000         2106         2257      0.88380 
  107     35.00000         1982         2140      0.88695 
  108     36.00000         1819         1984      0.88509 
  109     37.00000         1696         1891      0.87650 
  110     38.00000         1559         1769      0.86599 
  111     39.00000         1450         1663      0.86091 
  112     40.00000         1336         1544      0.85625 
  113     41.00000         1213         1385      0.84450 
  114     42.00000         1086         1234      0.84483 
  115     43.00000          975         1054      0.85559 
  116     44.00000          900          946      0.86241 
  117     45.00000          850          853      0.87023 
  118     46.00000          780          755      0.85993 
  119     47.00000          734          703      0.87683 
  120     48.00000          645          639      0.88785 
  121     49.00000          563          577      0.89649 
  122     50.00000          474          506      0.90204 
  123     51.00000          426          476      0.94457 
  124     52.00000          398          430      0.96135 
  125     53.00000          370          385      0.98013 
  126     54.00000          323          323      1.00000 
  127     55.00000          257          257      1.00000 
  128     56.00000          157          157      1.00000 
  129     57.00000           75           75      1.00000 
  130     58.00000            3            3      1.00000 
  131     59.00000            0            0      0.00000 
  132     60.00000            0            0      0.00000 
  133     61.00000            0            0      0.00000 
  134     62.00000            0            0      0.00000 
  135     63.00000            0            0      0.00000 
  136     64.00000            0            0      0.00000 
  137     65.00000            0            0      0.00000 
  138     66.00000            0            0      0.00000 
  139     67.00000            0            0      0.00000 
  140     68.00000            0            0      0.00000 
  141     69.00000            0            0      0.00000 
  142     70.00000            0            0      0.00000 
  143     71.00000            0            0      0.00000 
  144     72.00000            0            0      0.00000 
  145     73.00000            0            0      0.00000 
  146     74.00000            0            0      0.00000 
  147     75.00000            0            0      0.00000 
  148     76.00000            0            0      0.00000 
  149     77.00000            0            0      0.00000 
  150     78.00000            0            0      0.00000 
  151     79.00000            0            0      0.00000 
  152     80.00000            0            0      0.00000 
  153     81.00000            0            0      0.00000 
  154     82.00000            0            0      0.00000 
  155     83.00000            0            0      0.00000 
  156     84.00000            0            0      0.00000 
  157     85.00000            0            0      0.00000 
  158     86.00000            0            0      0.00000 
