# 3dSliceNDice -insetA 6m_2min_m5_binary+orig -insetB 6m_4min_m5_binary+orig -prefix 6m_2min_4min_m5
    0     96.00000            0            0      0.00000 
    1     95.00000            0            0      0.00000 
    2     94.00000            0            0      0.00000 
    3     93.00000            0            0      0.00000 
    4     92.00000            0            0      0.00000 
    5     91.00000            0            0      0.00000 
    6     90.00000            0            0      0.00000 
    7     89.00000            0            0      0.00000 
    8     88.00000            0            0      0.00000 
    9     87.00000            0            0      0.00000 
   10     86.00000            0            0      0.00000 
   11     85.00000            0            0      0.00000 
   12     84.00000            0            0      0.00000 
   13     83.00000            0            0      0.00000 
   14     82.00000            0            0      0.00000 
   15     81.00000            0            0      0.00000 
   16     80.00000            0            0      0.00000 
   17     79.00000            0            0      0.00000 
   18     78.00000            0            0      0.00000 
   19     77.00000            0            0      0.00000 
   20     76.00000            0            0      0.00000 
   21     75.00000            0            0      0.00000 
   22     74.00000            0            0      0.00000 
   23     73.00000            0            0      0.00000 
   24     72.00000            0            0      0.00000 
   25     71.00000            0            0      0.00000 
   26     70.00000            0            0      0.00000 
   27     69.00000            0            0      0.00000 
   28     68.00000            0            0      0.00000 
   29     67.00000            0            0      0.00000 
   30     66.00000            0            0      0.00000 
   31     65.00000            0            0      0.00000 
   32     64.00000            0            0      0.00000 
   33     63.00000            0            0      0.00000 
   34     62.00000            0            0      0.00000 
   35     61.00000            0            0      0.00000 
   36     60.00000            0            0      0.00000 
   37     59.00000            0            0      0.00000 
   38     58.00000            0            0      0.00000 
   39     57.00000            0            0      0.00000 
   40     56.00000            0            0      0.00000 
   41     55.00000            0            0      0.00000 
   42     54.00000            0            0      0.00000 
   43     53.00000            0            0      0.00000 
   44     52.00000            0            0      0.00000 
   45     51.00000            0            0      0.00000 
   46     50.00000            0            0      0.00000 
   47     49.00000            0            0      0.00000 
   48     48.00000            0            0      0.00000 
   49     47.00000            0            0      0.00000 
   50     46.00000            0            0      0.00000 
   51     45.00000            0            0      0.00000 
   52     44.00000            0            0      0.00000 
   53     43.00000            0            0      0.00000 
   54     42.00000            0            0      0.00000 
   55     41.00000            0            0      0.00000 
   56     40.00000            0            0      0.00000 
   57     39.00000            0            0      0.00000 
   58     38.00000            0            0      0.00000 
   59     37.00000           45            0      0.00000 
   60     36.00000          107            0      0.00000 
   61     35.00000          164            0      0.00000 
   62     34.00000          214            0      0.00000 
   63     33.00000          263            0      0.00000 
   64     32.00000          305          204      0.45972 
   65     31.00000          344          399      0.51952 
   66     30.00000          400          567      0.52947 
   67     29.00000          448          696      0.53147 
   68     28.00000          488          798      0.52566 
   69     27.00000          707          986      0.63320 
   70     26.00000          870         1168      0.70167 
   71     25.00000         1016         1332      0.74020 
   72     24.00000         1111         1438      0.76814 
   73     23.00000         1185         1538      0.78443 
   74     22.00000         1296         1683      0.80228 
   75     21.00000         1386         1825      0.82155 
   76     20.00000         1508         1944      0.83893 
   77     19.00000         1598         2024      0.84649 
   78     18.00000         1680         2098      0.85283 
   79     17.00000         2255         2551      0.85019 
   80     16.00000         2639         2794      0.86913 
   81     15.00000         2954         2984      0.88851 
   82     14.00000         3183         3109      0.90464 
   83     13.00000         3370         3207      0.91896 
   84     12.00000         3642         3550      0.95189 
   85     11.00000         3841         3788      0.96055 
   86     10.00000         4020         3968      0.96520 
   87      9.00000         4109         4077      0.96604 
   88      8.00000         4189         4170      0.96638 
   89      7.00000         4287         4318      0.96014 
   90      6.00000         4308         4402      0.95017 
   91      5.00000         4335         4475      0.94279 
   92      4.00000         4296         4466      0.93654 
   93      3.00000         4261         4439      0.93103 
   94      2.00000         4168         4367      0.92818 
   95      1.00000         4018         4215      0.92822 
   96      0.00000         3935         4102      0.93094 
   97     -1.00000         3888         4100      0.92939 
   98     -2.00000         3931         4206      0.92516 
   99     -3.00000         3858         4233      0.91806 
  100     -4.00000         3770         4217      0.91248 
  101     -5.00000         3640         4140      0.90643 
  102     -6.00000         3461         3947      0.90173 
  103     -7.00000         3261         3643      0.89513 
  104     -8.00000         3028         3219      0.88619 
  105     -9.00000         2904         3036      0.89158 
  106    -10.00000         2738         2792      0.89837 
  107    -11.00000         2497         2471      0.90539 
  108    -12.00000         2194         2023      0.91250 
  109    -13.00000         1737         1613      0.91224 
  110    -14.00000         1721         1639      0.90238 
  111    -15.00000         1677         1623      0.90606 
  112    -16.00000         1575         1554      0.89933 
  113    -17.00000         1400         1416      0.89418 
  114    -18.00000         1069         1177      0.91541 
  115    -19.00000         1063         1182      0.91403 
  116    -20.00000         1060         1185      0.91136 
  117    -21.00000         1026         1155      0.91151 
  118    -22.00000         1006         1140      0.91333 
  119    -23.00000         1030         1160      0.91872 
  120    -24.00000         1064         1192      0.92199 
  121    -25.00000         1077         1205      0.92726 
  122    -26.00000         1043         1163      0.93200 
  123    -27.00000         1018         1143      0.92642 
  124    -28.00000          974         1109      0.92079 
  125    -29.00000          909         1046      0.91560 
  126    -30.00000          832          975      0.91201 
  127    -31.00000          712          853      0.90351 
  128    -32.00000          614          748      0.90162 
  129    -33.00000          561          633      0.88610 
  130    -34.00000          558          568      0.83481 
  131    -35.00000          547          498      0.77895 
  132    -36.00000          527          415      0.69639 
  133    -37.00000          492          337      0.58866 
  134    -38.00000          483          255      0.46883 
  135    -39.00000          495          198      0.42713 
  136    -40.00000          501          128      0.34976 
  137    -41.00000          482           67      0.24408 
  138    -42.00000          466           24      0.09796 
  139    -43.00000          432            0      0.00000 
  140    -44.00000          390            0      0.00000 
  141    -45.00000          351            0      0.00000 
  142    -46.00000          295            0      0.00000 
  143    -47.00000          256            0      0.00000 
  144    -48.00000          216            0      0.00000 
  145    -49.00000          180            0      0.00000 
  146    -50.00000          140            0      0.00000 
  147    -51.00000           88            0      0.00000 
  148    -52.00000           32            0      0.00000 
  149    -53.00000            0            0      0.00000 
  150    -54.00000            0            0      0.00000 
  151    -55.00000            0            0      0.00000 
  152    -56.00000            0            0      0.00000 
  153    -57.00000            0            0      0.00000 
  154    -58.00000            0            0      0.00000 
  155    -59.00000            0            0      0.00000 
  156    -60.00000            0            0      0.00000 
  157    -61.00000            0            0      0.00000 
  158    -62.00000            0            0      0.00000 
  159    -63.00000            0            0      0.00000 
  160    -64.00000            0            0      0.00000 
  161    -65.00000            0            0      0.00000 
  162    -66.00000            0            0      0.00000 
  163    -67.00000            0            0      0.00000 
  164    -68.00000            0            0      0.00000 
  165    -69.00000            0            0      0.00000 
  166    -70.00000            0            0      0.00000 
  167    -71.00000            0            0      0.00000 
  168    -72.00000            0            0      0.00000 
  169    -73.00000            0            0      0.00000 
  170    -74.00000            0            0      0.00000 
  171    -75.00000            0            0      0.00000 
  172    -76.00000            0            0      0.00000 
  173    -77.00000            0            0      0.00000 
  174    -78.00000            0            0      0.00000 
  175    -79.00000            0            0      0.00000 
  176    -80.00000            0            0      0.00000 
  177    -81.00000            0            0      0.00000 
  178    -82.00000            0            0      0.00000 
  179    -83.00000            0            0      0.00000 
  180    -84.00000            0            0      0.00000 
  181    -85.00000            0            0      0.00000 
  182    -86.00000            0            0      0.00000 
  183    -87.00000            0            0      0.00000 
  184    -88.00000            0            0      0.00000 
  185    -89.00000            0            0      0.00000 
  186    -90.00000            0            0      0.00000 
  187    -91.00000            0            0      0.00000 
  188    -92.00000            0            0      0.00000 
  189    -93.00000            0            0      0.00000 
  190    -94.00000            0            0      0.00000 
  191    -95.00000            0            0      0.00000 
  192    -96.00000            0            0      0.00000 
  193    -97.00000            0            0      0.00000 
  194    -98.00000            0            0      0.00000 
