# 3dSliceNDice -insetA 6m_2min_m4_binary+orig -insetB 6m_3min_m4_binary+orig -prefix 6m_2min_3min_m4
    0    134.00000            0            0      0.00000 
    1    133.00000            0            0      0.00000 
    2    132.00000            0            0      0.00000 
    3    131.00000            0            0      0.00000 
    4    130.00000            0            0      0.00000 
    5    129.00000            0            0      0.00000 
    6    128.00000            0            0      0.00000 
    7    127.00000            0            0      0.00000 
    8    126.00000            0            0      0.00000 
    9    125.00000            0            0      0.00000 
   10    124.00000            0            0      0.00000 
   11    123.00000            0            0      0.00000 
   12    122.00000            0            0      0.00000 
   13    121.00000            0            0      0.00000 
   14    120.00000            0            0      0.00000 
   15    119.00000            0            0      0.00000 
   16    118.00000            0            0      0.00000 
   17    117.00000            0            0      0.00000 
   18    116.00000            0            0      0.00000 
   19    115.00000            0            0      0.00000 
   20    114.00000            0            0      0.00000 
   21    113.00000            0            0      0.00000 
   22    112.00000            0            0      0.00000 
   23    111.00000            0            0      0.00000 
   24    110.00000            0            0      0.00000 
   25    109.00000            0            0      0.00000 
   26    108.00000            0            0      0.00000 
   27    107.00000            0            0      0.00000 
   28    106.00000            0            0      0.00000 
   29    105.00000            0            0      0.00000 
   30    104.00000            0            0      0.00000 
   31    103.00000            0            0      0.00000 
   32    102.00000            0            0      0.00000 
   33    101.00000            0            0      0.00000 
   34    100.00000            0            0      0.00000 
   35     99.00000            0            0      0.00000 
   36     98.00000            0            0      0.00000 
   37     97.00000            0            0      0.00000 
   38     96.00000            0            0      0.00000 
   39     95.00000            0            0      0.00000 
   40     94.00000            0            0      0.00000 
   41     93.00000            0            0      0.00000 
   42     92.00000            0            0      0.00000 
   43     91.00000            0            0      0.00000 
   44     90.00000            0            0      0.00000 
   45     89.00000            0            0      0.00000 
   46     88.00000            0            0      0.00000 
   47     87.00000            0            0      0.00000 
   48     86.00000            0            0      0.00000 
   49     85.00000            0            0      0.00000 
   50     84.00000            6            6      1.00000 
   51     83.00000          114          114      1.00000 
   52     82.00000          213          218      0.98840 
   53     81.00000          295          301      0.98993 
   54     80.00000          385          406      0.97345 
   55     79.00000          469          499      0.96901 
   56     78.00000          568          600      0.97260 
   57     77.00000          653          689      0.97317 
   58     76.00000          747          812      0.95831 
   59     75.00000          815          916      0.94165 
   60     74.00000          877         1013      0.92804 
   61     73.00000          929         1105      0.91347 
   62     72.00000          980         1217      0.89213 
   63     71.00000         1033         1336      0.87210 
   64     70.00000         1179         1530      0.87043 
   65     69.00000         1248         1640      0.86427 
   66     68.00000         1294         1728      0.85639 
   67     67.00000         1297         1781      0.84276 
   68     66.00000         1285         1835      0.82372 
   69     65.00000         1239         1869      0.79730 
   70     64.00000         1171         1862      0.77217 
   71     63.00000         1111         1849      0.75068 
   72     62.00000         1064         1811      0.74017 
   73     61.00000         1060         1760      0.75177 
   74     60.00000         1037         1698      0.75832 
   75     59.00000          966         1579      0.75914 
   76     58.00000          884         1470      0.75106 
   77     57.00000          752         1393      0.69744 
   78     56.00000          754         1367      0.68364 
   79     55.00000          761         1337      0.67493 
   80     54.00000          735         1262      0.65699 
   81     53.00000          715         1196      0.63736 
   82     52.00000          793         1221      0.62860 
   83     51.00000          847         1270      0.62541 
   84     50.00000          897         1292      0.62677 
   85     49.00000          924         1273      0.63450 
   86     48.00000          949         1208      0.65461 
   87     47.00000         1029         1191      0.70450 
   88     46.00000         1113         1349      0.71812 
   89     45.00000         1202         1485      0.72721 
   90     44.00000         1274         1587      0.74100 
   91     43.00000         1332         1675      0.75091 
   92     42.00000         1459         1753      0.78331 
   93     41.00000         1604         1812      0.81792 
   94     40.00000         1726         1883      0.85010 
   95     39.00000         1814         1922      0.88223 
   96     38.00000         1874         1928      0.91794 
   97     37.00000         2050         2105      0.93478 
   98     36.00000         2248         2318      0.91590 
   99     35.00000         2405         2479      0.90663 
  100     34.00000         2509         2588      0.90131 
  101     33.00000         2608         2683      0.89851 
  102     32.00000         2691         2847      0.91080 
  103     31.00000         2731         2955      0.91453 
  104     30.00000         2822         3071      0.91600 
  105     29.00000         2858         3159      0.91075 
  106     28.00000         2887         3247      0.90381 
  107     27.00000         2891         3317      0.89272 
  108     26.00000         2856         3340      0.88218 
  109     25.00000         2830         3358      0.86619 
  110     24.00000         2709         3297      0.84515 
  111     23.00000         2586         3260      0.82039 
  112     22.00000         2473         3161      0.80405 
  113     21.00000         2413         3062      0.80292 
  114     20.00000         2338         2917      0.79962 
  115     19.00000         2228         2703      0.80349 
  116     18.00000         2085         2458      0.82016 
  117     17.00000         1907         2203      0.83552 
  118     16.00000         1859         2126      0.84668 
  119     15.00000         1795         2015      0.85984 
  120     14.00000         1736         1907      0.87840 
  121     13.00000         1679         1721      0.91353 
  122     12.00000         1629         1504      0.96010 
  123     11.00000         1611         1486      0.95964 
  124     10.00000         1579         1448      0.95672 
  125      9.00000         1573         1420      0.94888 
  126      8.00000         1572         1407      0.94461 
  127      7.00000         1552         1375      0.93953 
  128      6.00000         1531         1348      0.93644 
  129      5.00000         1512         1326      0.93446 
  130      4.00000         1477         1304      0.93276 
  131      3.00000         1475         1295      0.92130 
  132      2.00000         1454         1267      0.90996 
  133      1.00000         1438         1236      0.89753 
  134      0.00000         1431         1215      0.88813 
  135     -1.00000         1395         1163      0.88194 
  136     -2.00000         1358         1113      0.87495 
  137     -3.00000         1339         1042      0.85594 
  138     -4.00000         1326         1041      0.86439 
  139     -5.00000         1299         1015      0.86776 
  140     -6.00000         1250          967      0.86784 
  141     -7.00000         1218          922      0.86168 
  142     -8.00000         1176          879      0.85547 
  143     -9.00000         1135          838      0.84947 
  144    -10.00000         1083          786      0.84109 
  145    -11.00000         1019          743      0.84336 
  146    -12.00000          969          711      0.84643 
  147    -13.00000          911          688      0.86054 
  148    -14.00000          869          675      0.87435 
  149    -15.00000          806          648      0.89133 
  150    -16.00000          732          613      0.91152 
  151    -17.00000          684          587      0.92368 
  152    -18.00000          638          548      0.92411 
  153    -19.00000          580          497      0.92293 
  154    -20.00000          524          453      0.92733 
  155    -21.00000          441          382      0.92831 
  156    -22.00000          367          313      0.92059 
  157    -23.00000          286          301      0.82112 
  158    -24.00000          247          338      0.68376 
  159    -25.00000          207          354      0.55971 
  160    -26.00000          152          331      0.40166 
  161    -27.00000          110          307      0.21103 
  162    -28.00000           81          292      0.00000 
  163    -29.00000           64          298      0.00000 
  164    -30.00000           38          302      0.00000 
  165    -31.00000           21          299      0.00000 
  166    -32.00000            5          288      0.00000 
  167    -33.00000            0          282      0.00000 
  168    -34.00000            0          275      0.00000 
  169    -35.00000            0          256      0.00000 
  170    -36.00000            0          234      0.00000 
  171    -37.00000            0          218      0.00000 
  172    -38.00000            0          181      0.00000 
  173    -39.00000            0          147      0.00000 
  174    -40.00000            0          118      0.00000 
  175    -41.00000            0           82      0.00000 
  176    -42.00000            0           42      0.00000 
  177    -43.00000            0            0      0.00000 
  178    -44.00000            0            0      0.00000 
  179    -45.00000            0            0      0.00000 
  180    -46.00000            0            0      0.00000 
  181    -47.00000            0            0      0.00000 
  182    -48.00000            0            0      0.00000 
  183    -49.00000            0            0      0.00000 
  184    -50.00000            0            0      0.00000 
  185    -51.00000            0            0      0.00000 
  186    -52.00000            0            0      0.00000 
  187    -53.00000            0            0      0.00000 
  188    -54.00000            0            0      0.00000 
  189    -55.00000            0            0      0.00000 
  190    -56.00000            0            0      0.00000 
  191    -57.00000            0            0      0.00000 
  192    -58.00000            0            0      0.00000 
  193    -59.00000            0            0      0.00000 
  194    -60.00000            0            0      0.00000 
  195    -61.00000            0            0      0.00000 
  196    -62.00000            0            0      0.00000 
  197    -63.00000            0            0      0.00000 
  198    -64.00000            0            0      0.00000 
  199    -65.00000            0            0      0.00000 
  200    -66.00000            0            0      0.00000 
  201    -67.00000            0            0      0.00000 
  202    -68.00000            0            0      0.00000 
  203    -69.00000            0            0      0.00000 
  204    -70.00000            0            0      0.00000 
  205    -71.00000            0            0      0.00000 
  206    -72.00000            0            0      0.00000 
  207    -73.00000            0            0      0.00000 
  208    -74.00000            0            0      0.00000 
  209    -75.00000            0            0      0.00000 
  210    -76.00000            0            0      0.00000 
  211    -77.00000            0            0      0.00000 
  212    -78.00000            0            0      0.00000 
  213    -79.00000            0            0      0.00000 
  214    -80.00000            0            0      0.00000 
  215    -81.00000            0            0      0.00000 
  216    -82.00000            0            0      0.00000 
  217    -83.00000            0            0      0.00000 
  218    -84.00000            0            0      0.00000 
  219    -85.00000            0            0      0.00000 
  220    -86.00000            0            0      0.00000 
  221    -87.00000            0            0      0.00000 
  222    -88.00000            0            0      0.00000 
  223    -89.00000            0            0      0.00000 
  224    -90.00000            0            0      0.00000 
  225    -91.00000            0            0      0.00000 
  226    -92.00000            0            0      0.00000 
  227    -93.00000            0            0      0.00000 
  228    -94.00000            0            0      0.00000 
  229    -95.00000            0            0      0.00000 
  230    -96.00000            0            0      0.00000 
  231    -97.00000            0            0      0.00000 
  232    -98.00000            0            0      0.00000 
