# 3dSliceNDice -insetA 6m_2min_m3_binary+orig -insetB 6m_3min_m3_binary+orig -prefix 6m_2min_3min_m3
    0     96.00000            0            0      0.00000 
    1     95.00000            0            0      0.00000 
    2     94.00000            0            0      0.00000 
    3     93.00000            0            0      0.00000 
    4     92.00000            0            0      0.00000 
    5     91.00000            0            0      0.00000 
    6     90.00000            0            0      0.00000 
    7     89.00000            0            0      0.00000 
    8     88.00000            0            0      0.00000 
    9     87.00000            0            0      0.00000 
   10     86.00000            0            0      0.00000 
   11     85.00000            0            0      0.00000 
   12     84.00000            0            0      0.00000 
   13     83.00000            0            0      0.00000 
   14     82.00000            0            0      0.00000 
   15     81.00000            0            0      0.00000 
   16     80.00000            0            0      0.00000 
   17     79.00000            0            0      0.00000 
   18     78.00000            0            0      0.00000 
   19     77.00000            0            0      0.00000 
   20     76.00000            0            0      0.00000 
   21     75.00000            0            0      0.00000 
   22     74.00000            0            0      0.00000 
   23     73.00000            0            0      0.00000 
   24     72.00000            0            0      0.00000 
   25     71.00000            0            0      0.00000 
   26     70.00000            0            0      0.00000 
   27     69.00000            0            0      0.00000 
   28     68.00000            0            0      0.00000 
   29     67.00000            0            0      0.00000 
   30     66.00000            0            0      0.00000 
   31     65.00000            0            0      0.00000 
   32     64.00000            0            0      0.00000 
   33     63.00000            0            0      0.00000 
   34     62.00000            0            0      0.00000 
   35     61.00000            0            0      0.00000 
   36     60.00000            0            0      0.00000 
   37     59.00000            0            0      0.00000 
   38     58.00000            0            0      0.00000 
   39     57.00000            0            0      0.00000 
   40     56.00000            0            0      0.00000 
   41     55.00000            0            0      0.00000 
   42     54.00000            0            0      0.00000 
   43     53.00000            0            0      0.00000 
   44     52.00000            0            0      0.00000 
   45     51.00000            0            0      0.00000 
   46     50.00000            0            0      0.00000 
   47     49.00000            0            0      0.00000 
   48     48.00000            0            0      0.00000 
   49     47.00000           32           60      0.69565 
   50     46.00000           99          138      0.74262 
   51     45.00000          173          204      0.74271 
   52     44.00000          231          254      0.74227 
   53     43.00000          308          296      0.72517 
   54     42.00000          435          357      0.70707 
   55     41.00000          595          471      0.76173 
   56     40.00000          754          618      0.82362 
   57     39.00000          867          736      0.86213 
   58     38.00000          981          863      0.89696 
   59     37.00000         1101         1023      0.93126 
   60     36.00000         1199         1158      0.94782 
   61     35.00000         1307         1284      0.94327 
   62     34.00000         1393         1390      0.93784 
   63     33.00000         1468         1476      0.93478 
   64     32.00000         1575         1561      0.93750 
   65     31.00000         1659         1616      0.94046 
   66     30.00000         1757         1687      0.93786 
   67     29.00000         1828         1712      0.93220 
   68     28.00000         1891         1746      0.92934 
   69     27.00000         1939         1744      0.91882 
   70     26.00000         1960         1718      0.91354 
   71     25.00000         1983         1709      0.90466 
   72     24.00000         1955         1647      0.88840 
   73     23.00000         1947         1582      0.87050 
   74     22.00000         1974         1568      0.85884 
   75     21.00000         1984         1602      0.86782 
   76     20.00000         1986         1650      0.88449 
   77     19.00000         1945         1667      0.89313 
   78     18.00000         1903         1674      0.90523 
   79     17.00000         2103         2089      0.93225 
   80     16.00000         2296         2364      0.94549 
   81     15.00000         2437         2554      0.94210 
   82     14.00000         2550         2713      0.94319 
   83     13.00000         2662         2850      0.94376 
   84     12.00000         2787         2984      0.94126 
   85     11.00000         2865         3040      0.94428 
   86     10.00000         2991         3140      0.94960 
   87      9.00000         3079         3215      0.95424 
   88      8.00000         3150         3276      0.95736 
   89      7.00000         3219         3326      0.96348 
   90      6.00000         3216         3332      0.96396 
   91      5.00000         3259         3340      0.97318 
   92      4.00000         3269         3335      0.97517 
   93      3.00000         3275         3330      0.97774 
   94      2.00000         3227         3283      0.97911 
   95      1.00000         3116         3191      0.97733 
   96      0.00000         3016         3119      0.97376 
   97     -1.00000         3028         3165      0.97077 
   98     -2.00000         3128         3286      0.96788 
   99     -3.00000         3150         3350      0.96400 
  100     -4.00000         3148         3377      0.96000 
  101     -5.00000         3120         3384      0.95572 
  102     -6.00000         3041         3316      0.95548 
  103     -7.00000         2974         3259      0.95428 
  104     -8.00000         2877         3148      0.95502 
  105     -9.00000         2800         3066      0.95465 
  106    -10.00000         2709         2970      0.95404 
  107    -11.00000         2577         2823      0.95444 
  108    -12.00000         2371         2603      0.95336 
  109    -13.00000         2114         2241      0.95339 
  110    -14.00000         2130         2177      0.94126 
  111    -15.00000         2131         2111      0.92928 
  112    -16.00000         2094         2016      0.91484 
  113    -17.00000         2085         1969      0.90380 
  114    -18.00000         2046         1961      0.91340 
  115    -19.00000         2027         1974      0.92577 
  116    -20.00000         2009         1942      0.92989 
  117    -21.00000         1942         1835      0.92507 
  118    -22.00000         1891         1701      0.91704 
  119    -23.00000         1816         1603      0.89500 
  120    -24.00000         1729         1601      0.89009 
  121    -25.00000         1637         1612      0.89381 
  122    -26.00000         1508         1569      0.88918 
  123    -27.00000         1417         1526      0.86714 
  124    -28.00000         1419         1494      0.82115 
  125    -29.00000         1462         1472      0.78255 
  126    -30.00000         1500         1477      0.75244 
  127    -31.00000         1479         1413      0.71508 
  128    -32.00000         1443         1386      0.68010 
  129    -33.00000         1572         1554      0.65387 
  130    -34.00000         1752         1725      0.67702 
  131    -35.00000         1901         1851      0.69243 
  132    -36.00000         1953         1872      0.70379 
  133    -37.00000         1994         1862      0.70643 
  134    -38.00000         2021         1871      0.71788 
  135    -39.00000         2029         1870      0.75353 
  136    -40.00000         2058         1865      0.78664 
  137    -41.00000         1986         1755      0.82277 
  138    -42.00000         1889         1657      0.86294 
  139    -43.00000         1862         1613      0.88345 
  140    -44.00000         1798         1558      0.89511 
  141    -45.00000         1747         1508      0.90814 
  142    -46.00000         1626         1404      0.91353 
  143    -47.00000         1508         1295      0.91830 
  144    -48.00000         1370         1160      0.91700 
  145    -49.00000         1227         1027      0.91127 
  146    -50.00000         1094          890      0.89718 
  147    -51.00000          934          720      0.87062 
  148    -52.00000          804          584      0.84150 
  149    -53.00000          641          433      0.80633 
  150    -54.00000          507          333      0.79286 
  151    -55.00000          381          231      0.75490 
  152    -56.00000          259          144      0.71464 
  153    -57.00000          152           61      0.57277 
  154    -58.00000           38            4      0.19048 
  155    -59.00000            0            0      0.00000 
  156    -60.00000            0            0      0.00000 
  157    -61.00000            0            0      0.00000 
  158    -62.00000            0            0      0.00000 
  159    -63.00000            0            0      0.00000 
  160    -64.00000            0            0      0.00000 
  161    -65.00000            0            0      0.00000 
  162    -66.00000            0            0      0.00000 
  163    -67.00000            0            0      0.00000 
  164    -68.00000            0            0      0.00000 
  165    -69.00000            0            0      0.00000 
  166    -70.00000            0            0      0.00000 
  167    -71.00000            0            0      0.00000 
  168    -72.00000            0            0      0.00000 
  169    -73.00000            0            0      0.00000 
  170    -74.00000            0            0      0.00000 
  171    -75.00000            0            0      0.00000 
  172    -76.00000            0            0      0.00000 
  173    -77.00000            0            0      0.00000 
  174    -78.00000            0            0      0.00000 
  175    -79.00000            0            0      0.00000 
  176    -80.00000            0            0      0.00000 
  177    -81.00000            0            0      0.00000 
  178    -82.00000            0            0      0.00000 
  179    -83.00000            0            0      0.00000 
  180    -84.00000            0            0      0.00000 
  181    -85.00000            0            0      0.00000 
  182    -86.00000            0            0      0.00000 
  183    -87.00000            0            0      0.00000 
  184    -88.00000            0            0      0.00000 
  185    -89.00000            0            0      0.00000 
  186    -90.00000            0            0      0.00000 
  187    -91.00000            0            0      0.00000 
  188    -92.00000            0            0      0.00000 
  189    -93.00000            0            0      0.00000 
  190    -94.00000            0            0      0.00000 
  191    -95.00000            0            0      0.00000 
  192    -96.00000            0            0      0.00000 
  193    -97.00000            0            0      0.00000 
  194    -98.00000            0            0      0.00000 
