# 3dSliceNDice -insetA 6m_2min_m5_binary+orig -insetB 6m_3min_m5_binary+orig -prefix 6m_2min_3min_m5
    0     96.00000            0            0      0.00000 
    1     95.00000            0            0      0.00000 
    2     94.00000            0            0      0.00000 
    3     93.00000            0            0      0.00000 
    4     92.00000            0            0      0.00000 
    5     91.00000            0            0      0.00000 
    6     90.00000            0            0      0.00000 
    7     89.00000            0            0      0.00000 
    8     88.00000            0            0      0.00000 
    9     87.00000            0            0      0.00000 
   10     86.00000            0            0      0.00000 
   11     85.00000            0            0      0.00000 
   12     84.00000            0            0      0.00000 
   13     83.00000            0            0      0.00000 
   14     82.00000            0            0      0.00000 
   15     81.00000            0            0      0.00000 
   16     80.00000            0            0      0.00000 
   17     79.00000            0            0      0.00000 
   18     78.00000            0            0      0.00000 
   19     77.00000            0            0      0.00000 
   20     76.00000            0            0      0.00000 
   21     75.00000            0            0      0.00000 
   22     74.00000            0            0      0.00000 
   23     73.00000            0            0      0.00000 
   24     72.00000            0            0      0.00000 
   25     71.00000            0            0      0.00000 
   26     70.00000            0            0      0.00000 
   27     69.00000            0            0      0.00000 
   28     68.00000            0            0      0.00000 
   29     67.00000            0            0      0.00000 
   30     66.00000            0            0      0.00000 
   31     65.00000            0            0      0.00000 
   32     64.00000            0            0      0.00000 
   33     63.00000            0            0      0.00000 
   34     62.00000            0            0      0.00000 
   35     61.00000            0            0      0.00000 
   36     60.00000            0            0      0.00000 
   37     59.00000            0            0      0.00000 
   38     58.00000            0            0      0.00000 
   39     57.00000            0            0      0.00000 
   40     56.00000            0            0      0.00000 
   41     55.00000            0            0      0.00000 
   42     54.00000            0            0      0.00000 
   43     53.00000            0           20      0.00000 
   44     52.00000            0           64      0.00000 
   45     51.00000            0           88      0.00000 
   46     50.00000            0          147      0.00000 
   47     49.00000            0          215      0.00000 
   48     48.00000            0          233      0.00000 
   49     47.00000            0          246      0.00000 
   50     46.00000            0          261      0.00000 
   51     45.00000            0          268      0.00000 
   52     44.00000            0          276      0.00000 
   53     43.00000            0          256      0.00000 
   54     42.00000            0          216      0.00000 
   55     41.00000            0          180      0.00000 
   56     40.00000            0          140      0.00000 
   57     39.00000            0           88      0.00000 
   58     38.00000            0           32      0.00000 
   59     37.00000           45           21      0.63636 
   60     36.00000          107           63      0.74118 
   61     35.00000          164          108      0.79412 
   62     34.00000          214          149      0.82094 
   63     33.00000          263          198      0.85900 
   64     32.00000          305          300      0.79339 
   65     31.00000          344          427      0.74968 
   66     30.00000          400          540      0.71489 
   67     29.00000          448          629      0.69638 
   68     28.00000          488          706      0.68677 
   69     27.00000          707          794      0.80213 
   70     26.00000          870          907      0.85087 
   71     25.00000         1016         1050      0.86641 
   72     24.00000         1111         1155      0.87820 
   73     23.00000         1185         1242      0.88504 
   74     22.00000         1296         1408      0.88314 
   75     21.00000         1386         1556      0.87695 
   76     20.00000         1508         1715      0.88303 
   77     19.00000         1598         1836      0.88468 
   78     18.00000         1680         1943      0.88380 
   79     17.00000         2255         2471      0.88701 
   80     16.00000         2639         2789      0.90604 
   81     15.00000         2954         3042      0.91995 
   82     14.00000         3183         3222      0.93084 
   83     13.00000         3370         3370      0.93917 
   84     12.00000         3642         3616      0.95343 
   85     11.00000         3841         3821      0.96215 
   86     10.00000         4020         4022      0.96568 
   87      9.00000         4109         4170      0.96099 
   88      8.00000         4189         4294      0.95697 
   89      7.00000         4287         4433      0.95321 
   90      6.00000         4308         4482      0.95063 
   91      5.00000         4335         4528      0.94799 
   92      4.00000         4296         4495      0.94437 
   93      3.00000         4261         4467      0.94157 
   94      2.00000         4168         4385      0.93909 
   95      1.00000         4018         4256      0.93739 
   96      0.00000         3935         4174      0.93501 
   97     -1.00000         3888         4139      0.92787 
   98     -2.00000         3931         4172      0.92460 
   99     -3.00000         3858         4158      0.91717 
  100     -4.00000         3770         4107      0.91101 
  101     -5.00000         3640         4029      0.90103 
  102     -6.00000         3461         3852      0.89211 
  103     -7.00000         3261         3621      0.88434 
  104     -8.00000         3028         3308      0.87437 
  105     -9.00000         2904         3170      0.86697 
  106    -10.00000         2738         2971      0.86040 
  107    -11.00000         2497         2681      0.85207 
  108    -12.00000         2194         2290      0.84032 
  109    -13.00000         1737         1768      0.85649 
  110    -14.00000         1721         1740      0.85929 
  111    -15.00000         1677         1683      0.85893 
  112    -16.00000         1575         1575      0.85333 
  113    -17.00000         1400         1377      0.83327 
  114    -18.00000         1069         1062      0.83904 
  115    -19.00000         1063         1045      0.84061 
  116    -20.00000         1060         1037      0.84216 
  117    -21.00000         1026         1005      0.84195 
  118    -22.00000         1006          989      0.84612 
  119    -23.00000         1030          971      0.82359 
  120    -24.00000         1064          943      0.79223 
  121    -25.00000         1077          910      0.76296 
  122    -26.00000         1043          852      0.73668 
  123    -27.00000         1018          814      0.72052 
  124    -28.00000          974          743      0.69307 
  125    -29.00000          909          668      0.66582 
  126    -30.00000          832          575      0.61976 
  127    -31.00000          712          469      0.57070 
  128    -32.00000          614          385      0.51451 
  129    -33.00000          561          315      0.45205 
  130    -34.00000          558          250      0.40594 
  131    -35.00000          547          177      0.33978 
  132    -36.00000          527          103      0.23810 
  133    -37.00000          492           27      0.09634 
  134    -38.00000          483            0      0.00000 
  135    -39.00000          495            0      0.00000 
  136    -40.00000          501            0      0.00000 
  137    -41.00000          482            0      0.00000 
  138    -42.00000          466            0      0.00000 
  139    -43.00000          432            0      0.00000 
  140    -44.00000          390            0      0.00000 
  141    -45.00000          351            0      0.00000 
  142    -46.00000          295            0      0.00000 
  143    -47.00000          256            0      0.00000 
  144    -48.00000          216            0      0.00000 
  145    -49.00000          180            0      0.00000 
  146    -50.00000          140            0      0.00000 
  147    -51.00000           88            0      0.00000 
  148    -52.00000           32            0      0.00000 
  149    -53.00000            0            0      0.00000 
  150    -54.00000            0            0      0.00000 
  151    -55.00000            0            0      0.00000 
  152    -56.00000            0            0      0.00000 
  153    -57.00000            0            0      0.00000 
  154    -58.00000            0            0      0.00000 
  155    -59.00000            0            0      0.00000 
  156    -60.00000            0            0      0.00000 
  157    -61.00000            0            0      0.00000 
  158    -62.00000            0            0      0.00000 
  159    -63.00000            0            0      0.00000 
  160    -64.00000            0            0      0.00000 
  161    -65.00000            0            0      0.00000 
  162    -66.00000            0            0      0.00000 
  163    -67.00000            0            0      0.00000 
  164    -68.00000            0            0      0.00000 
  165    -69.00000            0            0      0.00000 
  166    -70.00000            0            0      0.00000 
  167    -71.00000            0            0      0.00000 
  168    -72.00000            0            0      0.00000 
  169    -73.00000            0            0      0.00000 
  170    -74.00000            0            0      0.00000 
  171    -75.00000            0            0      0.00000 
  172    -76.00000            0            0      0.00000 
  173    -77.00000            0            0      0.00000 
  174    -78.00000            0            0      0.00000 
  175    -79.00000            0            0      0.00000 
  176    -80.00000            0            0      0.00000 
  177    -81.00000            0            0      0.00000 
  178    -82.00000            0            0      0.00000 
  179    -83.00000            0            0      0.00000 
  180    -84.00000            0            0      0.00000 
  181    -85.00000            0            0      0.00000 
  182    -86.00000            0            0      0.00000 
  183    -87.00000            0            0      0.00000 
  184    -88.00000            0            0      0.00000 
  185    -89.00000            0            0      0.00000 
  186    -90.00000            0            0      0.00000 
  187    -91.00000            0            0      0.00000 
  188    -92.00000            0            0      0.00000 
  189    -93.00000            0            0      0.00000 
  190    -94.00000            0            0      0.00000 
  191    -95.00000            0            0      0.00000 
  192    -96.00000            0            0      0.00000 
  193    -97.00000            0            0      0.00000 
  194    -98.00000            0            0      0.00000 
