# 3dSliceNDice -insetA 6m_2min_m1_binary+orig -insetB 6m_5min_m1_binary+orig -prefix 6m_2min_5min_m1
    0     96.00000            0            0      0.00000 
    1     95.00000            0            0      0.00000 
    2     94.00000            0            0      0.00000 
    3     93.00000            0            0      0.00000 
    4     92.00000            0            0      0.00000 
    5     91.00000            0            0      0.00000 
    6     90.00000            0            0      0.00000 
    7     89.00000            0            0      0.00000 
    8     88.00000            0            0      0.00000 
    9     87.00000            0            0      0.00000 
   10     86.00000            0            0      0.00000 
   11     85.00000            0            0      0.00000 
   12     84.00000            0            0      0.00000 
   13     83.00000            0            0      0.00000 
   14     82.00000            0            0      0.00000 
   15     81.00000            0            0      0.00000 
   16     80.00000            0            0      0.00000 
   17     79.00000            0            0      0.00000 
   18     78.00000            0            0      0.00000 
   19     77.00000            0            0      0.00000 
   20     76.00000            0            0      0.00000 
   21     75.00000            0            0      0.00000 
   22     74.00000            0            0      0.00000 
   23     73.00000            0            0      0.00000 
   24     72.00000            0            0      0.00000 
   25     71.00000            0            0      0.00000 
   26     70.00000            0            0      0.00000 
   27     69.00000            0            0      0.00000 
   28     68.00000            0            0      0.00000 
   29     67.00000            0            0      0.00000 
   30     66.00000            0            0      0.00000 
   31     65.00000            0            0      0.00000 
   32     64.00000            0            0      0.00000 
   33     63.00000            0            0      0.00000 
   34     62.00000            0            0      0.00000 
   35     61.00000            0            0      0.00000 
   36     60.00000            0            0      0.00000 
   37     59.00000            0            0      0.00000 
   38     58.00000            0            0      0.00000 
   39     57.00000            0            0      0.00000 
   40     56.00000           12           27      0.51282 
   41     55.00000          113          131      0.72951 
   42     54.00000          230          230      0.82609 
   43     53.00000          354          337      0.85962 
   44     52.00000          495          452      0.88279 
   45     51.00000          591          533      0.88078 
   46     50.00000          693          614      0.89059 
   47     49.00000          757          680      0.90466 
   48     48.00000          829          745      0.90597 
   49     47.00000          885          799      0.91093 
   50     46.00000          913          826      0.91547 
   51     45.00000          919          846      0.92238 
   52     44.00000          929          851      0.92809 
   53     43.00000          975          897      0.93590 
   54     42.00000         1002          919      0.94118 
   55     41.00000         1038          948      0.94461 
   56     40.00000         1054          933      0.93306 
   57     39.00000         1034          877      0.91470 
   58     38.00000         1033          831      0.89163 
   59     37.00000         1017          842      0.88004 
   60     36.00000         1100          947      0.89790 
   61     35.00000         1186         1029      0.90023 
   62     34.00000         1212         1046      0.89548 
   63     33.00000         1206         1050      0.89982 
   64     32.00000         1212         1152      0.92386 
   65     31.00000         1319         1279      0.92995 
   66     30.00000         1445         1428      0.93561 
   67     29.00000         1520         1521      0.94048 
   68     28.00000         1588         1599      0.94383 
   69     27.00000         1675         1689      0.93936 
   70     26.00000         1784         1771      0.92714 
   71     25.00000         1926         1882      0.90861 
   72     24.00000         2021         1978      0.88622 
   73     23.00000         2125         2082      0.87378 
   74     22.00000         2204         2182      0.86047 
   75     21.00000         2255         2278      0.85903 
   76     20.00000         2320         2382      0.85581 
   77     19.00000         2307         2448      0.84501 
   78     18.00000         2313         2526      0.83695 
   79     17.00000         2292         2625      0.82164 
   80     16.00000         2232         2714      0.79660 
   81     15.00000         2177         2795      0.77595 
   82     14.00000         2082         2801      0.74585 
   83     13.00000         1946         2760      0.71271 
   84     12.00000         1924         2814      0.69607 
   85     11.00000         2032         2915      0.70952 
   86     10.00000         2112         2952      0.71722 
   87      9.00000         2119         2906      0.72159 
   88      8.00000         2108         2789      0.72943 
   89      7.00000         2142         2592      0.76637 
   90      6.00000         2160         2596      0.77418 
   91      5.00000         2182         2558      0.78734 
   92      4.00000         2124         2437      0.79807 
   93      3.00000         2063         2315      0.80859 
   94      2.00000         2024         2246      0.80796 
   95      1.00000         2027         2230      0.79868 
   96      0.00000         2026         2259      0.78180 
   97     -1.00000         2034         2331      0.76334 
   98     -2.00000         2092         2470      0.74090 
   99     -3.00000         2313         2645      0.77935 
  100     -4.00000         2425         2823      0.79268 
  101     -5.00000         2533         3029      0.79036 
  102     -6.00000         2589         3136      0.79022 
  103     -7.00000         2611         3205      0.78920 
  104     -8.00000         2685         3286      0.79685 
  105     -9.00000         2763         3385      0.79993 
  106    -10.00000         2814         3473      0.80038 
  107    -11.00000         2818         3499      0.79658 
  108    -12.00000         2775         3511      0.79033 
  109    -13.00000         2856         3550      0.80112 
  110    -14.00000         3013         3598      0.82529 
  111    -15.00000         3144         3655      0.84718 
  112    -16.00000         3216         3639      0.86885 
  113    -17.00000         3287         3605      0.88915 
  114    -18.00000         3332         3498      0.91567 
  115    -19.00000         3306         3473      0.92255 
  116    -20.00000         3304         3466      0.92969 
  117    -21.00000         3197         3385      0.92799 
  118    -22.00000         3118         3345      0.92341 
  119    -23.00000         2999         3268      0.90729 
  120    -24.00000         2888         3189      0.89255 
  121    -25.00000         2758         3092      0.87316 
  122    -26.00000         2557         2920      0.84754 
  123    -27.00000         2405         2746      0.81421 
  124    -28.00000         2392         2740      0.78800 
  125    -29.00000         2393         2759      0.79076 
  126    -30.00000         2266         2708      0.78086 
  127    -31.00000         1979         2534      0.75559 
  128    -32.00000         1577         2315      0.70658 
  129    -33.00000         1079         2020      0.67377 
  130    -34.00000         1141         2037      0.69666 
  131    -35.00000         1215         2064      0.72400 
  132    -36.00000         1253         2027      0.75061 
  133    -37.00000         1294         2020      0.76946 
  134    -38.00000         1354         2004      0.79929 
  135    -39.00000         1363         1961      0.81649 
  136    -40.00000         1403         1944      0.83836 
  137    -41.00000         1411         1884      0.85645 
  138    -42.00000         1423         1856      0.86795 
  139    -43.00000         1411         1782      0.88381 
  140    -44.00000         1378         1706      0.89364 
  141    -45.00000         1347         1623      0.90707 
  142    -46.00000         1306         1525      0.92264 
  143    -47.00000         1230         1402      0.93465 
  144    -48.00000         1128         1298      0.92993 
  145    -49.00000         1044         1224      0.92063 
  146    -50.00000          917         1100      0.90927 
  147    -51.00000          752          931      0.89364 
  148    -52.00000          620          792      0.87819 
  149    -53.00000          491          608      0.89354 
  150    -54.00000          353          425      0.90746 
  151    -55.00000          216          252      0.91453 
  152    -56.00000          123          125      0.91129 
  153    -57.00000           88           46      0.68657 
  154    -58.00000            3            0      0.00000 
  155    -59.00000            0            0      0.00000 
  156    -60.00000            0            0      0.00000 
  157    -61.00000            0            0      0.00000 
  158    -62.00000            0            0      0.00000 
  159    -63.00000            0            0      0.00000 
  160    -64.00000            0            0      0.00000 
  161    -65.00000            0            0      0.00000 
  162    -66.00000            0            0      0.00000 
  163    -67.00000            0            0      0.00000 
  164    -68.00000            0            0      0.00000 
  165    -69.00000            0            0      0.00000 
  166    -70.00000            0            0      0.00000 
  167    -71.00000            0            0      0.00000 
  168    -72.00000            0            0      0.00000 
  169    -73.00000            0            0      0.00000 
  170    -74.00000            0            0      0.00000 
  171    -75.00000            0            0      0.00000 
  172    -76.00000            0            0      0.00000 
  173    -77.00000            0            0      0.00000 
  174    -78.00000            0            0      0.00000 
  175    -79.00000            0            0      0.00000 
  176    -80.00000            0            0      0.00000 
  177    -81.00000            0            0      0.00000 
  178    -82.00000            0            0      0.00000 
  179    -83.00000            0            0      0.00000 
  180    -84.00000            0            0      0.00000 
  181    -85.00000            0            0      0.00000 
  182    -86.00000            0            0      0.00000 
  183    -87.00000            0            0      0.00000 
  184    -88.00000            0            0      0.00000 
  185    -89.00000            0            0      0.00000 
  186    -90.00000            0            0      0.00000 
  187    -91.00000            0            0      0.00000 
  188    -92.00000            0            0      0.00000 
  189    -93.00000            0            0      0.00000 
  190    -94.00000            0            0      0.00000 
  191    -95.00000            0            0      0.00000 
  192    -96.00000            0            0      0.00000 
  193    -97.00000            0            0      0.00000 
  194    -98.00000            0            0      0.00000 
