# 3dSliceNDice -insetA 6m_2min_m5_binary+orig -insetB 6m_5min_m5_binary+orig -prefix 6m_2min_5min_m5
    0    134.00000            0            0      0.00000 
    1    133.00000            0            0      0.00000 
    2    132.00000            0            0      0.00000 
    3    131.00000            0            0      0.00000 
    4    130.00000            0            0      0.00000 
    5    129.00000            0            0      0.00000 
    6    128.00000            0            0      0.00000 
    7    127.00000            0            0      0.00000 
    8    126.00000            0            0      0.00000 
    9    125.00000            0            0      0.00000 
   10    124.00000            0            0      0.00000 
   11    123.00000            0            0      0.00000 
   12    122.00000            0            0      0.00000 
   13    121.00000            0            0      0.00000 
   14    120.00000            0            0      0.00000 
   15    119.00000            0            0      0.00000 
   16    118.00000            0            0      0.00000 
   17    117.00000            0            0      0.00000 
   18    116.00000            0            0      0.00000 
   19    115.00000            0            0      0.00000 
   20    114.00000            0            0      0.00000 
   21    113.00000            0            0      0.00000 
   22    112.00000            0            0      0.00000 
   23    111.00000            0            0      0.00000 
   24    110.00000            0            0      0.00000 
   25    109.00000            0            0      0.00000 
   26    108.00000            0            0      0.00000 
   27    107.00000            0            0      0.00000 
   28    106.00000            0            0      0.00000 
   29    105.00000            0            0      0.00000 
   30    104.00000            0            0      0.00000 
   31    103.00000            0            0      0.00000 
   32    102.00000            0            0      0.00000 
   33    101.00000            0            0      0.00000 
   34    100.00000            0            0      0.00000 
   35     99.00000            0            0      0.00000 
   36     98.00000            0            0      0.00000 
   37     97.00000            0            0      0.00000 
   38     96.00000            0            0      0.00000 
   39     95.00000            0            0      0.00000 
   40     94.00000            0            0      0.00000 
   41     93.00000            0            0      0.00000 
   42     92.00000            0            0      0.00000 
   43     91.00000            0            0      0.00000 
   44     90.00000            0            0      0.00000 
   45     89.00000            0            0      0.00000 
   46     88.00000            0            0      0.00000 
   47     87.00000            0            0      0.00000 
   48     86.00000            0            0      0.00000 
   49     85.00000            0            0      0.00000 
   50     84.00000            0            0      0.00000 
   51     83.00000            0            0      0.00000 
   52     82.00000            0            0      0.00000 
   53     81.00000            0            0      0.00000 
   54     80.00000            0            0      0.00000 
   55     79.00000            0            0      0.00000 
   56     78.00000            0            0      0.00000 
   57     77.00000            0            0      0.00000 
   58     76.00000           25           25      1.00000 
   59     75.00000           83           83      1.00000 
   60     74.00000          141          141      1.00000 
   61     73.00000          199          199      1.00000 
   62     72.00000          275          275      1.00000 
   63     71.00000          330          324      0.99083 
   64     70.00000          404          389      0.98108 
   65     69.00000          452          426      0.97039 
   66     68.00000          495          458      0.96118 
   67     67.00000          539          497      0.94981 
   68     66.00000          603          574      0.93968 
   69     65.00000          684          673      0.94620 
   70     64.00000          757          751      0.94960 
   71     63.00000          819          810      0.95150 
   72     62.00000          883          899      0.93827 
   73     61.00000          917          953      0.92299 
   74     60.00000          970         1031      0.90355 
   75     59.00000         1010         1076      0.88399 
   76     58.00000         1052         1117      0.87045 
   77     57.00000         1391         1300      0.89483 
   78     56.00000         1670         1471      0.90035 
   79     55.00000         1862         1599      0.90436 
   80     54.00000         2007         1721      0.91148 
   81     53.00000         2114         1849      0.92506 
   82     52.00000         2215         1980      0.94112 
   83     51.00000         2276         2089      0.95487 
   84     50.00000         2352         2227      0.96790 
   85     49.00000         2397         2320      0.97011 
   86     48.00000         2456         2403      0.96892 
   87     47.00000         2518         2485      0.96702 
   88     46.00000         2539         2505      0.96273 
   89     45.00000         2584         2543      0.95768 
   90     44.00000         2578         2529      0.95359 
   91     43.00000         2580         2520      0.94980 
   92     42.00000         2516         2447      0.94620 
   93     41.00000         2448         2379      0.94386 
   94     40.00000         2380         2345      0.94646 
   95     39.00000         2251         2255      0.94940 
   96     38.00000         2134         2172      0.95448 
   97     37.00000         1989         2102      0.95478 
   98     36.00000         1926         2089      0.94147 
   99     35.00000         1858         2085      0.93381 
  100     34.00000         1767         2023      0.92296 
  101     33.00000         1665         1934      0.91359 
  102     32.00000         1881         2231      0.90516 
  103     31.00000         2083         2459      0.90753 
  104     30.00000         2211         2579      0.90522 
  105     29.00000         2285         2618      0.90067 
  106     28.00000         2299         2616      0.89888 
  107     27.00000         2349         2604      0.90289 
  108     26.00000         2378         2583      0.91473 
  109     25.00000         2449         2601      0.92713 
  110     24.00000         2446         2564      0.93094 
  111     23.00000         2441         2540      0.93274 
  112     22.00000         2469         2514      0.92755 
  113     21.00000         2470         2441      0.91509 
  114     20.00000         2453         2362      0.90592 
  115     19.00000         2393         2268      0.89852 
  116     18.00000         2368         2219      0.89427 
  117     17.00000         2348         2181      0.89070 
  118     16.00000         2310         2142      0.89308 
  119     15.00000         2292         2124      0.88995 
  120     14.00000         2271         2113      0.88184 
  121     13.00000         2256         2112      0.87408 
  122     12.00000         2213         2101      0.86602 
  123     11.00000         2149         2064      0.86019 
  124     10.00000         2083         2031      0.85513 
  125      9.00000         1984         1957      0.85511 
  126      8.00000         1950         1906      0.86981 
  127      7.00000         1868         1779      0.89772 
  128      6.00000         1793         1730      0.90945 
  129      5.00000         1711         1685      0.91932 
  130      4.00000         1618         1629      0.93625 
  131      3.00000         1517         1567      0.95071 
  132      2.00000         1411         1461      0.95404 
  133      1.00000         1361         1410      0.95489 
  134      0.00000         1306         1353      0.95675 
  135     -1.00000         1226         1265      0.95464 
  136     -2.00000         1185         1230      0.94576 
  137     -3.00000         1137         1167      0.94271 
  138     -4.00000         1091         1114      0.94150 
  139     -5.00000         1046         1059      0.94347 
  140     -6.00000          993          994      0.94112 
  141     -7.00000          955          939      0.93981 
  142     -8.00000          899          876      0.92845 
  143     -9.00000          846          816      0.91937 
  144    -10.00000          788          751      0.90708 
  145    -11.00000          702          665      0.88515 
  146    -12.00000          646          609      0.87171 
  147    -13.00000          574          541      0.85919 
  148    -14.00000          512          481      0.85196 
  149    -15.00000          435          407      0.83848 
  150    -16.00000          329          307      0.80818 
  151    -17.00000          172          168      0.70588 
  152    -18.00000            0            0      0.00000 
  153    -19.00000            0            0      0.00000 
  154    -20.00000            0            0      0.00000 
  155    -21.00000            0            0      0.00000 
  156    -22.00000            0            0      0.00000 
  157    -23.00000            0           60      0.00000 
  158    -24.00000            0          138      0.00000 
  159    -25.00000            0          204      0.00000 
  160    -26.00000            0          254      0.00000 
  161    -27.00000            0          296      0.00000 
  162    -28.00000           32          346      0.16931 
  163    -29.00000           88          372      0.38261 
  164    -30.00000          140          416      0.50360 
  165    -31.00000          180          440      0.58065 
  166    -32.00000          216          455      0.64382 
  167    -33.00000          256          454      0.72113 
  168    -34.00000          274          438      0.76966 
  169    -35.00000          293          428      0.81276 
  170    -36.00000          293          403      0.84195 
  171    -37.00000          291          381      0.86607 
  172    -38.00000          276          343      0.89176 
  173    -39.00000          259          309      0.91197 
  174    -40.00000          246          279      0.93714 
  175    -41.00000          236          235      0.95966 
  176    -42.00000          227          201      0.92056 
  177    -43.00000          208          157      0.86027 
  178    -44.00000          185          120      0.78689 
  179    -45.00000          149           71      0.64545 
  180    -46.00000          109           27      0.39706 
  181    -47.00000           89            4      0.08602 
  182    -48.00000           61            0      0.00000 
  183    -49.00000           34            0      0.00000 
  184    -50.00000            9            0      0.00000 
  185    -51.00000            0            0      0.00000 
  186    -52.00000            0            0      0.00000 
  187    -53.00000            0            0      0.00000 
  188    -54.00000            0            0      0.00000 
  189    -55.00000            0            0      0.00000 
  190    -56.00000            0            0      0.00000 
  191    -57.00000            0            0      0.00000 
  192    -58.00000            0            0      0.00000 
  193    -59.00000            0            0      0.00000 
  194    -60.00000            0            0      0.00000 
  195    -61.00000            0            0      0.00000 
  196    -62.00000            0            0      0.00000 
  197    -63.00000            0            0      0.00000 
  198    -64.00000            0            0      0.00000 
  199    -65.00000            0            0      0.00000 
  200    -66.00000            0            0      0.00000 
  201    -67.00000            0            0      0.00000 
  202    -68.00000            0            0      0.00000 
  203    -69.00000            0            0      0.00000 
  204    -70.00000            0            0      0.00000 
  205    -71.00000            0            0      0.00000 
  206    -72.00000            0            0      0.00000 
  207    -73.00000            0            0      0.00000 
  208    -74.00000            0            0      0.00000 
  209    -75.00000            0            0      0.00000 
  210    -76.00000            0            0      0.00000 
  211    -77.00000            0            0      0.00000 
  212    -78.00000            0            0      0.00000 
  213    -79.00000            0            0      0.00000 
  214    -80.00000            0            0      0.00000 
  215    -81.00000            0            0      0.00000 
  216    -82.00000            0            0      0.00000 
  217    -83.00000            0            0      0.00000 
  218    -84.00000            0            0      0.00000 
  219    -85.00000            0            0      0.00000 
  220    -86.00000            0            0      0.00000 
  221    -87.00000            0            0      0.00000 
  222    -88.00000            0            0      0.00000 
  223    -89.00000            0            0      0.00000 
  224    -90.00000            0            0      0.00000 
  225    -91.00000            0            0      0.00000 
  226    -92.00000            0            0      0.00000 
  227    -93.00000            0            0      0.00000 
  228    -94.00000            0            0      0.00000 
  229    -95.00000            0            0      0.00000 
  230    -96.00000            0            0      0.00000 
  231    -97.00000            0            0      0.00000 
  232    -98.00000            0            0      0.00000 
