# 3dSliceNDice -insetA 6m_2min_m5_binary+orig -insetB 6m_5min_m5_binary+orig -prefix 6m_2min_5min_m5
    0    -72.00000            0            0      0.00000 
    1    -71.00000            0            0      0.00000 
    2    -70.00000            0            0      0.00000 
    3    -69.00000            0            0      0.00000 
    4    -68.00000            0            0      0.00000 
    5    -67.00000            0            0      0.00000 
    6    -66.00000            0            0      0.00000 
    7    -65.00000            0            0      0.00000 
    8    -64.00000            0            0      0.00000 
    9    -63.00000            0            0      0.00000 
   10    -62.00000            0            0      0.00000 
   11    -61.00000            0            0      0.00000 
   12    -60.00000            0            0      0.00000 
   13    -59.00000            0            0      0.00000 
   14    -58.00000            0            0      0.00000 
   15    -57.00000            0            0      0.00000 
   16    -56.00000            0            0      0.00000 
   17    -55.00000            0            0      0.00000 
   18    -54.00000            0            0      0.00000 
   19    -53.00000            0            0      0.00000 
   20    -52.00000            0            0      0.00000 
   21    -51.00000            1            1      1.00000 
   22    -50.00000          273          273      1.00000 
   23    -49.00000          612          612      1.00000 
   24    -48.00000         1079         1079      1.00000 
   25    -47.00000         1337         1337      1.00000 
   26    -46.00000         1604         1608      0.99875 
   27    -45.00000         1793         1814      0.99418 
   28    -44.00000         1909         1945      0.99066 
   29    -43.00000         2042         2098      0.98647 
   30    -42.00000         2135         2194      0.98406 
   31    -41.00000         2220         2270      0.98263 
   32    -40.00000         2277         2329      0.97916 
   33    -39.00000         2307         2367      0.97261 
   34    -38.00000         2346         2396      0.97216 
   35    -37.00000         2293         2343      0.96333 
   36    -36.00000         2282         2314      0.95909 
   37    -35.00000         2236         2255      0.95524 
   38    -34.00000         2168         2169      0.94904 
   39    -33.00000         2089         2090      0.94425 
   40    -32.00000         2015         1996      0.93543 
   41    -31.00000         1981         1962      0.93634 
   42    -30.00000         1904         1884      0.93506 
   43    -29.00000         1782         1764      0.93401 
   44    -28.00000         1620         1592      0.93773 
   45    -27.00000         1437         1343      0.91583 
   46    -26.00000         1353         1282      0.90323 
   47    -25.00000         1232         1183      0.88613 
   48    -24.00000         1048         1023      0.85852 
   49    -23.00000          758          751      0.76474 
   50    -22.00000          296          265      0.52050 
   51    -21.00000          254          237      0.47251 
   52    -20.00000          204          198      0.41294 
   53    -19.00000          138          138      0.29710 
   54    -18.00000           60           60      0.06667 
   55    -17.00000            0            0      0.00000 
   56    -16.00000            0            0      0.00000 
   57    -15.00000            0            0      0.00000 
   58    -14.00000            0            0      0.00000 
   59    -13.00000            0            0      0.00000 
   60    -12.00000            0            0      0.00000 
   61    -11.00000            0            0      0.00000 
   62    -10.00000            0            0      0.00000 
   63     -9.00000            0            0      0.00000 
   64     -8.00000            0            0      0.00000 
   65     -7.00000            0            0      0.00000 
   66     -6.00000            0            0      0.00000 
   67     -5.00000            0            0      0.00000 
   68     -4.00000            0            0      0.00000 
   69     -3.00000            0            0      0.00000 
   70     -2.00000           88          116      0.62745 
   71     -1.00000          185          232      0.75300 
   72      0.00000          261          318      0.79102 
   73      1.00000          318          382      0.80857 
   74      2.00000          366          436      0.82544 
   75      3.00000          617          764      0.81245 
   76      4.00000          824         1075      0.84360 
   77      5.00000         1013         1295      0.86308 
   78      6.00000         1156         1449      0.87754 
   79      7.00000         1273         1576      0.88663 
   80      8.00000         1550         1817      0.90644 
   81      9.00000         1773         2055      0.91066 
   82     10.00000         1981         2298      0.91423 
   83     11.00000         2131         2463      0.91685 
   84     12.00000         2255         2600      0.91864 
   85     13.00000         2490         2771      0.92074 
   86     14.00000         2732         2885      0.91508 
   87     15.00000         2996         3048      0.91198 
   88     16.00000         3184         3171      0.90858 
   89     17.00000         3342         3281      0.90805 
   90     18.00000         3490         3385      0.90793 
   91     19.00000         3542         3416      0.90859 
   92     20.00000         3607         3451      0.90819 
   93     21.00000         3617         3451      0.90577 
   94     22.00000         3624         3457      0.90580 
   95     23.00000         3579         3413      0.90475 
   96     24.00000         3492         3335      0.90376 
   97     25.00000         3398         3241      0.90345 
   98     26.00000         3254         3121      0.89851 
   99     27.00000         3138         3014      0.89467 
  100     28.00000         2991         2880      0.88537 
  101     29.00000         2874         2775      0.87874 
  102     30.00000         2731         2664      0.87192 
  103     31.00000         2508         2512      0.86813 
  104     32.00000         2354         2405      0.87539 
  105     33.00000         2218         2274      0.88958 
  106     34.00000         2106         2158      0.89775 
  107     35.00000         1982         2041      0.90480 
  108     36.00000         1819         1892      0.90434 
  109     37.00000         1696         1749      0.89231 
  110     38.00000         1559         1584      0.87623 
  111     39.00000         1450         1468      0.87731 
  112     40.00000         1336         1346      0.87696 
  113     41.00000         1213         1218      0.88523 
  114     42.00000         1086         1101      0.90352 
  115     43.00000          975          993      0.93191 
  116     44.00000          900          927      0.92063 
  117     45.00000          850          881      0.90468 
  118     46.00000          780          810      0.89308 
  119     47.00000          734          760      0.88353 
  120     48.00000          645          692      0.88556 
  121     49.00000          563          622      0.88608 
  122     50.00000          474          548      0.88258 
  123     51.00000          426          490      0.90830 
  124     52.00000          398          445      0.92052 
  125     53.00000          370          385      0.92715 
  126     54.00000          323          319      0.92523 
  127     55.00000          257          231      0.91393 
  128     56.00000          157          129      0.89510 
  129     57.00000           75           50      0.80000 
  130     58.00000            3            0      0.00000 
  131     59.00000            0            0      0.00000 
  132     60.00000            0            0      0.00000 
  133     61.00000            0            0      0.00000 
  134     62.00000            0            0      0.00000 
  135     63.00000            0            0      0.00000 
  136     64.00000            0            0      0.00000 
  137     65.00000            0            0      0.00000 
  138     66.00000            0            0      0.00000 
  139     67.00000            0            0      0.00000 
  140     68.00000            0            0      0.00000 
  141     69.00000            0            0      0.00000 
  142     70.00000            0            0      0.00000 
  143     71.00000            0            0      0.00000 
  144     72.00000            0            0      0.00000 
  145     73.00000            0            0      0.00000 
  146     74.00000            0            0      0.00000 
  147     75.00000            0            0      0.00000 
  148     76.00000            0            0      0.00000 
  149     77.00000            0            0      0.00000 
  150     78.00000            0            0      0.00000 
  151     79.00000            0            0      0.00000 
  152     80.00000            0            0      0.00000 
  153     81.00000            0            0      0.00000 
  154     82.00000            0            0      0.00000 
  155     83.00000            0            0      0.00000 
  156     84.00000            0            0      0.00000 
  157     85.00000            0            0      0.00000 
  158     86.00000            0            0      0.00000 
