# 3dSliceNDice -insetA 6m_2min_m2_binary+orig -insetB 6m_4min_m2_binary+orig -prefix 6m_2min_4min_m2
    0     96.00000            0            0      0.00000 
    1     95.00000            0            0      0.00000 
    2     94.00000            0            0      0.00000 
    3     93.00000            0            0      0.00000 
    4     92.00000            0            0      0.00000 
    5     91.00000            0            0      0.00000 
    6     90.00000            0            0      0.00000 
    7     89.00000            0            0      0.00000 
    8     88.00000            0            0      0.00000 
    9     87.00000            0            0      0.00000 
   10     86.00000            0            0      0.00000 
   11     85.00000            0            0      0.00000 
   12     84.00000            0            0      0.00000 
   13     83.00000            0            0      0.00000 
   14     82.00000            0            0      0.00000 
   15     81.00000            0            0      0.00000 
   16     80.00000            0            0      0.00000 
   17     79.00000            0            0      0.00000 
   18     78.00000            0            0      0.00000 
   19     77.00000            0            0      0.00000 
   20     76.00000            0            0      0.00000 
   21     75.00000            0            0      0.00000 
   22     74.00000            0            0      0.00000 
   23     73.00000            0            0      0.00000 
   24     72.00000            0            0      0.00000 
   25     71.00000            0            0      0.00000 
   26     70.00000            0            0      0.00000 
   27     69.00000            0            0      0.00000 
   28     68.00000            0            0      0.00000 
   29     67.00000            0            0      0.00000 
   30     66.00000            0            0      0.00000 
   31     65.00000            0            0      0.00000 
   32     64.00000            0            0      0.00000 
   33     63.00000            0            0      0.00000 
   34     62.00000            0            0      0.00000 
   35     61.00000            0            0      0.00000 
   36     60.00000            0            0      0.00000 
   37     59.00000            0            0      0.00000 
   38     58.00000            1            1      1.00000 
   39     57.00000           86           96      0.68132 
   40     56.00000          214          189      0.72953 
   41     55.00000          369          276      0.71318 
   42     54.00000          506          359      0.70289 
   43     53.00000          634          426      0.71132 
   44     52.00000          769          477      0.70305 
   45     51.00000          856          516      0.70408 
   46     50.00000          944          555      0.70714 
   47     49.00000          985          581      0.71009 
   48     48.00000         1047          621      0.71463 
   49     47.00000         1086          646      0.71709 
   50     46.00000         1091          648      0.71650 
   51     45.00000         1073          654      0.72843 
   52     44.00000         1015          647      0.74128 
   53     43.00000          972          646      0.75278 
   54     42.00000          885          625      0.77086 
   55     41.00000          842          604      0.77178 
   56     40.00000          797          615      0.79320 
   57     39.00000          713          611      0.81420 
   58     38.00000          646          608      0.82616 
   59     37.00000          602          597      0.84070 
   60     36.00000          609          596      0.82822 
   61     35.00000          607          590      0.83876 
   62     34.00000          575          557      0.84276 
   63     33.00000          512          491      0.82951 
   64     32.00000          534          431      0.87461 
   65     31.00000          623          472      0.86210 
   66     30.00000          716          542      0.86169 
   67     29.00000          794          609      0.86814 
   68     28.00000          858          665      0.87328 
   69     27.00000          920          717      0.87599 
   70     26.00000          972          762      0.87889 
   71     25.00000         1048          823      0.87974 
   72     24.00000         1095          858      0.87865 
   73     23.00000         1127          890      0.88250 
   74     22.00000         1193         1003      0.91348 
   75     21.00000         1280         1100      0.92437 
   76     20.00000         1361         1187      0.93171 
   77     19.00000         1434         1255      0.93343 
   78     18.00000         1501         1315      0.93395 
   79     17.00000         1556         1363      0.93388 
   80     16.00000         1576         1384      0.93514 
   81     15.00000         1613         1428      0.93916 
   82     14.00000         1637         1472      0.94693 
   83     13.00000         1642         1509      0.95779 
   84     12.00000         1624         1530      0.97020 
   85     11.00000         1589         1542      0.97860 
   86     10.00000         1575         1562      0.97864 
   87      9.00000         1585         1582      0.97253 
   88      8.00000         1616         1620      0.96848 
   89      7.00000         1661         1675      0.96103 
   90      6.00000         1678         1692      0.95964 
   91      5.00000         1692         1716      0.95246 
   92      4.00000         1670         1693      0.95034 
   93      3.00000         1655         1673      0.94952 
   94      2.00000         1620         1637      0.94811 
   95      1.00000         1589         1614      0.94849 
   96      0.00000         1588         1611      0.94905 
   97     -1.00000         1577         1605      0.95475 
   98     -2.00000         1585         1619      0.95880 
   99     -3.00000         1571         1610      0.96259 
  100     -4.00000         1559         1601      0.96456 
  101     -5.00000         1536         1586      0.96605 
  102     -6.00000         1492         1548      0.96250 
  103     -7.00000         1450         1500      0.95932 
  104     -8.00000         1433         1495      0.95902 
  105     -9.00000         1421         1507      0.95970 
  106    -10.00000         1404         1508      0.95261 
  107    -11.00000         1436         1525      0.94900 
  108    -12.00000         1495         1536      0.94094 
  109    -13.00000         1518         1525      0.93789 
  110    -14.00000         1517         1509      0.93787 
  111    -15.00000         1530         1501      0.93500 
  112    -16.00000         1514         1479      0.93485 
  113    -17.00000         1510         1464      0.93275 
  114    -18.00000         1467         1419      0.93416 
  115    -19.00000         1418         1376      0.93772 
  116    -20.00000         1368         1328      0.93620 
  117    -21.00000         1285         1268      0.93615 
  118    -22.00000         1182         1212      0.93233 
  119    -23.00000         1060         1144      0.91289 
  120    -24.00000         1013         1102      0.92104 
  121    -25.00000          949         1044      0.93327 
  122    -26.00000          876          970      0.94908 
  123    -27.00000          819          891      0.95789 
  124    -28.00000          760          870      0.93252 
  125    -29.00000          697          892      0.87728 
  126    -30.00000          617          885      0.82157 
  127    -31.00000          524          851      0.76218 
  128    -32.00000          466          831      0.71858 
  129    -33.00000          421          857      0.65415 
  130    -34.00000          376          876      0.58946 
  131    -35.00000          329          901      0.51220 
  132    -36.00000          264          876      0.42456 
  133    -37.00000          200          831      0.29486 
  134    -38.00000          172          821      0.25176 
  135    -39.00000          166          811      0.27431 
  136    -40.00000          164          845      0.27156 
  137    -41.00000          180          880      0.27925 
  138    -42.00000          215          935      0.29565 
  139    -43.00000          252          981      0.30819 
  140    -44.00000          265          996      0.31086 
  141    -45.00000          276         1017      0.31245 
  142    -46.00000          268         1006      0.30769 
  143    -47.00000          258         1005      0.30087 
  144    -48.00000          239          970      0.27957 
  145    -49.00000          205          920      0.25422 
  146    -50.00000          167          866      0.22265 
  147    -51.00000          125          750      0.17371 
  148    -52.00000           98          618      0.08939 
  149    -53.00000           64          490      0.00000 
  150    -54.00000           40          380      0.00000 
  151    -55.00000            7          269      0.00000 
  152    -56.00000            0          182      0.00000 
  153    -57.00000            0           90      0.00000 
  154    -58.00000            0            1      0.00000 
  155    -59.00000            0            0      0.00000 
  156    -60.00000            0            0      0.00000 
  157    -61.00000            0            0      0.00000 
  158    -62.00000            0            0      0.00000 
  159    -63.00000            0            0      0.00000 
  160    -64.00000            0            0      0.00000 
  161    -65.00000            0            0      0.00000 
  162    -66.00000            0            0      0.00000 
  163    -67.00000            0            0      0.00000 
  164    -68.00000            0            0      0.00000 
  165    -69.00000            0            0      0.00000 
  166    -70.00000            0            0      0.00000 
  167    -71.00000            0            0      0.00000 
  168    -72.00000            0            0      0.00000 
  169    -73.00000            0            0      0.00000 
  170    -74.00000            0            0      0.00000 
  171    -75.00000            0            0      0.00000 
  172    -76.00000            0            0      0.00000 
  173    -77.00000            0            0      0.00000 
  174    -78.00000            0            0      0.00000 
  175    -79.00000            0            0      0.00000 
  176    -80.00000            0            0      0.00000 
  177    -81.00000            0            0      0.00000 
  178    -82.00000            0            0      0.00000 
  179    -83.00000            0            0      0.00000 
  180    -84.00000            0            0      0.00000 
  181    -85.00000            0            0      0.00000 
  182    -86.00000            0            0      0.00000 
  183    -87.00000            0            0      0.00000 
  184    -88.00000            0            0      0.00000 
  185    -89.00000            0            0      0.00000 
  186    -90.00000            0            0      0.00000 
  187    -91.00000            0            0      0.00000 
  188    -92.00000            0            0      0.00000 
  189    -93.00000            0            0      0.00000 
  190    -94.00000            0            0      0.00000 
  191    -95.00000            0            0      0.00000 
  192    -96.00000            0            0      0.00000 
  193    -97.00000            0            0      0.00000 
  194    -98.00000            0            0      0.00000 
