# 3dSliceNDice -insetA 6m_2min_m1_binary+orig -insetB 6m_5min_m1_binary+orig -prefix 6m_2min_5min_m1
    0    134.00000            0            0      0.00000 
    1    133.00000            0            0      0.00000 
    2    132.00000            0            0      0.00000 
    3    131.00000            0            0      0.00000 
    4    130.00000            0            0      0.00000 
    5    129.00000            0            0      0.00000 
    6    128.00000            0            0      0.00000 
    7    127.00000            0            0      0.00000 
    8    126.00000            0            0      0.00000 
    9    125.00000            0            0      0.00000 
   10    124.00000            0            0      0.00000 
   11    123.00000            0            0      0.00000 
   12    122.00000            0            0      0.00000 
   13    121.00000            0            0      0.00000 
   14    120.00000            0            0      0.00000 
   15    119.00000            0            0      0.00000 
   16    118.00000            0            0      0.00000 
   17    117.00000            0            0      0.00000 
   18    116.00000            0            0      0.00000 
   19    115.00000            0            0      0.00000 
   20    114.00000            0            0      0.00000 
   21    113.00000            0            0      0.00000 
   22    112.00000            0            0      0.00000 
   23    111.00000            0            0      0.00000 
   24    110.00000            0            0      0.00000 
   25    109.00000            0            0      0.00000 
   26    108.00000            0            0      0.00000 
   27    107.00000            0            0      0.00000 
   28    106.00000            0            0      0.00000 
   29    105.00000            0            0      0.00000 
   30    104.00000            0            0      0.00000 
   31    103.00000            0            0      0.00000 
   32    102.00000            0            0      0.00000 
   33    101.00000            0            0      0.00000 
   34    100.00000            0            0      0.00000 
   35     99.00000            0            0      0.00000 
   36     98.00000            0            0      0.00000 
   37     97.00000            0            0      0.00000 
   38     96.00000            0            0      0.00000 
   39     95.00000            0            0      0.00000 
   40     94.00000            0            0      0.00000 
   41     93.00000            0            0      0.00000 
   42     92.00000            0            0      0.00000 
   43     91.00000            0            0      0.00000 
   44     90.00000            0            0      0.00000 
   45     89.00000            0            0      0.00000 
   46     88.00000            0            0      0.00000 
   47     87.00000            0            0      0.00000 
   48     86.00000            0            0      0.00000 
   49     85.00000            0            0      0.00000 
   50     84.00000           27            6      0.36364 
   51     83.00000          194          139      0.83483 
   52     82.00000          385          301      0.87755 
   53     81.00000          562          468      0.89320 
   54     80.00000          757          670      0.88017 
   55     79.00000          915          840      0.87293 
   56     78.00000         1048          985      0.86965 
   57     77.00000         1169         1132      0.85876 
   58     76.00000         1301         1307      0.85890 
   59     75.00000         1408         1445      0.85945 
   60     74.00000         1510         1565      0.86699 
   61     73.00000         1591         1680      0.86396 
   62     72.00000         1685         1810      0.86695 
   63     71.00000         1844         1983      0.88163 
   64     70.00000         2023         2202      0.88947 
   65     69.00000         2118         2343      0.89083 
   66     68.00000         2142         2432      0.89418 
   67     67.00000         2166         2527      0.90305 
   68     66.00000         2264         2655      0.90018 
   69     65.00000         2378         2783      0.90099 
   70     64.00000         2395         2857      0.89337 
   71     63.00000         2423         2907      0.89268 
   72     62.00000         2396         2894      0.88582 
   73     61.00000         2411         2865      0.87718 
   74     60.00000         2402         2811      0.86208 
   75     59.00000         2325         2671      0.84307 
   76     58.00000         2213         2561      0.81232 
   77     57.00000         2548         2765      0.79616 
   78     56.00000         2810         3020      0.81201 
   79     55.00000         2944         3126      0.82241 
   80     54.00000         2989         3114      0.83303 
   81     53.00000         3017         3025      0.84906 
   82     52.00000         3073         2980      0.87196 
   83     51.00000         3152         3042      0.87052 
   84     50.00000         3271         3154      0.87409 
   85     49.00000         3277         3153      0.87527 
   86     48.00000         3259         3156      0.87140 
   87     47.00000         3260         3151      0.86944 
   88     46.00000         3317         3152      0.87556 
   89     45.00000         3386         3180      0.88517 
   90     44.00000         3398         3148      0.88818 
   91     43.00000         3359         3039      0.89153 
   92     42.00000         3356         2967      0.88629 
   93     41.00000         3429         3066      0.87729 
   94     40.00000         3513         3168      0.87652 
   95     39.00000         3513         3194      0.87968 
   96     38.00000         3525         3239      0.88321 
   97     37.00000         3533         3273      0.89774 
   98     36.00000         3482         3286      0.90632 
   99     35.00000         3416         3289      0.91663 
  100     34.00000         3271         3221      0.92267 
  101     33.00000         3126         3144      0.92663 
  102     32.00000         3003         3054      0.92917 
  103     31.00000         2982         3041      0.93276 
  104     30.00000         2983         3021      0.93704 
  105     29.00000         2935         2942      0.94028 
  106     28.00000         2881         2857      0.94214 
  107     27.00000         2774         2757      0.93907 
  108     26.00000         2688         2674      0.93323 
  109     25.00000         2571         2583      0.92666 
  110     24.00000         2398         2437      0.91830 
  111     23.00000         2237         2315      0.90905 
  112     22.00000         2072         2163      0.89587 
  113     21.00000         1920         2002      0.88985 
  114     20.00000         1730         1803      0.87744 
  115     19.00000         1505         1575      0.86169 
  116     18.00000         1272         1345      0.83913 
  117     17.00000         1043         1129      0.80939 
  118     16.00000          937         1044      0.80565 
  119     15.00000          829          954      0.79865 
  120     14.00000          703          850      0.78043 
  121     13.00000          545          728      0.74470 
  122     12.00000          409          563      0.68930 
  123     11.00000          365          486      0.68625 
  124     10.00000          321          397      0.67409 
  125      9.00000          248          266      0.63813 
  126      8.00000          188          142      0.64848 
  127      7.00000           47           11      0.37931 
  128      6.00000           16            0      0.00000 
  129      5.00000            8            0      0.00000 
  130      4.00000            0            0      0.00000 
  131      3.00000            0            0      0.00000 
  132      2.00000            0            0      0.00000 
  133      1.00000            0            0      0.00000 
  134      0.00000            0            0      0.00000 
  135     -1.00000            0            0      0.00000 
  136     -2.00000            0            0      0.00000 
  137     -3.00000           32          200      0.27586 
  138     -4.00000           88          382      0.37447 
  139     -5.00000          140          510      0.43077 
  140     -6.00000          180          604      0.45918 
  141     -7.00000          216          676      0.48430 
  142     -8.00000          256          870      0.45471 
  143     -9.00000          276          995      0.43430 
  144    -10.00000          300         1117      0.42343 
  145    -11.00000          308         1183      0.41315 
  146    -12.00000          316         1241      0.40591 
  147    -13.00000          404         1303      0.47335 
  148    -14.00000          493         1334      0.53968 
  149    -15.00000          561         1374      0.57984 
  150    -16.00000          626         1387      0.62196 
  151    -17.00000          682         1423      0.64798 
  152    -18.00000          736         1439      0.67678 
  153    -19.00000          752         1439      0.68644 
  154    -20.00000          781         1438      0.70392 
  155    -21.00000          773         1413      0.70723 
  156    -22.00000          768         1406      0.70653 
  157    -23.00000          738         1374      0.69886 
  158    -24.00000          701         1337      0.68793 
  159    -25.00000          661         1299      0.67449 
  160    -26.00000          596         1216      0.65784 
  161    -27.00000          534         1139      0.63837 
  162    -28.00000          537         1147      0.60451 
  163    -29.00000          590         1236      0.59146 
  164    -30.00000          628         1303      0.58622 
  165    -31.00000          647         1325      0.58621 
  166    -32.00000          678         1342      0.59901 
  167    -33.00000          772         1377      0.64123 
  168    -34.00000          861         1427      0.67832 
  169    -35.00000          938         1481      0.69616 
  170    -36.00000          954         1469      0.70491 
  171    -37.00000          960         1466      0.70899 
  172    -38.00000          943         1439      0.70781 
  173    -39.00000          915         1395      0.70563 
  174    -40.00000          895         1366      0.70500 
  175    -41.00000          827         1286      0.69759 
  176    -42.00000          765         1217      0.68113 
  177    -43.00000          706         1140      0.67822 
  178    -44.00000          676         1072      0.68879 
  179    -45.00000          641          999      0.70366 
  180    -46.00000          580          908      0.71640 
  181    -47.00000          538          837      0.74473 
  182    -48.00000          506          761      0.79874 
  183    -49.00000          493          695      0.82997 
  184    -50.00000          461          621      0.85213 
  185    -51.00000          422          565      0.85512 
  186    -52.00000          380          508      0.85586 
  187    -53.00000          313          422      0.85170 
  188    -54.00000          241          322      0.85613 
  189    -55.00000          199          252      0.88248 
  190    -56.00000          143          173      0.90506 
  191    -57.00000           97          110      0.93720 
  192    -58.00000           35           35      1.00000 
  193    -59.00000            0            0      0.00000 
  194    -60.00000            0            0      0.00000 
  195    -61.00000            0            0      0.00000 
  196    -62.00000            0            0      0.00000 
  197    -63.00000            0            0      0.00000 
  198    -64.00000            0            0      0.00000 
  199    -65.00000            0            0      0.00000 
  200    -66.00000            0            0      0.00000 
  201    -67.00000            0            0      0.00000 
  202    -68.00000            0            0      0.00000 
  203    -69.00000            0            0      0.00000 
  204    -70.00000            0            0      0.00000 
  205    -71.00000            0            0      0.00000 
  206    -72.00000            0            0      0.00000 
  207    -73.00000            0            0      0.00000 
  208    -74.00000            0            0      0.00000 
  209    -75.00000            0            0      0.00000 
  210    -76.00000            0            0      0.00000 
  211    -77.00000            0            0      0.00000 
  212    -78.00000            0            0      0.00000 
  213    -79.00000            0            0      0.00000 
  214    -80.00000            0            0      0.00000 
  215    -81.00000            0            0      0.00000 
  216    -82.00000            0            0      0.00000 
  217    -83.00000            0            0      0.00000 
  218    -84.00000            0            0      0.00000 
  219    -85.00000            0            0      0.00000 
  220    -86.00000            0            0      0.00000 
  221    -87.00000            0            0      0.00000 
  222    -88.00000            0            0      0.00000 
  223    -89.00000            0            0      0.00000 
  224    -90.00000            0            0      0.00000 
  225    -91.00000            0            0      0.00000 
  226    -92.00000            0            0      0.00000 
  227    -93.00000            0            0      0.00000 
  228    -94.00000            0            0      0.00000 
  229    -95.00000            0            0      0.00000 
  230    -96.00000            0            0      0.00000 
  231    -97.00000            0            0      0.00000 
  232    -98.00000            0            0      0.00000 
