# 3dSliceNDice -insetA 6m_2min_m2_binary+orig -insetB 6m_3min_m2_binary+orig -prefix 6m_2min_3min_m2
    0    134.00000            0            0      0.00000 
    1    133.00000            0            0      0.00000 
    2    132.00000            0            0      0.00000 
    3    131.00000            0            0      0.00000 
    4    130.00000            0            0      0.00000 
    5    129.00000            0            0      0.00000 
    6    128.00000            0            0      0.00000 
    7    127.00000            0            0      0.00000 
    8    126.00000            0            0      0.00000 
    9    125.00000            0            0      0.00000 
   10    124.00000            0            0      0.00000 
   11    123.00000            0            0      0.00000 
   12    122.00000            0            0      0.00000 
   13    121.00000            0            0      0.00000 
   14    120.00000            0            0      0.00000 
   15    119.00000            0            0      0.00000 
   16    118.00000            0            0      0.00000 
   17    117.00000            0            0      0.00000 
   18    116.00000            0            0      0.00000 
   19    115.00000            0            0      0.00000 
   20    114.00000            0            0      0.00000 
   21    113.00000            0            0      0.00000 
   22    112.00000            0            0      0.00000 
   23    111.00000            0            0      0.00000 
   24    110.00000            0            0      0.00000 
   25    109.00000            0            0      0.00000 
   26    108.00000            0            0      0.00000 
   27    107.00000            0            0      0.00000 
   28    106.00000            0            0      0.00000 
   29    105.00000            0            0      0.00000 
   30    104.00000            0            0      0.00000 
   31    103.00000            0            0      0.00000 
   32    102.00000            0            0      0.00000 
   33    101.00000            0            0      0.00000 
   34    100.00000            0            0      0.00000 
   35     99.00000            0            0      0.00000 
   36     98.00000            0            0      0.00000 
   37     97.00000            0            0      0.00000 
   38     96.00000            0            0      0.00000 
   39     95.00000            0            0      0.00000 
   40     94.00000            0            0      0.00000 
   41     93.00000            0            0      0.00000 
   42     92.00000            0            0      0.00000 
   43     91.00000            0            0      0.00000 
   44     90.00000            0            0      0.00000 
   45     89.00000            0            0      0.00000 
   46     88.00000            0            0      0.00000 
   47     87.00000            0            0      0.00000 
   48     86.00000            0            0      0.00000 
   49     85.00000            0            0      0.00000 
   50     84.00000            0            0      0.00000 
   51     83.00000            0            0      0.00000 
   52     82.00000            0            0      0.00000 
   53     81.00000            0            0      0.00000 
   54     80.00000            0            0      0.00000 
   55     79.00000            0            0      0.00000 
   56     78.00000            0            0      0.00000 
   57     77.00000            0            0      0.00000 
   58     76.00000            0            0      0.00000 
   59     75.00000            0            0      0.00000 
   60     74.00000            0            0      0.00000 
   61     73.00000            0            0      0.00000 
   62     72.00000            0            0      0.00000 
   63     71.00000            0            0      0.00000 
   64     70.00000            0            0      0.00000 
   65     69.00000            0            0      0.00000 
   66     68.00000            0            0      0.00000 
   67     67.00000            0            0      0.00000 
   68     66.00000            0            0      0.00000 
   69     65.00000            0            0      0.00000 
   70     64.00000            0            0      0.00000 
   71     63.00000            0            0      0.00000 
   72     62.00000          110           67      0.75706 
   73     61.00000          223          143      0.78142 
   74     60.00000          320          204      0.77863 
   75     59.00000          401          250      0.76805 
   76     58.00000          473          287      0.75526 
   77     57.00000          670          473      0.80315 
   78     56.00000          870          703      0.86078 
   79     55.00000         1048          867      0.87520 
   80     54.00000         1206         1006      0.88065 
   81     53.00000         1335         1130      0.88925 
   82     52.00000         1482         1325      0.90773 
   83     51.00000         1617         1541      0.93160 
   84     50.00000         1765         1720      0.94232 
   85     49.00000         1881         1867      0.95197 
   86     48.00000         1988         2007      0.95670 
   87     47.00000         2111         2184      0.95413 
   88     46.00000         2219         2352      0.94509 
   89     45.00000         2336         2509      0.93540 
   90     44.00000         2425         2629      0.92244 
   91     43.00000         2486         2735      0.91132 
   92     42.00000         2543         2829      0.90357 
   93     41.00000         2606         2905      0.90183 
   94     40.00000         2712         3035      0.90621 
   95     39.00000         2767         3110      0.90897 
   96     38.00000         2833         3186      0.90979 
   97     37.00000         2876         3232      0.90930 
   98     36.00000         2881         3237      0.90912 
   99     35.00000         2910         3254      0.90720 
  100     34.00000         2903         3238      0.90409 
  101     33.00000         2915         3258      0.90264 
  102     32.00000         2895         3236      0.90132 
  103     31.00000         2849         3185      0.89791 
  104     30.00000         2794         3133      0.89691 
  105     29.00000         2695         3028      0.89708 
  106     28.00000         2548         2911      0.88441 
  107     27.00000         2386         2747      0.88330 
  108     26.00000         2266         2589      0.89104 
  109     25.00000         2145         2419      0.90316 
  110     24.00000         1984         2189      0.91972 
  111     23.00000         1832         1938      0.94907 
  112     22.00000         1717         1773      0.97192 
  113     21.00000         1616         1717      0.95770 
  114     20.00000         1505         1645      0.93968 
  115     19.00000         1402         1586      0.91834 
  116     18.00000         1324         1553      0.89607 
  117     17.00000         1344         1610      0.84225 
  118     16.00000         1404         1668      0.81380 
  119     15.00000         1458         1724      0.80201 
  120     14.00000         1509         1744      0.79127 
  121     13.00000         1528         1763      0.77970 
  122     12.00000         1529         1782      0.77680 
  123     11.00000         1516         1751      0.77870 
  124     10.00000         1502         1736      0.78443 
  125      9.00000         1418         1637      0.78560 
  126      8.00000         1339         1556      0.77375 
  127      7.00000         1139         1361      0.74640 
  128      6.00000         1046         1265      0.74600 
  129      5.00000          960         1155      0.74326 
  130      4.00000          837          994      0.72201 
  131      3.00000          717          834      0.67827 
  132      2.00000          580          646      0.58238 
  133      1.00000          479          538      0.56047 
  134      0.00000          372          424      0.51508 
  135     -1.00000          233          282      0.39223 
  136     -2.00000           78          119      0.14213 
  137     -3.00000            0            0      0.00000 
  138     -4.00000            0            0      0.00000 
  139     -5.00000            0            0      0.00000 
  140     -6.00000            0            0      0.00000 
  141     -7.00000            0            0      0.00000 
  142     -8.00000            0            0      0.00000 
  143     -9.00000            0            0      0.00000 
  144    -10.00000            0            0      0.00000 
  145    -11.00000            0            0      0.00000 
  146    -12.00000            0            0      0.00000 
  147    -13.00000            0            0      0.00000 
  148    -14.00000            0            0      0.00000 
  149    -15.00000            0            0      0.00000 
  150    -16.00000            0            0      0.00000 
  151    -17.00000            0            0      0.00000 
  152    -18.00000            0            0      0.00000 
  153    -19.00000            0            0      0.00000 
  154    -20.00000            0            0      0.00000 
  155    -21.00000            0            0      0.00000 
  156    -22.00000            0            0      0.00000 
  157    -23.00000            0            0      0.00000 
  158    -24.00000            0            0      0.00000 
  159    -25.00000            0            0      0.00000 
  160    -26.00000            0            0      0.00000 
  161    -27.00000            0            0      0.00000 
  162    -28.00000            0            0      0.00000 
  163    -29.00000            0            0      0.00000 
  164    -30.00000            0            0      0.00000 
  165    -31.00000            0            0      0.00000 
  166    -32.00000            0            0      0.00000 
  167    -33.00000            0            0      0.00000 
  168    -34.00000            0            0      0.00000 
  169    -35.00000            0            0      0.00000 
  170    -36.00000            0            0      0.00000 
  171    -37.00000            0            0      0.00000 
  172    -38.00000            0            0      0.00000 
  173    -39.00000            0            0      0.00000 
  174    -40.00000            0            0      0.00000 
  175    -41.00000            0            0      0.00000 
  176    -42.00000            0            0      0.00000 
  177    -43.00000            0            0      0.00000 
  178    -44.00000            0            0      0.00000 
  179    -45.00000            0            0      0.00000 
  180    -46.00000            0            0      0.00000 
  181    -47.00000            0            0      0.00000 
  182    -48.00000            0            0      0.00000 
  183    -49.00000            0            0      0.00000 
  184    -50.00000            0            0      0.00000 
  185    -51.00000            0            0      0.00000 
  186    -52.00000            0            0      0.00000 
  187    -53.00000            0            0      0.00000 
  188    -54.00000            0            0      0.00000 
  189    -55.00000            0            0      0.00000 
  190    -56.00000            0            0      0.00000 
  191    -57.00000            0            0      0.00000 
  192    -58.00000            0            0      0.00000 
  193    -59.00000            0            0      0.00000 
  194    -60.00000            0            0      0.00000 
  195    -61.00000            0            0      0.00000 
  196    -62.00000            0            0      0.00000 
  197    -63.00000            0            0      0.00000 
  198    -64.00000            0            0      0.00000 
  199    -65.00000            0            0      0.00000 
  200    -66.00000            0            0      0.00000 
  201    -67.00000            0            0      0.00000 
  202    -68.00000            0            0      0.00000 
  203    -69.00000            0            0      0.00000 
  204    -70.00000            0            0      0.00000 
  205    -71.00000            0            0      0.00000 
  206    -72.00000            0            0      0.00000 
  207    -73.00000            0            0      0.00000 
  208    -74.00000            0            0      0.00000 
  209    -75.00000            0            0      0.00000 
  210    -76.00000            0            0      0.00000 
  211    -77.00000            0            0      0.00000 
  212    -78.00000            0            0      0.00000 
  213    -79.00000            0            0      0.00000 
  214    -80.00000            0            0      0.00000 
  215    -81.00000            0            0      0.00000 
  216    -82.00000            0            0      0.00000 
  217    -83.00000            0            0      0.00000 
  218    -84.00000            0            0      0.00000 
  219    -85.00000            0            0      0.00000 
  220    -86.00000            0            0      0.00000 
  221    -87.00000            0            0      0.00000 
  222    -88.00000            0            0      0.00000 
  223    -89.00000            0            0      0.00000 
  224    -90.00000            0            0      0.00000 
  225    -91.00000            0            0      0.00000 
  226    -92.00000            0            0      0.00000 
  227    -93.00000            0            0      0.00000 
  228    -94.00000            0            0      0.00000 
  229    -95.00000            0            0      0.00000 
  230    -96.00000            0            0      0.00000 
  231    -97.00000            0            0      0.00000 
  232    -98.00000            0            0      0.00000 
