# 3dSliceNDice -insetA 6m_2min_m4_binary+orig -insetB 6m_5min_m4_binary+orig -prefix 6m_2min_5min_m4
    0     96.00000            0            0      0.00000 
    1     95.00000            0            0      0.00000 
    2     94.00000            0            0      0.00000 
    3     93.00000            0            0      0.00000 
    4     92.00000            0            0      0.00000 
    5     91.00000            0            0      0.00000 
    6     90.00000            0            0      0.00000 
    7     89.00000            0            0      0.00000 
    8     88.00000            0            0      0.00000 
    9     87.00000            0            0      0.00000 
   10     86.00000            0            0      0.00000 
   11     85.00000            0            0      0.00000 
   12     84.00000            0            0      0.00000 
   13     83.00000            0            0      0.00000 
   14     82.00000            0            0      0.00000 
   15     81.00000            0            0      0.00000 
   16     80.00000            0            0      0.00000 
   17     79.00000            0            0      0.00000 
   18     78.00000            0            0      0.00000 
   19     77.00000            0            0      0.00000 
   20     76.00000            0            0      0.00000 
   21     75.00000            0            0      0.00000 
   22     74.00000            0            0      0.00000 
   23     73.00000            0            0      0.00000 
   24     72.00000            0            0      0.00000 
   25     71.00000            0            0      0.00000 
   26     70.00000            0            0      0.00000 
   27     69.00000            0            0      0.00000 
   28     68.00000            0            0      0.00000 
   29     67.00000            0            0      0.00000 
   30     66.00000            0            0      0.00000 
   31     65.00000            0            0      0.00000 
   32     64.00000            0            0      0.00000 
   33     63.00000            0            0      0.00000 
   34     62.00000            0            0      0.00000 
   35     61.00000            0            0      0.00000 
   36     60.00000            0            0      0.00000 
   37     59.00000            0            0      0.00000 
   38     58.00000            0            0      0.00000 
   39     57.00000            0            0      0.00000 
   40     56.00000            0           10      0.00000 
   41     55.00000            0           58      0.00000 
   42     54.00000           14           96      0.25455 
   43     53.00000           44          149      0.45596 
   44     52.00000           87          212      0.58194 
   45     51.00000          123          262      0.63896 
   46     50.00000          160          316      0.67227 
   47     49.00000          184          358      0.67897 
   48     48.00000          201          391      0.67905 
   49     47.00000          211          416      0.67305 
   50     46.00000          215          432      0.66461 
   51     45.00000          231          443      0.68546 
   52     44.00000          242          448      0.70145 
   53     43.00000          261          488      0.69693 
   54     42.00000          285          530      0.69939 
   55     41.00000          310          597      0.68357 
   56     40.00000          318          630      0.67089 
   57     39.00000          308          650      0.64301 
   58     38.00000          316          672      0.63968 
   59     37.00000          316          673      0.63903 
   60     36.00000          308          662      0.63505 
   61     35.00000          300          657      0.62696 
   62     34.00000          276          616      0.61883 
   63     33.00000          256          588      0.60664 
   64     32.00000          216          546      0.56693 
   65     31.00000          180          509      0.52250 
   66     30.00000          140          459      0.46745 
   67     29.00000           88          381      0.37527 
   68     28.00000           32          293      0.19692 
   69     27.00000           79          207      0.00000 
   70     26.00000          154          178      0.00000 
   71     25.00000          211          140      0.00000 
   72     24.00000          262           88      0.00000 
   73     23.00000          301           32      0.00000 
   74     22.00000          926          401      0.60437 
   75     21.00000         1167          659      0.72180 
   76     20.00000         1330          827      0.76681 
   77     19.00000         1449          946      0.78998 
   78     18.00000         1534         1032      0.80436 
   79     17.00000         1649         1368      0.81405 
   80     16.00000         1738         1624      0.81202 
   81     15.00000         1858         1835      0.80802 
   82     14.00000         1932         1980      0.80624 
   83     13.00000         1996         2087      0.80235 
   84     12.00000         2259         2286      0.83520 
   85     11.00000         2465         2426      0.85913 
   86     10.00000         2633         2598      0.87593 
   87      9.00000         2750         2707      0.88657 
   88      8.00000         2825         2785      0.89305 
   89      7.00000         2977         3063      0.92781 
   90      6.00000         3056         3158      0.93499 
   91      5.00000         3143         3240      0.94188 
   92      4.00000         3176         3257      0.94482 
   93      3.00000         3151         3226      0.94715 
   94      2.00000         3147         3235      0.94641 
   95      1.00000         3045         3108      0.94816 
   96      0.00000         2955         3013      0.94940 
   97     -1.00000         3026         3091      0.94752 
   98     -2.00000         3195         3285      0.94660 
   99     -3.00000         3386         3492      0.94330 
  100     -4.00000         3494         3619      0.93884 
  101     -5.00000         3579         3716      0.93516 
  102     -6.00000         3602         3737      0.92955 
  103     -7.00000         3649         3749      0.91944 
  104     -8.00000         3626         3640      0.90063 
  105     -9.00000         3565         3565      0.89397 
  106    -10.00000         3492         3464      0.88470 
  107    -11.00000         3364         3288      0.86771 
  108    -12.00000         3162         3014      0.84650 
  109    -13.00000         2798         2280      0.72981 
  110    -14.00000         2646         2215      0.71631 
  111    -15.00000         2455         2122      0.70046 
  112    -16.00000         2181         1956      0.68697 
  113    -17.00000         1891         1802      0.67804 
  114    -18.00000         1532         1584      0.65789 
  115    -19.00000         1443         1534      0.65637 
  116    -20.00000         1334         1478      0.65149 
  117    -21.00000         1161         1363      0.63708 
  118    -22.00000          977         1247      0.63040 
  119    -23.00000          911         1348      0.62683 
  120    -24.00000         1001         1555      0.66275 
  121    -25.00000         1036         1694      0.68132 
  122    -26.00000         1020         1784      0.68616 
  123    -27.00000          984         1826      0.69110 
  124    -28.00000         1015         1906      0.69497 
  125    -29.00000         1030         1919      0.69854 
  126    -30.00000         1056         1987      0.69405 
  127    -31.00000         1025         1954      0.68815 
  128    -32.00000          980         1891      0.68269 
  129    -33.00000          945         1812      0.68553 
  130    -34.00000          931         1772      0.68886 
  131    -35.00000          934         1768      0.69134 
  132    -36.00000          916         1729      0.69263 
  133    -37.00000          916         1710      0.69764 
  134    -38.00000          910         1692      0.69946 
  135    -39.00000          914         1698      0.69985 
  136    -40.00000          898         1694      0.69290 
  137    -41.00000          818         1631      0.66803 
  138    -42.00000          760         1576      0.65068 
  139    -43.00000          780         1608      0.65327 
  140    -44.00000          797         1618      0.66004 
  141    -45.00000          823         1655      0.66425 
  142    -46.00000          833         1631      0.67614 
  143    -47.00000          844         1610      0.68786 
  144    -48.00000          831         1600      0.68367 
  145    -49.00000          794         1530      0.68330 
  146    -50.00000          754         1451      0.68390 
  147    -51.00000          678         1295      0.68728 
  148    -52.00000          616         1143      0.70040 
  149    -53.00000          538          962      0.71733 
  150    -54.00000          448          799      0.71852 
  151    -55.00000          364          675      0.70067 
  152    -56.00000          250          499      0.66756 
  153    -57.00000          130          338      0.55556 
  154    -58.00000            3           24      0.22222 
  155    -59.00000            0            0      0.00000 
  156    -60.00000            0            0      0.00000 
  157    -61.00000            0            0      0.00000 
  158    -62.00000            0            0      0.00000 
  159    -63.00000            0            0      0.00000 
  160    -64.00000            0            0      0.00000 
  161    -65.00000            0            0      0.00000 
  162    -66.00000            0            0      0.00000 
  163    -67.00000            0            0      0.00000 
  164    -68.00000            0            0      0.00000 
  165    -69.00000            0            0      0.00000 
  166    -70.00000            0            0      0.00000 
  167    -71.00000            0            0      0.00000 
  168    -72.00000            0            0      0.00000 
  169    -73.00000            0            0      0.00000 
  170    -74.00000            0            0      0.00000 
  171    -75.00000            0            0      0.00000 
  172    -76.00000            0            0      0.00000 
  173    -77.00000            0            0      0.00000 
  174    -78.00000            0            0      0.00000 
  175    -79.00000            0            0      0.00000 
  176    -80.00000            0            0      0.00000 
  177    -81.00000            0            0      0.00000 
  178    -82.00000            0            0      0.00000 
  179    -83.00000            0            0      0.00000 
  180    -84.00000            0            0      0.00000 
  181    -85.00000            0            0      0.00000 
  182    -86.00000            0            0      0.00000 
  183    -87.00000            0            0      0.00000 
  184    -88.00000            0            0      0.00000 
  185    -89.00000            0            0      0.00000 
  186    -90.00000            0            0      0.00000 
  187    -91.00000            0            0      0.00000 
  188    -92.00000            0            0      0.00000 
  189    -93.00000            0            0      0.00000 
  190    -94.00000            0            0      0.00000 
  191    -95.00000            0            0      0.00000 
  192    -96.00000            0            0      0.00000 
  193    -97.00000            0            0      0.00000 
  194    -98.00000            0            0      0.00000 
