# 3dSliceNDice -insetA 6m_2min_m2_binary+orig -insetB 6m_5min_m2_binary+orig -prefix 6m_2min_5min_m2
    0     96.00000            0            0      0.00000 
    1     95.00000            0            0      0.00000 
    2     94.00000            0            0      0.00000 
    3     93.00000            0            0      0.00000 
    4     92.00000            0            0      0.00000 
    5     91.00000            0            0      0.00000 
    6     90.00000            0            0      0.00000 
    7     89.00000            0            0      0.00000 
    8     88.00000            0            0      0.00000 
    9     87.00000            0            0      0.00000 
   10     86.00000            0            0      0.00000 
   11     85.00000            0            0      0.00000 
   12     84.00000            0            0      0.00000 
   13     83.00000            0            0      0.00000 
   14     82.00000            0            0      0.00000 
   15     81.00000            0            0      0.00000 
   16     80.00000            0            0      0.00000 
   17     79.00000            0            0      0.00000 
   18     78.00000            0            0      0.00000 
   19     77.00000            0            0      0.00000 
   20     76.00000            0            0      0.00000 
   21     75.00000            0            0      0.00000 
   22     74.00000            0            0      0.00000 
   23     73.00000            0            0      0.00000 
   24     72.00000            0            0      0.00000 
   25     71.00000            0            0      0.00000 
   26     70.00000            0            0      0.00000 
   27     69.00000            0            0      0.00000 
   28     68.00000            0            0      0.00000 
   29     67.00000            0            0      0.00000 
   30     66.00000            0            0      0.00000 
   31     65.00000            0            0      0.00000 
   32     64.00000            0            0      0.00000 
   33     63.00000            0            0      0.00000 
   34     62.00000            0            0      0.00000 
   35     61.00000            0            0      0.00000 
   36     60.00000            0            0      0.00000 
   37     59.00000            0            0      0.00000 
   38     58.00000            1           95      0.02083 
   39     57.00000           86          326      0.41748 
   40     56.00000          214          450      0.62952 
   41     55.00000          369          618      0.72543 
   42     54.00000          506          774      0.76250 
   43     53.00000          634          877      0.80874 
   44     52.00000          769          959      0.85301 
   45     51.00000          856         1011      0.87949 
   46     50.00000          944         1052      0.90281 
   47     49.00000          985         1095      0.90385 
   48     48.00000         1047         1156      0.90876 
   49     47.00000         1086         1180      0.90468 
   50     46.00000         1091         1160      0.89294 
   51     45.00000         1073         1140      0.89200 
   52     44.00000         1015         1069      0.89060 
   53     43.00000          972         1013      0.87657 
   54     42.00000          885          900      0.87059 
   55     41.00000          842          796      0.83516 
   56     40.00000          797          677      0.79512 
   57     39.00000          713          521      0.73420 
   58     38.00000          646          348      0.62777 
   59     37.00000          602          261      0.59560 
   60     36.00000          609          287      0.62277 
   61     35.00000          607          304      0.64984 
   62     34.00000          575          302      0.66135 
   63     33.00000          512          295      0.67162 
   64     32.00000          534          362      0.80804 
   65     31.00000          623          429      0.81559 
   66     30.00000          716          494      0.81653 
   67     29.00000          794          548      0.81669 
   68     28.00000          858          595      0.81900 
   69     27.00000          920          640      0.82051 
   70     26.00000          972          716      0.84834 
   71     25.00000         1048          794      0.86211 
   72     24.00000         1095          847      0.87230 
   73     23.00000         1127          890      0.88250 
   74     22.00000         1193         1091      0.95096 
   75     21.00000         1280         1247      0.96795 
   76     20.00000         1361         1358      0.97315 
   77     19.00000         1434         1437      0.97109 
   78     18.00000         1501         1504      0.96972 
   79     17.00000         1556         1561      0.96952 
   80     16.00000         1576         1586      0.96458 
   81     15.00000         1613         1633      0.96303 
   82     14.00000         1637         1669      0.96189 
   83     13.00000         1642         1688      0.95976 
   84     12.00000         1624         1693      0.95629 
   85     11.00000         1589         1674      0.95434 
   86     10.00000         1575         1666      0.95588 
   87      9.00000         1585         1670      0.95545 
   88      8.00000         1616         1694      0.95529 
   89      7.00000         1661         1733      0.95463 
   90      6.00000         1678         1750      0.95391 
   91      5.00000         1692         1764      0.95255 
   92      4.00000         1670         1748      0.95260 
   93      3.00000         1655         1734      0.95367 
   94      2.00000         1620         1704      0.95427 
   95      1.00000         1589         1684      0.95570 
   96      0.00000         1588         1679      0.95562 
   97     -1.00000         1577         1691      0.95349 
   98     -2.00000         1585         1710      0.95417 
   99     -3.00000         1571         1717      0.95134 
  100     -4.00000         1559         1720      0.94846 
  101     -5.00000         1536         1710      0.94578 
  102     -6.00000         1492         1681      0.94043 
  103     -7.00000         1450         1639      0.93882 
  104     -8.00000         1433         1618      0.93936 
  105     -9.00000         1421         1608      0.93826 
  106    -10.00000         1404         1584      0.93240 
  107    -11.00000         1436         1596      0.93140 
  108    -12.00000         1495         1630      0.93376 
  109    -13.00000         1518         1628      0.93643 
  110    -14.00000         1517         1620      0.94039 
  111    -15.00000         1530         1620      0.94222 
  112    -16.00000         1514         1595      0.94243 
  113    -17.00000         1510         1572      0.93770 
  114    -18.00000         1467         1513      0.93624 
  115    -19.00000         1418         1455      0.93700 
  116    -20.00000         1368         1381      0.93416 
  117    -21.00000         1285         1283      0.93302 
  118    -22.00000         1182         1159      0.93977 
  119    -23.00000         1060         1069      0.92532 
  120    -24.00000         1013         1034      0.92721 
  121    -25.00000          949          982      0.93216 
  122    -26.00000          876          913      0.93907 
  123    -27.00000          819          860      0.94580 
  124    -28.00000          760          824      0.92803 
  125    -29.00000          697          809      0.89243 
  126    -30.00000          617          770      0.85364 
  127    -31.00000          524          700      0.81209 
  128    -32.00000          466          639      0.75656 
  129    -33.00000          421          595      0.61417 
  130    -34.00000          376          621      0.53962 
  131    -35.00000          329          632      0.45578 
  132    -36.00000          264          615      0.36860 
  133    -37.00000          200          593      0.26230 
  134    -38.00000          172          649      0.22899 
  135    -39.00000          166          728      0.26398 
  136    -40.00000          164          806      0.30309 
  137    -41.00000          180          859      0.34649 
  138    -42.00000          215          906      0.38359 
  139    -43.00000          252          942      0.42211 
  140    -44.00000          265          935      0.44167 
  141    -45.00000          276          928      0.45847 
  142    -46.00000          268          876      0.46853 
  143    -47.00000          258          830      0.47426 
  144    -48.00000          239          768      0.47468 
  145    -49.00000          205          693      0.45657 
  146    -50.00000          167          606      0.43208 
  147    -51.00000          125          492      0.40519 
  148    -52.00000           98          383      0.40748 
  149    -53.00000           64          252      0.40506 
  150    -54.00000           40          161      0.39801 
  151    -55.00000            7           63      0.20000 
  152    -56.00000            0           20      0.00000 
  153    -57.00000            0            0      0.00000 
  154    -58.00000            0            0      0.00000 
  155    -59.00000            0            0      0.00000 
  156    -60.00000            0            0      0.00000 
  157    -61.00000            0            0      0.00000 
  158    -62.00000            0            0      0.00000 
  159    -63.00000            0            0      0.00000 
  160    -64.00000            0            0      0.00000 
  161    -65.00000            0            0      0.00000 
  162    -66.00000            0            0      0.00000 
  163    -67.00000            0            0      0.00000 
  164    -68.00000            0            0      0.00000 
  165    -69.00000            0            0      0.00000 
  166    -70.00000            0            0      0.00000 
  167    -71.00000            0            0      0.00000 
  168    -72.00000            0            0      0.00000 
  169    -73.00000            0            0      0.00000 
  170    -74.00000            0            0      0.00000 
  171    -75.00000            0            0      0.00000 
  172    -76.00000            0            0      0.00000 
  173    -77.00000            0            0      0.00000 
  174    -78.00000            0            0      0.00000 
  175    -79.00000            0            0      0.00000 
  176    -80.00000            0            0      0.00000 
  177    -81.00000            0            0      0.00000 
  178    -82.00000            0            0      0.00000 
  179    -83.00000            0            0      0.00000 
  180    -84.00000            0            0      0.00000 
  181    -85.00000            0            0      0.00000 
  182    -86.00000            0            0      0.00000 
  183    -87.00000            0            0      0.00000 
  184    -88.00000            0            0      0.00000 
  185    -89.00000            0            0      0.00000 
  186    -90.00000            0            0      0.00000 
  187    -91.00000            0            0      0.00000 
  188    -92.00000            0            0      0.00000 
  189    -93.00000            0            0      0.00000 
  190    -94.00000            0            0      0.00000 
  191    -95.00000            0            0      0.00000 
  192    -96.00000            0            0      0.00000 
  193    -97.00000            0            0      0.00000 
  194    -98.00000            0            0      0.00000 
