# 3dSliceNDice -insetA 6m_2min_m4_binary+orig -insetB 6m_4min_m4_binary+orig -prefix 6m_2min_4min_m4
    0    134.00000            0            0      0.00000 
    1    133.00000            0            0      0.00000 
    2    132.00000            0            0      0.00000 
    3    131.00000            0            0      0.00000 
    4    130.00000            0            0      0.00000 
    5    129.00000            0            0      0.00000 
    6    128.00000            0            0      0.00000 
    7    127.00000            0            0      0.00000 
    8    126.00000            0            0      0.00000 
    9    125.00000            0            0      0.00000 
   10    124.00000            0            0      0.00000 
   11    123.00000            0            0      0.00000 
   12    122.00000            0            0      0.00000 
   13    121.00000            0            0      0.00000 
   14    120.00000            0            0      0.00000 
   15    119.00000            0            0      0.00000 
   16    118.00000            0            0      0.00000 
   17    117.00000            0            0      0.00000 
   18    116.00000            0            0      0.00000 
   19    115.00000            0            0      0.00000 
   20    114.00000            0            0      0.00000 
   21    113.00000            0            0      0.00000 
   22    112.00000            0            0      0.00000 
   23    111.00000            0            0      0.00000 
   24    110.00000            0            0      0.00000 
   25    109.00000            0            0      0.00000 
   26    108.00000            0            0      0.00000 
   27    107.00000            0            0      0.00000 
   28    106.00000            0            0      0.00000 
   29    105.00000            0            0      0.00000 
   30    104.00000            0            0      0.00000 
   31    103.00000            0            0      0.00000 
   32    102.00000            0            0      0.00000 
   33    101.00000            0            0      0.00000 
   34    100.00000            0            0      0.00000 
   35     99.00000            0            0      0.00000 
   36     98.00000            0            0      0.00000 
   37     97.00000            0            0      0.00000 
   38     96.00000            0            0      0.00000 
   39     95.00000            0            0      0.00000 
   40     94.00000            0            0      0.00000 
   41     93.00000            0            0      0.00000 
   42     92.00000            0            0      0.00000 
   43     91.00000            0            0      0.00000 
   44     90.00000            0            0      0.00000 
   45     89.00000            0            0      0.00000 
   46     88.00000            0            0      0.00000 
   47     87.00000            0            0      0.00000 
   48     86.00000            0            0      0.00000 
   49     85.00000            0            0      0.00000 
   50     84.00000            6            6      1.00000 
   51     83.00000          114          122      0.96610 
   52     82.00000          213          244      0.93217 
   53     81.00000          295          355      0.90769 
   54     80.00000          385          489      0.88101 
   55     79.00000          469          614      0.86611 
   56     78.00000          568          733      0.87317 
   57     77.00000          653          842      0.87358 
   58     76.00000          747          969      0.87063 
   59     75.00000          815         1041      0.87823 
   60     74.00000          877         1125      0.87612 
   61     73.00000          929         1179      0.88140 
   62     72.00000          980         1247      0.88011 
   63     71.00000         1033         1360      0.86335 
   64     70.00000         1179         1508      0.87756 
   65     69.00000         1248         1607      0.87426 
   66     68.00000         1294         1674      0.87197 
   67     67.00000         1297         1734      0.85582 
   68     66.00000         1285         1846      0.82082 
   69     65.00000         1239         1935      0.78072 
   70     64.00000         1171         1980      0.74326 
   71     63.00000         1111         2026      0.70832 
   72     62.00000         1064         2049      0.68358 
   73     61.00000         1060         2056      0.68036 
   74     60.00000         1037         2058      0.67011 
   75     59.00000          966         1998      0.65182 
   76     58.00000          884         1966      0.62035 
   77     57.00000          752         1918      0.56330 
   78     56.00000          754         1906      0.56692 
   79     55.00000          761         1894      0.57326 
   80     54.00000          735         1823      0.57467 
   81     53.00000          715         1740      0.58167 
   82     52.00000          793         1673      0.60584 
   83     51.00000          847         1613      0.62927 
   84     50.00000          897         1530      0.65760 
   85     49.00000          924         1386      0.69351 
   86     48.00000          949         1185      0.76007 
   87     47.00000         1029         1073      0.87916 
   88     46.00000         1113         1219      0.87307 
   89     45.00000         1202         1343      0.87073 
   90     44.00000         1274         1437      0.87422 
   91     43.00000         1332         1519      0.87127 
   92     42.00000         1459         1580      0.88319 
   93     41.00000         1604         1627      0.89322 
   94     40.00000         1726         1687      0.90419 
   95     39.00000         1814         1736      0.91211 
   96     38.00000         1874         1778      0.92442 
   97     37.00000         2050         1957      0.93287 
   98     36.00000         2248         2156      0.92280 
   99     35.00000         2405         2299      0.91667 
  100     34.00000         2509         2395      0.90946 
  101     33.00000         2608         2472      0.90433 
  102     32.00000         2691         2630      0.91674 
  103     31.00000         2731         2740      0.92926 
  104     30.00000         2822         2857      0.93819 
  105     29.00000         2858         2933      0.93628 
  106     28.00000         2887         3017      0.93259 
  107     27.00000         2891         3074      0.92640 
  108     26.00000         2856         3096      0.91902 
  109     25.00000         2830         3110      0.90673 
  110     24.00000         2709         3065      0.88223 
  111     23.00000         2586         3039      0.85191 
  112     22.00000         2473         2964      0.83171 
  113     21.00000         2413         2879      0.82729 
  114     20.00000         2338         2750      0.82272 
  115     19.00000         2228         2569      0.82593 
  116     18.00000         2085         2366      0.83532 
  117     17.00000         1907         2154      0.84659 
  118     16.00000         1859         2088      0.86040 
  119     15.00000         1795         1994      0.87569 
  120     14.00000         1736         1871      0.88938 
  121     13.00000         1679         1686      0.91649 
  122     12.00000         1629         1474      0.95005 
  123     11.00000         1611         1441      0.94430 
  124     10.00000         1579         1392      0.93706 
  125      9.00000         1573         1340      0.92001 
  126      8.00000         1572         1324      0.91436 
  127      7.00000         1552         1280      0.90395 
  128      6.00000         1531         1246      0.89737 
  129      5.00000         1512         1222      0.89393 
  130      4.00000         1477         1194      0.89405 
  131      3.00000         1475         1179      0.88847 
  132      2.00000         1454         1156      0.88582 
  133      1.00000         1438         1136      0.88267 
  134      0.00000         1431         1131      0.88290 
  135     -1.00000         1395         1094      0.87907 
  136     -2.00000         1358         1051      0.87256 
  137     -3.00000         1339         1009      0.85945 
  138     -4.00000         1326          977      0.84846 
  139     -5.00000         1299          947      0.84328 
  140     -6.00000         1250          892      0.83287 
  141     -7.00000         1218          846      0.81977 
  142     -8.00000         1176          805      0.81272 
  143     -9.00000         1135          764      0.80463 
  144    -10.00000         1083          718      0.79733 
  145    -11.00000         1019          692      0.80888 
  146    -12.00000          969          694      0.83464 
  147    -13.00000          911          686      0.85911 
  148    -14.00000          869          685      0.88160 
  149    -15.00000          806          662      0.90191 
  150    -16.00000          732          631      0.92590 
  151    -17.00000          684          613      0.94526 
  152    -18.00000          638          573      0.94633 
  153    -19.00000          580          525      0.95023 
  154    -20.00000          524          480      0.95618 
  155    -21.00000          441          404      0.95621 
  156    -22.00000          367          329      0.94540 
  157    -23.00000          286          241      0.91461 
  158    -24.00000          247          200      0.89485 
  159    -25.00000          207          157      0.86264 
  160    -26.00000          152           97      0.77912 
  161    -27.00000          110           44      0.57143 
  162    -28.00000           81            0      0.00000 
  163    -29.00000           64            0      0.00000 
  164    -30.00000           38            0      0.00000 
  165    -31.00000           21            0      0.00000 
  166    -32.00000            5            0      0.00000 
  167    -33.00000            0            0      0.00000 
  168    -34.00000            0            0      0.00000 
  169    -35.00000            0            0      0.00000 
  170    -36.00000            0            0      0.00000 
  171    -37.00000            0            0      0.00000 
  172    -38.00000            0            0      0.00000 
  173    -39.00000            0            0      0.00000 
  174    -40.00000            0            0      0.00000 
  175    -41.00000            0            0      0.00000 
  176    -42.00000            0            0      0.00000 
  177    -43.00000            0            0      0.00000 
  178    -44.00000            0            0      0.00000 
  179    -45.00000            0            0      0.00000 
  180    -46.00000            0            0      0.00000 
  181    -47.00000            0            0      0.00000 
  182    -48.00000            0            0      0.00000 
  183    -49.00000            0            0      0.00000 
  184    -50.00000            0            0      0.00000 
  185    -51.00000            0            0      0.00000 
  186    -52.00000            0            0      0.00000 
  187    -53.00000            0            0      0.00000 
  188    -54.00000            0            0      0.00000 
  189    -55.00000            0            0      0.00000 
  190    -56.00000            0            0      0.00000 
  191    -57.00000            0            0      0.00000 
  192    -58.00000            0            0      0.00000 
  193    -59.00000            0            0      0.00000 
  194    -60.00000            0            0      0.00000 
  195    -61.00000            0            0      0.00000 
  196    -62.00000            0            0      0.00000 
  197    -63.00000            0            0      0.00000 
  198    -64.00000            0            0      0.00000 
  199    -65.00000            0            0      0.00000 
  200    -66.00000            0            0      0.00000 
  201    -67.00000            0            0      0.00000 
  202    -68.00000            0            0      0.00000 
  203    -69.00000            0            0      0.00000 
  204    -70.00000            0            0      0.00000 
  205    -71.00000            0            0      0.00000 
  206    -72.00000            0            0      0.00000 
  207    -73.00000            0            0      0.00000 
  208    -74.00000            0            0      0.00000 
  209    -75.00000            0            0      0.00000 
  210    -76.00000            0            0      0.00000 
  211    -77.00000            0            0      0.00000 
  212    -78.00000            0            0      0.00000 
  213    -79.00000            0            0      0.00000 
  214    -80.00000            0            0      0.00000 
  215    -81.00000            0            0      0.00000 
  216    -82.00000            0            0      0.00000 
  217    -83.00000            0            0      0.00000 
  218    -84.00000            0            0      0.00000 
  219    -85.00000            0            0      0.00000 
  220    -86.00000            0            0      0.00000 
  221    -87.00000            0            0      0.00000 
  222    -88.00000            0            0      0.00000 
  223    -89.00000            0            0      0.00000 
  224    -90.00000            0            0      0.00000 
  225    -91.00000            0            0      0.00000 
  226    -92.00000            0            0      0.00000 
  227    -93.00000            0            0      0.00000 
  228    -94.00000            0            0      0.00000 
  229    -95.00000            0            0      0.00000 
  230    -96.00000            0            0      0.00000 
  231    -97.00000            0            0      0.00000 
  232    -98.00000            0            0      0.00000 
