# 3dSliceNDice -insetA 6m_2min_m4_binary+orig -insetB 6m_3min_m4_binary+orig -prefix 6m_2min_3min_m4
    0     96.00000            0            0      0.00000 
    1     95.00000            0            0      0.00000 
    2     94.00000            0            0      0.00000 
    3     93.00000            0            0      0.00000 
    4     92.00000            0            0      0.00000 
    5     91.00000            0            0      0.00000 
    6     90.00000            0            0      0.00000 
    7     89.00000            0            0      0.00000 
    8     88.00000            0            0      0.00000 
    9     87.00000            0            0      0.00000 
   10     86.00000            0            0      0.00000 
   11     85.00000            0            0      0.00000 
   12     84.00000            0            0      0.00000 
   13     83.00000            0            0      0.00000 
   14     82.00000            0            0      0.00000 
   15     81.00000            0            0      0.00000 
   16     80.00000            0            0      0.00000 
   17     79.00000            0            0      0.00000 
   18     78.00000            0            0      0.00000 
   19     77.00000            0            0      0.00000 
   20     76.00000            0            0      0.00000 
   21     75.00000            0            0      0.00000 
   22     74.00000            0            0      0.00000 
   23     73.00000            0            0      0.00000 
   24     72.00000            0            0      0.00000 
   25     71.00000            0            0      0.00000 
   26     70.00000            0            0      0.00000 
   27     69.00000            0            0      0.00000 
   28     68.00000            0            0      0.00000 
   29     67.00000            0            0      0.00000 
   30     66.00000            0            0      0.00000 
   31     65.00000            0            0      0.00000 
   32     64.00000            0            0      0.00000 
   33     63.00000            0            0      0.00000 
   34     62.00000            0            0      0.00000 
   35     61.00000            0            0      0.00000 
   36     60.00000            0            0      0.00000 
   37     59.00000            0            0      0.00000 
   38     58.00000            0            0      0.00000 
   39     57.00000            0            0      0.00000 
   40     56.00000            0            0      0.00000 
   41     55.00000            0            9      0.00000 
   42     54.00000           14           32      0.60870 
   43     53.00000           44           79      0.71545 
   44     52.00000           87          138      0.77333 
   45     51.00000          123          190      0.78594 
   46     50.00000          160          248      0.78431 
   47     49.00000          184          295      0.76827 
   48     48.00000          201          334      0.75140 
   49     47.00000          211          371      0.72509 
   50     46.00000          215          394      0.70608 
   51     45.00000          231          418      0.71186 
   52     44.00000          242          426      0.72455 
   53     43.00000          261          469      0.71507 
   54     42.00000          285          504      0.72243 
   55     41.00000          310          543      0.72685 
   56     40.00000          318          550      0.73272 
   57     39.00000          308          540      0.72642 
   58     38.00000          316          538      0.74005 
   59     37.00000          316          511      0.76421 
   60     36.00000          308          483      0.77876 
   61     35.00000          300          451      0.79893 
   62     34.00000          276          395      0.82265 
   63     33.00000          256          351      0.84349 
   64     32.00000          216          296      0.84375 
   65     31.00000          180          254      0.82949 
   66     30.00000          140          204      0.81395 
   67     29.00000           88          138      0.77876 
   68     28.00000           32           60      0.69565 
   69     27.00000           79            0      0.00000 
   70     26.00000          154            0      0.00000 
   71     25.00000          211            0      0.00000 
   72     24.00000          262            0      0.00000 
   73     23.00000          301            0      0.00000 
   74     22.00000          926          758      0.83729 
   75     21.00000         1167         1026      0.87551 
   76     20.00000         1330         1178      0.88596 
   77     19.00000         1449         1284      0.89206 
   78     18.00000         1534         1366      0.89724 
   79     17.00000         1649         1603      0.89791 
   80     16.00000         1738         1819      0.89064 
   81     15.00000         1858         2006      0.88458 
   82     14.00000         1932         2130      0.88035 
   83     13.00000         1996         2230      0.87601 
   84     12.00000         2259         2467      0.87854 
   85     11.00000         2465         2678      0.87614 
   86     10.00000         2633         2904      0.87340 
   87      9.00000         2750         3058      0.87052 
   88      8.00000         2825         3174      0.86581 
   89      7.00000         2977         3470      0.88785 
   90      6.00000         3056         3583      0.89140 
   91      5.00000         3143         3647      0.89602 
   92      4.00000         3176         3628      0.90241 
   93      3.00000         3151         3569      0.90595 
   94      2.00000         3147         3544      0.90719 
   95      1.00000         3045         3364      0.91465 
   96      0.00000         2955         3202      0.92318 
   97     -1.00000         3026         3244      0.92982 
   98     -2.00000         3195         3424      0.93368 
   99     -3.00000         3386         3598      0.94015 
  100     -4.00000         3494         3687      0.94416 
  101     -5.00000         3579         3751      0.94898 
  102     -6.00000         3602         3728      0.95307 
  103     -7.00000         3649         3672      0.95725 
  104     -8.00000         3626         3538      0.95980 
  105     -9.00000         3565         3474      0.95440 
  106    -10.00000         3492         3387      0.94694 
  107    -11.00000         3364         3252      0.93229 
  108    -12.00000         3162         3009      0.91330 
  109    -13.00000         2798         2297      0.81923 
  110    -14.00000         2646         2193      0.81628 
  111    -15.00000         2455         2071      0.81485 
  112    -16.00000         2181         1883      0.81890 
  113    -17.00000         1891         1668      0.83394 
  114    -18.00000         1532         1414      0.83096 
  115    -19.00000         1443         1369      0.81721 
  116    -20.00000         1334         1296      0.80152 
  117    -21.00000         1161         1162      0.77916 
  118    -22.00000          977         1015      0.75402 
  119    -23.00000          911          968      0.71953 
  120    -24.00000         1001         1053      0.73905 
  121    -25.00000         1036         1100      0.73970 
  122    -26.00000         1020         1125      0.73660 
  123    -27.00000          984         1142      0.73565 
  124    -28.00000         1015         1220      0.71678 
  125    -29.00000         1030         1300      0.69442 
  126    -30.00000         1056         1385      0.67759 
  127    -31.00000         1025         1416      0.65875 
  128    -32.00000          980         1410      0.64268 
  129    -33.00000          945         1428      0.63127 
  130    -34.00000          931         1499      0.62222 
  131    -35.00000          934         1567      0.62135 
  132    -36.00000          916         1568      0.62641 
  133    -37.00000          916         1585      0.63814 
  134    -38.00000          910         1553      0.66261 
  135    -39.00000          914         1523      0.68855 
  136    -40.00000          898         1504      0.69942 
  137    -41.00000          818         1444      0.69054 
  138    -42.00000          760         1390      0.68558 
  139    -43.00000          780         1416      0.68124 
  140    -44.00000          797         1432      0.68371 
  141    -45.00000          823         1459      0.68624 
  142    -46.00000          833         1443      0.69508 
  143    -47.00000          844         1425      0.70516 
  144    -48.00000          831         1393      0.70594 
  145    -49.00000          794         1307      0.71014 
  146    -50.00000          754         1218      0.71400 
  147    -51.00000          678         1087      0.71161 
  148    -52.00000          616          979      0.71975 
  149    -53.00000          538          847      0.73357 
  150    -54.00000          448          723      0.73100 
  151    -55.00000          364          646      0.69703 
  152    -56.00000          250          516      0.64491 
  153    -57.00000          130          372      0.51793 
  154    -58.00000            3           61      0.09375 
  155    -59.00000            0            0      0.00000 
  156    -60.00000            0            0      0.00000 
  157    -61.00000            0            0      0.00000 
  158    -62.00000            0            0      0.00000 
  159    -63.00000            0            0      0.00000 
  160    -64.00000            0            0      0.00000 
  161    -65.00000            0            0      0.00000 
  162    -66.00000            0            0      0.00000 
  163    -67.00000            0            0      0.00000 
  164    -68.00000            0            0      0.00000 
  165    -69.00000            0            0      0.00000 
  166    -70.00000            0            0      0.00000 
  167    -71.00000            0            0      0.00000 
  168    -72.00000            0            0      0.00000 
  169    -73.00000            0            0      0.00000 
  170    -74.00000            0            0      0.00000 
  171    -75.00000            0            0      0.00000 
  172    -76.00000            0            0      0.00000 
  173    -77.00000            0            0      0.00000 
  174    -78.00000            0            0      0.00000 
  175    -79.00000            0            0      0.00000 
  176    -80.00000            0            0      0.00000 
  177    -81.00000            0            0      0.00000 
  178    -82.00000            0            0      0.00000 
  179    -83.00000            0            0      0.00000 
  180    -84.00000            0            0      0.00000 
  181    -85.00000            0            0      0.00000 
  182    -86.00000            0            0      0.00000 
  183    -87.00000            0            0      0.00000 
  184    -88.00000            0            0      0.00000 
  185    -89.00000            0            0      0.00000 
  186    -90.00000            0            0      0.00000 
  187    -91.00000            0            0      0.00000 
  188    -92.00000            0            0      0.00000 
  189    -93.00000            0            0      0.00000 
  190    -94.00000            0            0      0.00000 
  191    -95.00000            0            0      0.00000 
  192    -96.00000            0            0      0.00000 
  193    -97.00000            0            0      0.00000 
  194    -98.00000            0            0      0.00000 
