# 3dSliceNDice -insetA 6m_2min_m4_binary+orig -insetB 6m_5min_m4_binary+orig -prefix 6m_2min_5min_m4
    0    -72.00000            0            0      0.00000 
    1    -71.00000            0            0      0.00000 
    2    -70.00000            0            0      0.00000 
    3    -69.00000            0            0      0.00000 
    4    -68.00000            0            0      0.00000 
    5    -67.00000            0            0      0.00000 
    6    -66.00000            0            0      0.00000 
    7    -65.00000            0            0      0.00000 
    8    -64.00000            0            0      0.00000 
    9    -63.00000            0            0      0.00000 
   10    -62.00000            0            0      0.00000 
   11    -61.00000            0            0      0.00000 
   12    -60.00000            0            0      0.00000 
   13    -59.00000            0            0      0.00000 
   14    -58.00000            0            0      0.00000 
   15    -57.00000            0            0      0.00000 
   16    -56.00000            0            0      0.00000 
   17    -55.00000            0            0      0.00000 
   18    -54.00000            0            0      0.00000 
   19    -53.00000            0            0      0.00000 
   20    -52.00000            0            0      0.00000 
   21    -51.00000            0            0      0.00000 
   22    -50.00000            0            0      0.00000 
   23    -49.00000            0            0      0.00000 
   24    -48.00000            0            0      0.00000 
   25    -47.00000            0            0      0.00000 
   26    -46.00000            0            0      0.00000 
   27    -45.00000            0            0      0.00000 
   28    -44.00000            0            0      0.00000 
   29    -43.00000            0            0      0.00000 
   30    -42.00000            0            0      0.00000 
   31    -41.00000            0            0      0.00000 
   32    -40.00000            0            0      0.00000 
   33    -39.00000            0            0      0.00000 
   34    -38.00000            0            0      0.00000 
   35    -37.00000            0           64      0.00000 
   36    -36.00000           13          149      0.16049 
   37    -35.00000           35          217      0.27778 
   38    -34.00000           63          277      0.37059 
   39    -33.00000           89          338      0.41686 
   40    -32.00000          337          696      0.65247 
   41    -31.00000          528          912      0.73333 
   42    -30.00000          674         1098      0.76072 
   43    -29.00000          825         1301      0.77611 
   44    -28.00000          960         1457      0.79437 
   45    -27.00000         1133         1620      0.82310 
   46    -26.00000         1270         1756      0.83939 
   47    -25.00000         1426         1935      0.84856 
   48    -24.00000         1540         2079      0.85106 
   49    -23.00000         1644         2216      0.85181 
   50    -22.00000         1806         2432      0.85229 
   51    -21.00000         1963         2633      0.85422 
   52    -20.00000         2135         2858      0.85520 
   53    -19.00000         2249         3027      0.85254 
   54    -18.00000         2349         3141      0.85574 
   55    -17.00000         2382         3202      0.85315 
   56    -16.00000         2374         3215      0.84953 
   57    -15.00000         2328         3208      0.84104 
   58    -14.00000         2205         3136      0.82569 
   59    -13.00000         2085         3107      0.80316 
   60    -12.00000         1916         2972      0.78396 
   61    -11.00000         1783         2843      0.77086 
   62    -10.00000         1611         2660      0.75439 
   63     -9.00000         1383         2401      0.73097 
   64     -8.00000         1040         2059      0.67118 
   65     -7.00000          668         1501      0.61595 
   66     -6.00000          665         1423      0.63697 
   67     -5.00000          663         1322      0.66801 
   68     -4.00000          648         1201      0.70092 
   69     -3.00000          633         1055      0.75000 
   70     -2.00000          600          923      0.78792 
   71     -1.00000          570          910      0.77027 
   72      0.00000          537          895      0.75000 
   73      1.00000          487          852      0.72741 
   74      2.00000          455          824      0.71149 
   75      3.00000          406          809      0.66831 
   76      4.00000          367          842      0.60711 
   77      5.00000          319          839      0.55095 
   78      6.00000          248          795      0.47555 
   79      7.00000          140          728      0.32258 
   80      8.00000          428          852      0.14375 
   81      9.00000          673         1063      0.26037 
   82     10.00000          831         1205      0.31827 
   83     11.00000          946         1277      0.35448 
   84     12.00000         1036         1279      0.39050 
   85     13.00000         1173         1369      0.48702 
   86     14.00000         1310         1552      0.58421 
   87     15.00000         1469         1730      0.65020 
   88     16.00000         1581         1847      0.69428 
   89     17.00000         1684         1934      0.72416 
   90     18.00000         1800         2035      0.76089 
   91     19.00000         1886         2077      0.78022 
   92     20.00000         2000         2165      0.80192 
   93     21.00000         2070         2182      0.81232 
   94     22.00000         2143         2199      0.81806 
   95     23.00000         2209         2197      0.82478 
   96     24.00000         2229         2198      0.83307 
   97     25.00000         2278         2215      0.84487 
   98     26.00000         2293         2201      0.85803 
   99     27.00000         2304         2163      0.87038 
  100     28.00000         2285         2171      0.87253 
  101     29.00000         2245         2265      0.85676 
  102     30.00000         2250         2368      0.83932 
  103     31.00000         2240         2454      0.83085 
  104     32.00000         2250         2546      0.82152 
  105     33.00000         2327         2705      0.80644 
  106     34.00000         2420         2823      0.80450 
  107     35.00000         2526         2958      0.80780 
  108     36.00000         2600         2993      0.81602 
  109     37.00000         2674         2992      0.82457 
  110     38.00000         2776         3023      0.83325 
  111     39.00000         2808         3017      0.84086 
  112     40.00000         2887         3024      0.84588 
  113     41.00000         2910         2971      0.85666 
  114     42.00000         2936         2928      0.86664 
  115     43.00000         2931         2817      0.87857 
  116     44.00000         2832         2655      0.88828 
  117     45.00000         2784         2528      0.89119 
  118     46.00000         2696         2368      0.89731 
  119     47.00000         2606         2239      0.89907 
  120     48.00000         2449         2050      0.89042 
  121     49.00000         2276         1855      0.87872 
  122     50.00000         2158         1704      0.86846 
  123     51.00000         2062         1588      0.86630 
  124     52.00000         1905         1485      0.87611 
  125     53.00000         1678         1367      0.89787 
  126     54.00000         1358         1188      0.93323 
  127     55.00000         1044          961      0.95860 
  128     56.00000          650          602      0.96166 
  129     57.00000          307          294      0.97837 
  130     58.00000           66           66      1.00000 
  131     59.00000            0            0      0.00000 
  132     60.00000            0            0      0.00000 
  133     61.00000            0            0      0.00000 
  134     62.00000            0            0      0.00000 
  135     63.00000            0            0      0.00000 
  136     64.00000            0            0      0.00000 
  137     65.00000            0            0      0.00000 
  138     66.00000            0            0      0.00000 
  139     67.00000            0            0      0.00000 
  140     68.00000            0            0      0.00000 
  141     69.00000            0            0      0.00000 
  142     70.00000            0            0      0.00000 
  143     71.00000            0            0      0.00000 
  144     72.00000            0            0      0.00000 
  145     73.00000            0            0      0.00000 
  146     74.00000            0            0      0.00000 
  147     75.00000            0            0      0.00000 
  148     76.00000            0            0      0.00000 
  149     77.00000            0            0      0.00000 
  150     78.00000            0            0      0.00000 
  151     79.00000            0            0      0.00000 
  152     80.00000            0            0      0.00000 
  153     81.00000            0            0      0.00000 
  154     82.00000            0            0      0.00000 
  155     83.00000            0            0      0.00000 
  156     84.00000            0            0      0.00000 
  157     85.00000            0            0      0.00000 
  158     86.00000            0            0      0.00000 
