# 3dSliceNDice -insetA 6m_2min_m5_binary+orig -insetB 6m_3min_m5_binary+orig -prefix 6m_2min_3min_m5
    0    134.00000            0            0      0.00000 
    1    133.00000            0            0      0.00000 
    2    132.00000            0            0      0.00000 
    3    131.00000            0            0      0.00000 
    4    130.00000            0            0      0.00000 
    5    129.00000            0            0      0.00000 
    6    128.00000            0            0      0.00000 
    7    127.00000            0            0      0.00000 
    8    126.00000            0            0      0.00000 
    9    125.00000            0            0      0.00000 
   10    124.00000            0            0      0.00000 
   11    123.00000            0            0      0.00000 
   12    122.00000            0            0      0.00000 
   13    121.00000            0            0      0.00000 
   14    120.00000            0            0      0.00000 
   15    119.00000            0            0      0.00000 
   16    118.00000            0            0      0.00000 
   17    117.00000            0            0      0.00000 
   18    116.00000            0            0      0.00000 
   19    115.00000            0            0      0.00000 
   20    114.00000            0            0      0.00000 
   21    113.00000            0            0      0.00000 
   22    112.00000            0            0      0.00000 
   23    111.00000            0            0      0.00000 
   24    110.00000            0            0      0.00000 
   25    109.00000            0            0      0.00000 
   26    108.00000            0            0      0.00000 
   27    107.00000            0            0      0.00000 
   28    106.00000            0            0      0.00000 
   29    105.00000            0            0      0.00000 
   30    104.00000            0            0      0.00000 
   31    103.00000            0            0      0.00000 
   32    102.00000            0            0      0.00000 
   33    101.00000            0            0      0.00000 
   34    100.00000            0            0      0.00000 
   35     99.00000            0            0      0.00000 
   36     98.00000            0            0      0.00000 
   37     97.00000            0            0      0.00000 
   38     96.00000            0            0      0.00000 
   39     95.00000            0            0      0.00000 
   40     94.00000            0            0      0.00000 
   41     93.00000            0            0      0.00000 
   42     92.00000            0            0      0.00000 
   43     91.00000            0            0      0.00000 
   44     90.00000            0            0      0.00000 
   45     89.00000            0            0      0.00000 
   46     88.00000            0            0      0.00000 
   47     87.00000            0            0      0.00000 
   48     86.00000            0            0      0.00000 
   49     85.00000            0            0      0.00000 
   50     84.00000            0            0      0.00000 
   51     83.00000            0            0      0.00000 
   52     82.00000            0            0      0.00000 
   53     81.00000            0            0      0.00000 
   54     80.00000            0            0      0.00000 
   55     79.00000            0            0      0.00000 
   56     78.00000            0            0      0.00000 
   57     77.00000            0            0      0.00000 
   58     76.00000           25           25      1.00000 
   59     75.00000           83           83      1.00000 
   60     74.00000          141          141      1.00000 
   61     73.00000          199          199      1.00000 
   62     72.00000          275          297      0.96154 
   63     71.00000          330          382      0.92697 
   64     70.00000          404          472      0.92237 
   65     69.00000          452          534      0.91684 
   66     68.00000          495          588      0.91413 
   67     67.00000          539          640      0.91433 
   68     66.00000          603          699      0.92627 
   69     65.00000          684          783      0.93115 
   70     64.00000          757          855      0.93424 
   71     63.00000          819          917      0.93548 
   72     62.00000          883          974      0.93700 
   73     61.00000          917          995      0.93933 
   74     60.00000          970         1026      0.94589 
   75     59.00000         1010         1037      0.94480 
   76     58.00000         1052         1049      0.94050 
   77     57.00000         1391         1137      0.84256 
   78     56.00000         1670         1204      0.80028 
   79     55.00000         1862         1241      0.76958 
   80     54.00000         2007         1278      0.74825 
   81     53.00000         2114         1323      0.74367 
   82     52.00000         2215         1572      0.80539 
   83     51.00000         2276         1718      0.83676 
   84     50.00000         2352         1804      0.84552 
   85     49.00000         2397         1865      0.85124 
   86     48.00000         2456         1924      0.85342 
   87     47.00000         2518         2000      0.85923 
   88     46.00000         2539         2058      0.86665 
   89     45.00000         2584         2106      0.86652 
   90     44.00000         2578         2131      0.86643 
   91     43.00000         2580         2152      0.86475 
   92     42.00000         2516         2133      0.86513 
   93     41.00000         2448         2104      0.86599 
   94     40.00000         2380         2104      0.87244 
   95     39.00000         2251         2064      0.88667 
   96     38.00000         2134         2074      0.90827 
   97     37.00000         1989         2082      0.92606 
   98     36.00000         1926         2083      0.91793 
   99     35.00000         1858         2102      0.91313 
  100     34.00000         1767         2095      0.88814 
  101     33.00000         1665         2101      0.85502 
  102     32.00000         1881         2223      0.89084 
  103     31.00000         2083         2352      0.91725 
  104     30.00000         2211         2427      0.92411 
  105     29.00000         2285         2441      0.92425 
  106     28.00000         2299         2417      0.92451 
  107     27.00000         2349         2380      0.93043 
  108     26.00000         2378         2321      0.93850 
  109     25.00000         2449         2316      0.93977 
  110     24.00000         2446         2268      0.93551 
  111     23.00000         2441         2244      0.93234 
  112     22.00000         2469         2222      0.92304 
  113     21.00000         2470         2180      0.91097 
  114     20.00000         2453         2145      0.89909 
  115     19.00000         2393         2086      0.88725 
  116     18.00000         2368         2055      0.87588 
  117     17.00000         2348         2069      0.87209 
  118     16.00000         2310         2057      0.86879 
  119     15.00000         2292         2064      0.86501 
  120     14.00000         2271         2058      0.86764 
  121     13.00000         2256         2052      0.86815 
  122     12.00000         2213         2027      0.87028 
  123     11.00000         2149         1983      0.87270 
  124     10.00000         2083         1941      0.87475 
  125      9.00000         1984         1886      0.87804 
  126      8.00000         1950         1883      0.88390 
  127      7.00000         1868         1845      0.88985 
  128      6.00000         1793         1807      0.89611 
  129      5.00000         1711         1767      0.90339 
  130      4.00000         1618         1722      0.91557 
  131      3.00000         1517         1692      0.92116 
  132      2.00000         1411         1630      0.92075 
  133      1.00000         1361         1568      0.91977 
  134      0.00000         1306         1502      0.91595 
  135     -1.00000         1226         1404      0.90951 
  136     -2.00000         1185         1325      0.92032 
  137     -3.00000         1137         1270      0.92231 
  138     -4.00000         1091         1277      0.90709 
  139     -5.00000         1046         1273      0.89694 
  140     -6.00000          993         1230      0.88439 
  141     -7.00000          955         1229      0.86172 
  142     -8.00000          899         1212      0.83089 
  143     -9.00000          846         1170      0.80952 
  144    -10.00000          788         1135      0.78107 
  145    -11.00000          702         1058      0.75568 
  146    -12.00000          646          980      0.74416 
  147    -13.00000          574          901      0.73085 
  148    -14.00000          512          821      0.71568 
  149    -15.00000          435          738      0.68883 
  150    -16.00000          329          632      0.63892 
  151    -17.00000          172          543      0.46713 
  152    -18.00000            0          451      0.00000 
  153    -19.00000            0          382      0.00000 
  154    -20.00000            0          305      0.00000 
  155    -21.00000            0          203      0.00000 
  156    -22.00000            0           79      0.00000 
  157    -23.00000            0           60      0.00000 
  158    -24.00000            0          138      0.00000 
  159    -25.00000            0          204      0.00000 
  160    -26.00000            0          254      0.00000 
  161    -27.00000            0          296      0.00000 
  162    -28.00000           32          346      0.16931 
  163    -29.00000           88          370      0.38428 
  164    -30.00000          140          400      0.51852 
  165    -31.00000          180          414      0.60606 
  166    -32.00000          216          425      0.67395 
  167    -33.00000          256          421      0.75628 
  168    -34.00000          274          397      0.81669 
  169    -35.00000          293          401      0.84438 
  170    -36.00000          293          397      0.84928 
  171    -37.00000          291          397      0.84593 
  172    -38.00000          276          393      0.82511 
  173    -39.00000          259          379      0.81191 
  174    -40.00000          246          375      0.79227 
  175    -41.00000          236          355      0.79865 
  176    -42.00000          227          334      0.80927 
  177    -43.00000          208          303      0.81409 
  178    -44.00000          185          268      0.81678 
  179    -45.00000          149          224      0.79893 
  180    -46.00000          109          177      0.76224 
  181    -47.00000           89          151      0.74167 
  182    -48.00000           61          112      0.70520 
  183    -49.00000           34           71      0.64762 
  184    -50.00000            9           30      0.46154 
  185    -51.00000            0            4      0.00000 
  186    -52.00000            0            0      0.00000 
  187    -53.00000            0            0      0.00000 
  188    -54.00000            0            0      0.00000 
  189    -55.00000            0            0      0.00000 
  190    -56.00000            0            0      0.00000 
  191    -57.00000            0            0      0.00000 
  192    -58.00000            0            0      0.00000 
  193    -59.00000            0            0      0.00000 
  194    -60.00000            0            0      0.00000 
  195    -61.00000            0            0      0.00000 
  196    -62.00000            0            0      0.00000 
  197    -63.00000            0            0      0.00000 
  198    -64.00000            0            0      0.00000 
  199    -65.00000            0            0      0.00000 
  200    -66.00000            0            0      0.00000 
  201    -67.00000            0            0      0.00000 
  202    -68.00000            0            0      0.00000 
  203    -69.00000            0            0      0.00000 
  204    -70.00000            0            0      0.00000 
  205    -71.00000            0            0      0.00000 
  206    -72.00000            0            0      0.00000 
  207    -73.00000            0            0      0.00000 
  208    -74.00000            0            0      0.00000 
  209    -75.00000            0            0      0.00000 
  210    -76.00000            0            0      0.00000 
  211    -77.00000            0            0      0.00000 
  212    -78.00000            0            0      0.00000 
  213    -79.00000            0            0      0.00000 
  214    -80.00000            0            0      0.00000 
  215    -81.00000            0            0      0.00000 
  216    -82.00000            0            0      0.00000 
  217    -83.00000            0            0      0.00000 
  218    -84.00000            0            0      0.00000 
  219    -85.00000            0            0      0.00000 
  220    -86.00000            0            0      0.00000 
  221    -87.00000            0            0      0.00000 
  222    -88.00000            0            0      0.00000 
  223    -89.00000            0            0      0.00000 
  224    -90.00000            0            0      0.00000 
  225    -91.00000            0            0      0.00000 
  226    -92.00000            0            0      0.00000 
  227    -93.00000            0            0      0.00000 
  228    -94.00000            0            0      0.00000 
  229    -95.00000            0            0      0.00000 
  230    -96.00000            0            0      0.00000 
  231    -97.00000            0            0      0.00000 
  232    -98.00000            0            0      0.00000 
