# 3dSliceNDice -insetA 6m_2min_m2_binary+orig -insetB 6m_3min_m2_binary+orig -prefix 6m_2min_3min_m2
    0     96.00000            0            0      0.00000 
    1     95.00000            0            0      0.00000 
    2     94.00000            0            0      0.00000 
    3     93.00000            0            0      0.00000 
    4     92.00000            0            0      0.00000 
    5     91.00000            0            0      0.00000 
    6     90.00000            0            0      0.00000 
    7     89.00000            0            0      0.00000 
    8     88.00000            0            0      0.00000 
    9     87.00000            0            0      0.00000 
   10     86.00000            0            0      0.00000 
   11     85.00000            0            0      0.00000 
   12     84.00000            0            0      0.00000 
   13     83.00000            0            0      0.00000 
   14     82.00000            0            0      0.00000 
   15     81.00000            0            0      0.00000 
   16     80.00000            0            0      0.00000 
   17     79.00000            0            0      0.00000 
   18     78.00000            0            0      0.00000 
   19     77.00000            0            0      0.00000 
   20     76.00000            0            0      0.00000 
   21     75.00000            0            0      0.00000 
   22     74.00000            0            0      0.00000 
   23     73.00000            0            0      0.00000 
   24     72.00000            0            0      0.00000 
   25     71.00000            0            0      0.00000 
   26     70.00000            0            0      0.00000 
   27     69.00000            0            0      0.00000 
   28     68.00000            0            0      0.00000 
   29     67.00000            0            0      0.00000 
   30     66.00000            0            0      0.00000 
   31     65.00000            0            0      0.00000 
   32     64.00000            0            0      0.00000 
   33     63.00000            0            0      0.00000 
   34     62.00000            0            0      0.00000 
   35     61.00000            0            0      0.00000 
   36     60.00000            0            0      0.00000 
   37     59.00000            0            0      0.00000 
   38     58.00000            1           85      0.02326 
   39     57.00000           86          283      0.43902 
   40     56.00000          214          409      0.59711 
   41     55.00000          369          557      0.67603 
   42     54.00000          506          703      0.70306 
   43     53.00000          634          812      0.73721 
   44     52.00000          769          900      0.76812 
   45     51.00000          856          947      0.78869 
   46     50.00000          944          987      0.79855 
   47     49.00000          985         1022      0.80917 
   48     48.00000         1047         1074      0.82320 
   49     47.00000         1086         1102      0.83272 
   50     46.00000         1091         1103      0.83592 
   51     45.00000         1073         1088      0.83850 
   52     44.00000         1015         1024      0.84061 
   53     43.00000          972          979      0.83034 
   54     42.00000          885          883      0.82466 
   55     41.00000          842          796      0.79365 
   56     40.00000          797          715      0.76984 
   57     39.00000          713          610      0.73621 
   58     38.00000          646          500      0.68935 
   59     37.00000          602          452      0.71727 
   60     36.00000          609          469      0.73655 
   61     35.00000          607          476      0.75900 
   62     34.00000          575          459      0.77369 
   63     33.00000          512          421      0.79100 
   64     32.00000          534          435      0.89783 
   65     31.00000          623          509      0.89929 
   66     30.00000          716          588      0.90184 
   67     29.00000          794          655      0.90407 
   68     28.00000          858          713      0.90770 
   69     27.00000          920          803      0.90656 
   70     26.00000          972          923      0.90976 
   71     25.00000         1048         1038      0.90700 
   72     24.00000         1095         1113      0.90127 
   73     23.00000         1127         1170      0.89943 
   74     22.00000         1193         1249      0.91974 
   75     21.00000         1280         1327      0.94591 
   76     20.00000         1361         1387      0.95997 
   77     19.00000         1434         1442      0.96871 
   78     18.00000         1501         1486      0.97757 
   79     17.00000         1556         1526      0.98248 
   80     16.00000         1576         1533      0.98295 
   81     15.00000         1613         1566      0.98333 
   82     14.00000         1637         1593      0.98638 
   83     13.00000         1642         1604      0.98829 
   84     12.00000         1624         1598      0.99193 
   85     11.00000         1589         1580      0.99400 
   86     10.00000         1575         1583      0.99050 
   87      9.00000         1585         1600      0.98399 
   88      8.00000         1616         1637      0.97940 
   89      7.00000         1661         1693      0.97138 
   90      6.00000         1678         1716      0.96818 
   91      5.00000         1692         1741      0.96068 
   92      4.00000         1670         1719      0.95898 
   93      3.00000         1655         1704      0.95981 
   94      2.00000         1620         1669      0.95895 
   95      1.00000         1589         1638      0.95693 
   96      0.00000         1588         1637      0.95814 
   97     -1.00000         1577         1628      0.96349 
   98     -2.00000         1585         1636      0.96926 
   99     -3.00000         1571         1627      0.97373 
  100     -4.00000         1559         1618      0.97576 
  101     -5.00000         1536         1603      0.97674 
  102     -6.00000         1492         1562      0.97250 
  103     -7.00000         1450         1513      0.96996 
  104     -8.00000         1433         1481      0.97049 
  105     -9.00000         1421         1460      0.97050 
  106    -10.00000         1404         1420      0.96530 
  107    -11.00000         1436         1417      0.96250 
  108    -12.00000         1495         1429      0.94938 
  109    -13.00000         1518         1426      0.94361 
  110    -14.00000         1517         1422      0.94386 
  111    -15.00000         1530         1423      0.94209 
  112    -16.00000         1514         1403      0.94206 
  113    -17.00000         1510         1399      0.93640 
  114    -18.00000         1467         1359      0.93631 
  115    -19.00000         1418         1323      0.93761 
  116    -20.00000         1368         1281      0.93394 
  117    -21.00000         1285         1222      0.92940 
  118    -22.00000         1182         1181      0.91917 
  119    -23.00000         1060         1143      0.88879 
  120    -24.00000         1013         1112      0.90071 
  121    -25.00000          949         1064      0.91803 
  122    -26.00000          876          986      0.93770 
  123    -27.00000          819          904      0.94370 
  124    -28.00000          760          852      0.91563 
  125    -29.00000          697          848      0.87896 
  126    -30.00000          617          822      0.84086 
  127    -31.00000          524          764      0.79658 
  128    -32.00000          466          714      0.75424 
  129    -33.00000          421          744      0.66438 
  130    -34.00000          376          802      0.59253 
  131    -35.00000          329          860      0.52313 
  132    -36.00000          264          873      0.44679 
  133    -37.00000          200          881      0.35893 
  134    -38.00000          172          895      0.32240 
  135    -39.00000          166          861      0.31353 
  136    -40.00000          164          849      0.29418 
  137    -41.00000          180          804      0.30691 
  138    -42.00000          215          798      0.34353 
  139    -43.00000          252          778      0.37670 
  140    -44.00000          265          748      0.39289 
  141    -45.00000          276          716      0.41331 
  142    -46.00000          268          648      0.43013 
  143    -47.00000          258          602      0.44186 
  144    -48.00000          239          511      0.45067 
  145    -49.00000          205          429      0.45110 
  146    -50.00000          167          337      0.45635 
  147    -51.00000          125          220      0.44058 
  148    -52.00000           98           92      0.33684 
  149    -53.00000           64            0      0.00000 
  150    -54.00000           40            0      0.00000 
  151    -55.00000            7            0      0.00000 
  152    -56.00000            0            0      0.00000 
  153    -57.00000            0            0      0.00000 
  154    -58.00000            0            0      0.00000 
  155    -59.00000            0            0      0.00000 
  156    -60.00000            0            0      0.00000 
  157    -61.00000            0            0      0.00000 
  158    -62.00000            0            0      0.00000 
  159    -63.00000            0            0      0.00000 
  160    -64.00000            0            0      0.00000 
  161    -65.00000            0            0      0.00000 
  162    -66.00000            0            0      0.00000 
  163    -67.00000            0            0      0.00000 
  164    -68.00000            0            0      0.00000 
  165    -69.00000            0            0      0.00000 
  166    -70.00000            0            0      0.00000 
  167    -71.00000            0            0      0.00000 
  168    -72.00000            0            0      0.00000 
  169    -73.00000            0            0      0.00000 
  170    -74.00000            0            0      0.00000 
  171    -75.00000            0            0      0.00000 
  172    -76.00000            0            0      0.00000 
  173    -77.00000            0            0      0.00000 
  174    -78.00000            0            0      0.00000 
  175    -79.00000            0            0      0.00000 
  176    -80.00000            0            0      0.00000 
  177    -81.00000            0            0      0.00000 
  178    -82.00000            0            0      0.00000 
  179    -83.00000            0            0      0.00000 
  180    -84.00000            0            0      0.00000 
  181    -85.00000            0            0      0.00000 
  182    -86.00000            0            0      0.00000 
  183    -87.00000            0            0      0.00000 
  184    -88.00000            0            0      0.00000 
  185    -89.00000            0            0      0.00000 
  186    -90.00000            0            0      0.00000 
  187    -91.00000            0            0      0.00000 
  188    -92.00000            0            0      0.00000 
  189    -93.00000            0            0      0.00000 
  190    -94.00000            0            0      0.00000 
  191    -95.00000            0            0      0.00000 
  192    -96.00000            0            0      0.00000 
  193    -97.00000            0            0      0.00000 
  194    -98.00000            0            0      0.00000 
