# 3dSliceNDice -insetA 6m_3min_m5_binary+orig -insetB 6m_4min_m5_binary+orig -prefix 6m_3min_4min_m5
    0     96.00000            0            0      0.00000 
    1     95.00000            0            0      0.00000 
    2     94.00000            0            0      0.00000 
    3     93.00000            0            0      0.00000 
    4     92.00000            0            0      0.00000 
    5     91.00000            0            0      0.00000 
    6     90.00000            0            0      0.00000 
    7     89.00000            0            0      0.00000 
    8     88.00000            0            0      0.00000 
    9     87.00000            0            0      0.00000 
   10     86.00000            0            0      0.00000 
   11     85.00000            0            0      0.00000 
   12     84.00000            0            0      0.00000 
   13     83.00000            0            0      0.00000 
   14     82.00000            0            0      0.00000 
   15     81.00000            0            0      0.00000 
   16     80.00000            0            0      0.00000 
   17     79.00000            0            0      0.00000 
   18     78.00000            0            0      0.00000 
   19     77.00000            0            0      0.00000 
   20     76.00000            0            0      0.00000 
   21     75.00000            0            0      0.00000 
   22     74.00000            0            0      0.00000 
   23     73.00000            0            0      0.00000 
   24     72.00000            0            0      0.00000 
   25     71.00000            0            0      0.00000 
   26     70.00000            0            0      0.00000 
   27     69.00000            0            0      0.00000 
   28     68.00000            0            0      0.00000 
   29     67.00000            0            0      0.00000 
   30     66.00000            0            0      0.00000 
   31     65.00000            0            0      0.00000 
   32     64.00000            0            0      0.00000 
   33     63.00000            0            0      0.00000 
   34     62.00000            0            0      0.00000 
   35     61.00000            0            0      0.00000 
   36     60.00000            0            0      0.00000 
   37     59.00000            0            0      0.00000 
   38     58.00000            0            0      0.00000 
   39     57.00000            0            0      0.00000 
   40     56.00000            0            0      0.00000 
   41     55.00000            0            0      0.00000 
   42     54.00000            0            0      0.00000 
   43     53.00000           20            0      0.00000 
   44     52.00000           64            0      0.00000 
   45     51.00000           88            0      0.00000 
   46     50.00000          147            0      0.00000 
   47     49.00000          215            0      0.00000 
   48     48.00000          233            0      0.00000 
   49     47.00000          246            0      0.00000 
   50     46.00000          261            0      0.00000 
   51     45.00000          268            0      0.00000 
   52     44.00000          276            0      0.00000 
   53     43.00000          256            0      0.00000 
   54     42.00000          216            0      0.00000 
   55     41.00000          180            0      0.00000 
   56     40.00000          140            0      0.00000 
   57     39.00000           88            0      0.00000 
   58     38.00000           32            0      0.00000 
   59     37.00000           21            0      0.00000 
   60     36.00000           63            0      0.00000 
   61     35.00000          108            0      0.00000 
   62     34.00000          149            0      0.00000 
   63     33.00000          198            0      0.00000 
   64     32.00000          300          204      0.59127 
   65     31.00000          427          399      0.68765 
   66     30.00000          540          567      0.72809 
   67     29.00000          629          696      0.74566 
   68     28.00000          706          798      0.75000 
   69     27.00000          794          986      0.77865 
   70     26.00000          907         1168      0.78458 
   71     25.00000         1050         1332      0.79681 
   72     24.00000         1155         1438      0.80447 
   73     23.00000         1242         1538      0.80504 
   74     22.00000         1408         1683      0.81203 
   75     21.00000         1556         1825      0.82402 
   76     20.00000         1715         1944      0.83793 
   77     19.00000         1836         2024      0.84870 
   78     18.00000         1943         2098      0.85622 
   79     17.00000         2471         2551      0.88013 
   80     16.00000         2789         2794      0.90131 
   81     15.00000         3042         2984      0.91902 
   82     14.00000         3222         3109      0.93255 
   83     13.00000         3370         3207      0.94542 
   84     12.00000         3616         3550      0.96428 
   85     11.00000         3821         3788      0.96859 
   86     10.00000         4022         3968      0.96771 
   87      9.00000         4170         4077      0.96496 
   88      8.00000         4294         4170      0.96432 
   89      7.00000         4433         4318      0.95966 
   90      6.00000         4482         4402      0.95295 
   91      5.00000         4528         4475      0.95168 
   92      4.00000         4495         4466      0.94989 
   93      3.00000         4467         4439      0.94902 
   94      2.00000         4385         4367      0.95064 
   95      1.00000         4256         4215      0.95502 
   96      0.00000         4174         4102      0.95988 
   97     -1.00000         4139         4100      0.95740 
   98     -2.00000         4172         4206      0.95249 
   99     -3.00000         4158         4233      0.94554 
  100     -4.00000         4107         4217      0.93825 
  101     -5.00000         4029         4140      0.93255 
  102     -6.00000         3852         3947      0.92320 
  103     -7.00000         3621         3643      0.90969 
  104     -8.00000         3308         3219      0.89046 
  105     -9.00000         3170         3036      0.87915 
  106    -10.00000         2971         2792      0.86864 
  107    -11.00000         2681         2471      0.85404 
  108    -12.00000         2290         2023      0.83329 
  109    -13.00000         1768         1613      0.85064 
  110    -14.00000         1740         1639      0.86061 
  111    -15.00000         1683         1623      0.85965 
  112    -16.00000         1575         1554      0.85523 
  113    -17.00000         1377         1416      0.84139 
  114    -18.00000         1062         1177      0.86378 
  115    -19.00000         1045         1182      0.86574 
  116    -20.00000         1037         1185      0.86499 
  117    -21.00000         1005         1155      0.86574 
  118    -22.00000          989         1140      0.87177 
  119    -23.00000          971         1160      0.85594 
  120    -24.00000          943         1192      0.82717 
  121    -25.00000          910         1205      0.81040 
  122    -26.00000          852         1163      0.79504 
  123    -27.00000          814         1143      0.77466 
  124    -28.00000          743         1109      0.73758 
  125    -29.00000          668         1046      0.70362 
  126    -30.00000          575          975      0.65161 
  127    -31.00000          469          853      0.59153 
  128    -32.00000          385          748      0.50662 
  129    -33.00000          315          633      0.41772 
  130    -34.00000          250          568      0.40098 
  131    -35.00000          177          498      0.36444 
  132    -36.00000          103          415      0.28958 
  133    -37.00000           27          337      0.13736 
  134    -38.00000            0          255      0.00000 
  135    -39.00000            0          198      0.00000 
  136    -40.00000            0          128      0.00000 
  137    -41.00000            0           67      0.00000 
  138    -42.00000            0           24      0.00000 
  139    -43.00000            0            0      0.00000 
  140    -44.00000            0            0      0.00000 
  141    -45.00000            0            0      0.00000 
  142    -46.00000            0            0      0.00000 
  143    -47.00000            0            0      0.00000 
  144    -48.00000            0            0      0.00000 
  145    -49.00000            0            0      0.00000 
  146    -50.00000            0            0      0.00000 
  147    -51.00000            0            0      0.00000 
  148    -52.00000            0            0      0.00000 
  149    -53.00000            0            0      0.00000 
  150    -54.00000            0            0      0.00000 
  151    -55.00000            0            0      0.00000 
  152    -56.00000            0            0      0.00000 
  153    -57.00000            0            0      0.00000 
  154    -58.00000            0            0      0.00000 
  155    -59.00000            0            0      0.00000 
  156    -60.00000            0            0      0.00000 
  157    -61.00000            0            0      0.00000 
  158    -62.00000            0            0      0.00000 
  159    -63.00000            0            0      0.00000 
  160    -64.00000            0            0      0.00000 
  161    -65.00000            0            0      0.00000 
  162    -66.00000            0            0      0.00000 
  163    -67.00000            0            0      0.00000 
  164    -68.00000            0            0      0.00000 
  165    -69.00000            0            0      0.00000 
  166    -70.00000            0            0      0.00000 
  167    -71.00000            0            0      0.00000 
  168    -72.00000            0            0      0.00000 
  169    -73.00000            0            0      0.00000 
  170    -74.00000            0            0      0.00000 
  171    -75.00000            0            0      0.00000 
  172    -76.00000            0            0      0.00000 
  173    -77.00000            0            0      0.00000 
  174    -78.00000            0            0      0.00000 
  175    -79.00000            0            0      0.00000 
  176    -80.00000            0            0      0.00000 
  177    -81.00000            0            0      0.00000 
  178    -82.00000            0            0      0.00000 
  179    -83.00000            0            0      0.00000 
  180    -84.00000            0            0      0.00000 
  181    -85.00000            0            0      0.00000 
  182    -86.00000            0            0      0.00000 
  183    -87.00000            0            0      0.00000 
  184    -88.00000            0            0      0.00000 
  185    -89.00000            0            0      0.00000 
  186    -90.00000            0            0      0.00000 
  187    -91.00000            0            0      0.00000 
  188    -92.00000            0            0      0.00000 
  189    -93.00000            0            0      0.00000 
  190    -94.00000            0            0      0.00000 
  191    -95.00000            0            0      0.00000 
  192    -96.00000            0            0      0.00000 
  193    -97.00000            0            0      0.00000 
  194    -98.00000            0            0      0.00000 
