# 3dSliceNDice -insetA 6m_3min_m4_binary+orig -insetB 6m_5min_m4_binary+orig -prefix 6m_3min_5min_m4
    0    134.00000            0            0      0.00000 
    1    133.00000            0            0      0.00000 
    2    132.00000            0            0      0.00000 
    3    131.00000            0            0      0.00000 
    4    130.00000            0            0      0.00000 
    5    129.00000            0            0      0.00000 
    6    128.00000            0            0      0.00000 
    7    127.00000            0            0      0.00000 
    8    126.00000            0            0      0.00000 
    9    125.00000            0            0      0.00000 
   10    124.00000            0            0      0.00000 
   11    123.00000            0            0      0.00000 
   12    122.00000            0            0      0.00000 
   13    121.00000            0            0      0.00000 
   14    120.00000            0            0      0.00000 
   15    119.00000            0            0      0.00000 
   16    118.00000            0            0      0.00000 
   17    117.00000            0            0      0.00000 
   18    116.00000            0            0      0.00000 
   19    115.00000            0            0      0.00000 
   20    114.00000            0            0      0.00000 
   21    113.00000            0            0      0.00000 
   22    112.00000            0            0      0.00000 
   23    111.00000            0            0      0.00000 
   24    110.00000            0            0      0.00000 
   25    109.00000            0            0      0.00000 
   26    108.00000            0            0      0.00000 
   27    107.00000            0            0      0.00000 
   28    106.00000            0            0      0.00000 
   29    105.00000            0            0      0.00000 
   30    104.00000            0            0      0.00000 
   31    103.00000            0            0      0.00000 
   32    102.00000            0            0      0.00000 
   33    101.00000            0            0      0.00000 
   34    100.00000            0            0      0.00000 
   35     99.00000            0            0      0.00000 
   36     98.00000            0            0      0.00000 
   37     97.00000            0            0      0.00000 
   38     96.00000            0            0      0.00000 
   39     95.00000            0            0      0.00000 
   40     94.00000            0            0      0.00000 
   41     93.00000            0            0      0.00000 
   42     92.00000            0            0      0.00000 
   43     91.00000            0            0      0.00000 
   44     90.00000            0            0      0.00000 
   45     89.00000            0            0      0.00000 
   46     88.00000            0            0      0.00000 
   47     87.00000            0            0      0.00000 
   48     86.00000            0            0      0.00000 
   49     85.00000            0            0      0.00000 
   50     84.00000            6            6      1.00000 
   51     83.00000          114          122      0.96610 
   52     82.00000          218          244      0.94372 
   53     81.00000          301          353      0.92049 
   54     80.00000          406          496      0.90022 
   55     79.00000          499          631      0.88319 
   56     78.00000          600          754      0.88626 
   57     77.00000          689          867      0.88560 
   58     76.00000          812          980      0.89174 
   59     75.00000          916         1056      0.88235 
   60     74.00000         1013         1104      0.88333 
   61     73.00000         1105         1138      0.87472 
   62     72.00000         1217         1175      0.86204 
   63     71.00000         1336         1240      0.86568 
   64     70.00000         1530         1375      0.86678 
   65     69.00000         1640         1467      0.86643 
   66     68.00000         1728         1538      0.86650 
   67     67.00000         1781         1612      0.86060 
   68     66.00000         1835         1704      0.84939 
   69     65.00000         1869         1783      0.83461 
   70     64.00000         1862         1827      0.81594 
   71     63.00000         1849         1862      0.79978 
   72     62.00000         1811         1877      0.78905 
   73     61.00000         1760         1906      0.77523 
   74     60.00000         1698         1943      0.75803 
   75     59.00000         1579         1926      0.74009 
   76     58.00000         1470         1901      0.72026 
   77     57.00000         1393         1868      0.70469 
   78     56.00000         1367         1911      0.69555 
   79     55.00000         1337         1947      0.69428 
   80     54.00000         1262         1931      0.69527 
   81     53.00000         1196         1917      0.70350 
   82     52.00000         1221         1922      0.71333 
   83     51.00000         1270         1917      0.71603 
   84     50.00000         1292         1903      0.71925 
   85     49.00000         1273         1834      0.72160 
   86     48.00000         1208         1732      0.71088 
   87     47.00000         1191         1649      0.71197 
   88     46.00000         1349         1719      0.75033 
   89     45.00000         1485         1766      0.78622 
   90     44.00000         1587         1768      0.81788 
   91     43.00000         1675         1755      0.85073 
   92     42.00000         1753         1841      0.86032 
   93     41.00000         1812         2023      0.85737 
   94     40.00000         1883         2174      0.85433 
   95     39.00000         1922         2275      0.85251 
   96     38.00000         1928         2341      0.85266 
   97     37.00000         2105         2534      0.86312 
   98     36.00000         2318         2716      0.86333 
   99     35.00000         2479         2862      0.87324 
  100     34.00000         2588         2965      0.87772 
  101     33.00000         2683         3041      0.88505 
  102     32.00000         2847         3133      0.90502 
  103     31.00000         2955         3217      0.91283 
  104     30.00000         3071         3344      0.91785 
  105     29.00000         3159         3419      0.91973 
  106     28.00000         3247         3482      0.92465 
  107     27.00000         3317         3526      0.93146 
  108     26.00000         3340         3528      0.93448 
  109     25.00000         3358         3533      0.93949 
  110     24.00000         3297         3474      0.93989 
  111     23.00000         3260         3444      0.93914 
  112     22.00000         3161         3359      0.93589 
  113     21.00000         3062         3261      0.93247 
  114     20.00000         2917         3118      0.92858 
  115     19.00000         2703         2894      0.92299 
  116     18.00000         2458         2662      0.90547 
  117     17.00000         2203         2390      0.88918 
  118     16.00000         2126         2275      0.88480 
  119     15.00000         2015         2124      0.88234 
  120     14.00000         1907         1934      0.87321 
  121     13.00000         1721         1693      0.87932 
  122     12.00000         1504         1452      0.88836 
  123     11.00000         1486         1419      0.89432 
  124     10.00000         1448         1377      0.90619 
  125      9.00000         1420         1307      0.91016 
  126      8.00000         1407         1246      0.91821 
  127      7.00000         1375         1176      0.92199 
  128      6.00000         1348         1155      0.92289 
  129      5.00000         1326         1134      0.92195 
  130      4.00000         1304         1110      0.91964 
  131      3.00000         1295         1104      0.92038 
  132      2.00000         1267         1080      0.91862 
  133      1.00000         1236         1057      0.92106 
  134      0.00000         1215         1025      0.91161 
  135     -1.00000         1163          978      0.90986 
  136     -2.00000         1113          944      0.91298 
  137     -3.00000         1042          908      0.91077 
  138     -4.00000         1041          875      0.89875 
  139     -5.00000         1015          859      0.90715 
  140     -6.00000          967          837      0.92018 
  141     -7.00000          922          826      0.92906 
  142     -8.00000          879          816      0.93333 
  143     -9.00000          838          787      0.93046 
  144    -10.00000          786          765      0.93230 
  145    -11.00000          743          736      0.92765 
  146    -12.00000          711          716      0.91521 
  147    -13.00000          688          682      0.91241 
  148    -14.00000          675          662      0.91698 
  149    -15.00000          648          620      0.91798 
  150    -16.00000          613          578      0.92359 
  151    -17.00000          587          529      0.93011 
  152    -18.00000          548          480      0.91440 
  153    -19.00000          497          443      0.91489 
  154    -20.00000          453          412      0.91329 
  155    -21.00000          382          355      0.90909 
  156    -22.00000          313          322      0.91654 
  157    -23.00000          301          276      0.83536 
  158    -24.00000          338          235      0.69808 
  159    -25.00000          354          189      0.57827 
  160    -26.00000          331          125      0.42544 
  161    -27.00000          307           68      0.23467 
  162    -28.00000          292            0      0.00000 
  163    -29.00000          298            0      0.00000 
  164    -30.00000          302            0      0.00000 
  165    -31.00000          299            0      0.00000 
  166    -32.00000          288            0      0.00000 
  167    -33.00000          282            0      0.00000 
  168    -34.00000          275            0      0.00000 
  169    -35.00000          256            0      0.00000 
  170    -36.00000          234            0      0.00000 
  171    -37.00000          218            0      0.00000 
  172    -38.00000          181            0      0.00000 
  173    -39.00000          147            0      0.00000 
  174    -40.00000          118            0      0.00000 
  175    -41.00000           82            0      0.00000 
  176    -42.00000           42            0      0.00000 
  177    -43.00000            0            0      0.00000 
  178    -44.00000            0            0      0.00000 
  179    -45.00000            0            0      0.00000 
  180    -46.00000            0            0      0.00000 
  181    -47.00000            0            0      0.00000 
  182    -48.00000            0            0      0.00000 
  183    -49.00000            0            0      0.00000 
  184    -50.00000            0            0      0.00000 
  185    -51.00000            0            0      0.00000 
  186    -52.00000            0            0      0.00000 
  187    -53.00000            0            0      0.00000 
  188    -54.00000            0            0      0.00000 
  189    -55.00000            0            0      0.00000 
  190    -56.00000            0            0      0.00000 
  191    -57.00000            0            0      0.00000 
  192    -58.00000            0            0      0.00000 
  193    -59.00000            0            0      0.00000 
  194    -60.00000            0            0      0.00000 
  195    -61.00000            0            0      0.00000 
  196    -62.00000            0            0      0.00000 
  197    -63.00000            0            0      0.00000 
  198    -64.00000            0            0      0.00000 
  199    -65.00000            0            0      0.00000 
  200    -66.00000            0            0      0.00000 
  201    -67.00000            0            0      0.00000 
  202    -68.00000            0            0      0.00000 
  203    -69.00000            0            0      0.00000 
  204    -70.00000            0            0      0.00000 
  205    -71.00000            0            0      0.00000 
  206    -72.00000            0            0      0.00000 
  207    -73.00000            0            0      0.00000 
  208    -74.00000            0            0      0.00000 
  209    -75.00000            0            0      0.00000 
  210    -76.00000            0            0      0.00000 
  211    -77.00000            0            0      0.00000 
  212    -78.00000            0            0      0.00000 
  213    -79.00000            0            0      0.00000 
  214    -80.00000            0            0      0.00000 
  215    -81.00000            0            0      0.00000 
  216    -82.00000            0            0      0.00000 
  217    -83.00000            0            0      0.00000 
  218    -84.00000            0            0      0.00000 
  219    -85.00000            0            0      0.00000 
  220    -86.00000            0            0      0.00000 
  221    -87.00000            0            0      0.00000 
  222    -88.00000            0            0      0.00000 
  223    -89.00000            0            0      0.00000 
  224    -90.00000            0            0      0.00000 
  225    -91.00000            0            0      0.00000 
  226    -92.00000            0            0      0.00000 
  227    -93.00000            0            0      0.00000 
  228    -94.00000            0            0      0.00000 
  229    -95.00000            0            0      0.00000 
  230    -96.00000            0            0      0.00000 
  231    -97.00000            0            0      0.00000 
  232    -98.00000            0            0      0.00000 
