# 3dSliceNDice -insetA 6m_3min_m2_binary+orig -insetB 6m_5min_m2_binary+orig -prefix 6m_3min_5min_m2
    0    134.00000            0            0      0.00000 
    1    133.00000            0            0      0.00000 
    2    132.00000            0            0      0.00000 
    3    131.00000            0            0      0.00000 
    4    130.00000            0            0      0.00000 
    5    129.00000            0            0      0.00000 
    6    128.00000            0            0      0.00000 
    7    127.00000            0            0      0.00000 
    8    126.00000            0            0      0.00000 
    9    125.00000            0            0      0.00000 
   10    124.00000            0            0      0.00000 
   11    123.00000            0            0      0.00000 
   12    122.00000            0            0      0.00000 
   13    121.00000            0            0      0.00000 
   14    120.00000            0            0      0.00000 
   15    119.00000            0            0      0.00000 
   16    118.00000            0            0      0.00000 
   17    117.00000            0            0      0.00000 
   18    116.00000            0            0      0.00000 
   19    115.00000            0            0      0.00000 
   20    114.00000            0            0      0.00000 
   21    113.00000            0            0      0.00000 
   22    112.00000            0            0      0.00000 
   23    111.00000            0            0      0.00000 
   24    110.00000            0            0      0.00000 
   25    109.00000            0            0      0.00000 
   26    108.00000            0            0      0.00000 
   27    107.00000            0            0      0.00000 
   28    106.00000            0            0      0.00000 
   29    105.00000            0            0      0.00000 
   30    104.00000            0            0      0.00000 
   31    103.00000            0            0      0.00000 
   32    102.00000            0            0      0.00000 
   33    101.00000            0            0      0.00000 
   34    100.00000            0            0      0.00000 
   35     99.00000            0            0      0.00000 
   36     98.00000            0            0      0.00000 
   37     97.00000            0            0      0.00000 
   38     96.00000            0            0      0.00000 
   39     95.00000            0            0      0.00000 
   40     94.00000            0            0      0.00000 
   41     93.00000            0            0      0.00000 
   42     92.00000            0            0      0.00000 
   43     91.00000            0            0      0.00000 
   44     90.00000            0            0      0.00000 
   45     89.00000            0            0      0.00000 
   46     88.00000            0            0      0.00000 
   47     87.00000            0            0      0.00000 
   48     86.00000            0            0      0.00000 
   49     85.00000            0            0      0.00000 
   50     84.00000            0            0      0.00000 
   51     83.00000            0            0      0.00000 
   52     82.00000            0            0      0.00000 
   53     81.00000            0            0      0.00000 
   54     80.00000            0            0      0.00000 
   55     79.00000            0            0      0.00000 
   56     78.00000            0            0      0.00000 
   57     77.00000            0            0      0.00000 
   58     76.00000            0            0      0.00000 
   59     75.00000            0            0      0.00000 
   60     74.00000            0            0      0.00000 
   61     73.00000            0            0      0.00000 
   62     72.00000            0            0      0.00000 
   63     71.00000            0            0      0.00000 
   64     70.00000            0            0      0.00000 
   65     69.00000            0            0      0.00000 
   66     68.00000            0            0      0.00000 
   67     67.00000            0            0      0.00000 
   68     66.00000            0            0      0.00000 
   69     65.00000            0            0      0.00000 
   70     64.00000            0            0      0.00000 
   71     63.00000            0            0      0.00000 
   72     62.00000           67           16      0.38554 
   73     61.00000          143           51      0.52577 
   74     60.00000          204           90      0.61224 
   75     59.00000          250          121      0.65229 
   76     58.00000          287          146      0.67436 
   77     57.00000          473          443      0.74236 
   78     56.00000          703          681      0.83092 
   79     55.00000          867          849      0.85431 
   80     54.00000         1006          995      0.86557 
   81     53.00000         1130         1117      0.87672 
   82     52.00000         1325         1288      0.90318 
   83     51.00000         1541         1452      0.93218 
   84     50.00000         1720         1614      0.94361 
   85     49.00000         1867         1746      0.94880 
   86     48.00000         2007         1869      0.94995 
   87     47.00000         2184         2119      0.94306 
   88     46.00000         2352         2373      0.92571 
   89     45.00000         2509         2590      0.92410 
   90     44.00000         2629         2739      0.91952 
   91     43.00000         2735         2859      0.91562 
   92     42.00000         2829         2981      0.90465 
   93     41.00000         2905         3072      0.89711 
   94     40.00000         3035         3198      0.89588 
   95     39.00000         3110         3277      0.89870 
   96     38.00000         3186         3363      0.90212 
   97     37.00000         3232         3413      0.90444 
   98     36.00000         3237         3424      0.90527 
   99     35.00000         3254         3459      0.90332 
  100     34.00000         3238         3427      0.90293 
  101     33.00000         3258         3445      0.90288 
  102     32.00000         3236         3399      0.90490 
  103     31.00000         3185         3331      0.90393 
  104     30.00000         3133         3264      0.90386 
  105     29.00000         3028         3145      0.90199 
  106     28.00000         2911         3010      0.89917 
  107     27.00000         2747         2857      0.89365 
  108     26.00000         2589         2711      0.88906 
  109     25.00000         2419         2562      0.88376 
  110     24.00000         2189         2366      0.88211 
  111     23.00000         1938         2176      0.88770 
  112     22.00000         1773         2004      0.89701 
  113     21.00000         1717         1860      0.88566 
  114     20.00000         1645         1698      0.87586 
  115     19.00000         1586         1546      0.87548 
  116     18.00000         1553         1415      0.87601 
  117     17.00000         1610         1477      0.85714 
  118     16.00000         1668         1576      0.84957 
  119     15.00000         1724         1637      0.85153 
  120     14.00000         1744         1682      0.85055 
  121     13.00000         1763         1706      0.84981 
  122     12.00000         1782         1730      0.84510 
  123     11.00000         1751         1707      0.84037 
  124     10.00000         1736         1692      0.83489 
  125      9.00000         1637         1593      0.82477 
  126      8.00000         1556         1504      0.81307 
  127      7.00000         1361         1303      0.79429 
  128      6.00000         1265         1214      0.79790 
  129      5.00000         1155         1117      0.79930 
  130      4.00000          994          997      0.79156 
  131      3.00000          834          894      0.76273 
  132      2.00000          646          744      0.71511 
  133      1.00000          538          639      0.70178 
  134      0.00000          424          535      0.67570 
  135     -1.00000          282          405      0.61718 
  136     -2.00000          119          250      0.48780 
  137     -3.00000            0          105      0.00000 
  138     -4.00000            0           82      0.00000 
  139     -5.00000            0           57      0.00000 
  140     -6.00000            0           24      0.00000 
  141     -7.00000            0            0      0.00000 
  142     -8.00000            0            0      0.00000 
  143     -9.00000            0            0      0.00000 
  144    -10.00000            0            0      0.00000 
  145    -11.00000            0            0      0.00000 
  146    -12.00000            0            0      0.00000 
  147    -13.00000            0            0      0.00000 
  148    -14.00000            0            0      0.00000 
  149    -15.00000            0            0      0.00000 
  150    -16.00000            0            0      0.00000 
  151    -17.00000            0            0      0.00000 
  152    -18.00000            0            0      0.00000 
  153    -19.00000            0            0      0.00000 
  154    -20.00000            0            0      0.00000 
  155    -21.00000            0            0      0.00000 
  156    -22.00000            0            0      0.00000 
  157    -23.00000            0            0      0.00000 
  158    -24.00000            0            0      0.00000 
  159    -25.00000            0            0      0.00000 
  160    -26.00000            0            0      0.00000 
  161    -27.00000            0            0      0.00000 
  162    -28.00000            0            0      0.00000 
  163    -29.00000            0            0      0.00000 
  164    -30.00000            0            0      0.00000 
  165    -31.00000            0            0      0.00000 
  166    -32.00000            0            0      0.00000 
  167    -33.00000            0            0      0.00000 
  168    -34.00000            0            0      0.00000 
  169    -35.00000            0            0      0.00000 
  170    -36.00000            0            0      0.00000 
  171    -37.00000            0            0      0.00000 
  172    -38.00000            0            0      0.00000 
  173    -39.00000            0            0      0.00000 
  174    -40.00000            0            0      0.00000 
  175    -41.00000            0            0      0.00000 
  176    -42.00000            0            0      0.00000 
  177    -43.00000            0            0      0.00000 
  178    -44.00000            0            0      0.00000 
  179    -45.00000            0            0      0.00000 
  180    -46.00000            0            0      0.00000 
  181    -47.00000            0            0      0.00000 
  182    -48.00000            0            0      0.00000 
  183    -49.00000            0            0      0.00000 
  184    -50.00000            0            0      0.00000 
  185    -51.00000            0            0      0.00000 
  186    -52.00000            0            0      0.00000 
  187    -53.00000            0            0      0.00000 
  188    -54.00000            0            0      0.00000 
  189    -55.00000            0            0      0.00000 
  190    -56.00000            0            0      0.00000 
  191    -57.00000            0            0      0.00000 
  192    -58.00000            0            0      0.00000 
  193    -59.00000            0            0      0.00000 
  194    -60.00000            0            0      0.00000 
  195    -61.00000            0            0      0.00000 
  196    -62.00000            0            0      0.00000 
  197    -63.00000            0            0      0.00000 
  198    -64.00000            0            0      0.00000 
  199    -65.00000            0            0      0.00000 
  200    -66.00000            0            0      0.00000 
  201    -67.00000            0            0      0.00000 
  202    -68.00000            0            0      0.00000 
  203    -69.00000            0            0      0.00000 
  204    -70.00000            0            0      0.00000 
  205    -71.00000            0            0      0.00000 
  206    -72.00000            0            0      0.00000 
  207    -73.00000            0            0      0.00000 
  208    -74.00000            0            0      0.00000 
  209    -75.00000            0            0      0.00000 
  210    -76.00000            0            0      0.00000 
  211    -77.00000            0            0      0.00000 
  212    -78.00000            0            0      0.00000 
  213    -79.00000            0            0      0.00000 
  214    -80.00000            0            0      0.00000 
  215    -81.00000            0            0      0.00000 
  216    -82.00000            0            0      0.00000 
  217    -83.00000            0            0      0.00000 
  218    -84.00000            0            0      0.00000 
  219    -85.00000            0            0      0.00000 
  220    -86.00000            0            0      0.00000 
  221    -87.00000            0            0      0.00000 
  222    -88.00000            0            0      0.00000 
  223    -89.00000            0            0      0.00000 
  224    -90.00000            0            0      0.00000 
  225    -91.00000            0            0      0.00000 
  226    -92.00000            0            0      0.00000 
  227    -93.00000            0            0      0.00000 
  228    -94.00000            0            0      0.00000 
  229    -95.00000            0            0      0.00000 
  230    -96.00000            0            0      0.00000 
  231    -97.00000            0            0      0.00000 
  232    -98.00000            0            0      0.00000 
