# 3dSliceNDice -insetA 6m_3min_m4_binary+orig -insetB 6m_4min_m4_binary+orig -prefix 6m_3min_4min_m4
    0    134.00000            0            0      0.00000 
    1    133.00000            0            0      0.00000 
    2    132.00000            0            0      0.00000 
    3    131.00000            0            0      0.00000 
    4    130.00000            0            0      0.00000 
    5    129.00000            0            0      0.00000 
    6    128.00000            0            0      0.00000 
    7    127.00000            0            0      0.00000 
    8    126.00000            0            0      0.00000 
    9    125.00000            0            0      0.00000 
   10    124.00000            0            0      0.00000 
   11    123.00000            0            0      0.00000 
   12    122.00000            0            0      0.00000 
   13    121.00000            0            0      0.00000 
   14    120.00000            0            0      0.00000 
   15    119.00000            0            0      0.00000 
   16    118.00000            0            0      0.00000 
   17    117.00000            0            0      0.00000 
   18    116.00000            0            0      0.00000 
   19    115.00000            0            0      0.00000 
   20    114.00000            0            0      0.00000 
   21    113.00000            0            0      0.00000 
   22    112.00000            0            0      0.00000 
   23    111.00000            0            0      0.00000 
   24    110.00000            0            0      0.00000 
   25    109.00000            0            0      0.00000 
   26    108.00000            0            0      0.00000 
   27    107.00000            0            0      0.00000 
   28    106.00000            0            0      0.00000 
   29    105.00000            0            0      0.00000 
   30    104.00000            0            0      0.00000 
   31    103.00000            0            0      0.00000 
   32    102.00000            0            0      0.00000 
   33    101.00000            0            0      0.00000 
   34    100.00000            0            0      0.00000 
   35     99.00000            0            0      0.00000 
   36     98.00000            0            0      0.00000 
   37     97.00000            0            0      0.00000 
   38     96.00000            0            0      0.00000 
   39     95.00000            0            0      0.00000 
   40     94.00000            0            0      0.00000 
   41     93.00000            0            0      0.00000 
   42     92.00000            0            0      0.00000 
   43     91.00000            0            0      0.00000 
   44     90.00000            0            0      0.00000 
   45     89.00000            0            0      0.00000 
   46     88.00000            0            0      0.00000 
   47     87.00000            0            0      0.00000 
   48     86.00000            0            0      0.00000 
   49     85.00000            0            0      0.00000 
   50     84.00000            6            6      1.00000 
   51     83.00000          114          122      0.96610 
   52     82.00000          218          244      0.94372 
   53     81.00000          301          355      0.91768 
   54     80.00000          406          489      0.90726 
   55     79.00000          499          614      0.89668 
   56     78.00000          600          733      0.90023 
   57     77.00000          689          842      0.90007 
   58     76.00000          812          969      0.89725 
   59     75.00000          916         1041      0.88912 
   60     74.00000         1013         1125      0.87465 
   61     73.00000         1105         1179      0.85902 
   62     72.00000         1217         1247      0.83685 
   63     71.00000         1336         1360      0.82715 
   64     70.00000         1530         1508      0.82883 
   65     69.00000         1640         1607      0.82907 
   66     68.00000         1728         1674      0.83186 
   67     67.00000         1781         1734      0.83073 
   68     66.00000         1835         1846      0.81663 
   69     65.00000         1869         1935      0.80074 
   70     64.00000         1862         1980      0.78136 
   71     63.00000         1849         2026      0.76232 
   72     62.00000         1811         2049      0.74715 
   73     61.00000         1760         2056      0.73480 
   74     60.00000         1698         2058      0.72098 
   75     59.00000         1579         1998      0.71065 
   76     58.00000         1470         1966      0.69150 
   77     57.00000         1393         1918      0.67291 
   78     56.00000         1367         1906      0.65383 
   79     55.00000         1337         1894      0.64253 
   80     54.00000         1262         1823      0.63274 
   81     53.00000         1196         1740      0.63896 
   82     52.00000         1221         1673      0.64133 
   83     51.00000         1270         1613      0.63961 
   84     50.00000         1292         1530      0.63572 
   85     49.00000         1273         1386      0.63407 
   86     48.00000         1208         1185      0.62850 
   87     47.00000         1191         1073      0.69965 
   88     46.00000         1349         1219      0.73209 
   89     45.00000         1485         1343      0.75460 
   90     44.00000         1587         1437      0.77712 
   91     43.00000         1675         1519      0.79587 
   92     42.00000         1753         1580      0.81968 
   93     41.00000         1812         1627      0.84152 
   94     40.00000         1883         1687      0.86667 
   95     39.00000         1922         1736      0.90104 
   96     38.00000         1928         1778      0.94226 
   97     37.00000         2105         1957      0.94781 
   98     36.00000         2318         2156      0.93071 
   99     35.00000         2479         2299      0.92214 
  100     34.00000         2588         2395      0.91310 
  101     33.00000         2683         2472      0.90592 
  102     32.00000         2847         2630      0.90451 
  103     31.00000         2955         2740      0.91203 
  104     30.00000         3071         2857      0.91802 
  105     29.00000         3159         2933      0.92383 
  106     28.00000         3247         3017      0.92720 
  107     27.00000         3317         3074      0.93194 
  108     26.00000         3340         3096      0.93443 
  109     25.00000         3358         3110      0.93692 
  110     24.00000         3297         3065      0.93901 
  111     23.00000         3260         3039      0.94047 
  112     22.00000         3161         2964      0.94400 
  113     21.00000         3062         2879      0.94664 
  114     20.00000         2917         2750      0.95041 
  115     19.00000         2703         2569      0.95182 
  116     18.00000         2458         2366      0.94859 
  117     17.00000         2203         2154      0.94928 
  118     16.00000         2126         2088      0.94969 
  119     15.00000         2015         1994      0.94887 
  120     14.00000         1907         1871      0.94494 
  121     13.00000         1721         1686      0.94922 
  122     12.00000         1504         1474      0.98254 
  123     11.00000         1486         1441      0.97916 
  124     10.00000         1448         1392      0.97676 
  125      9.00000         1420         1340      0.96957 
  126      8.00000         1407         1324      0.96668 
  127      7.00000         1375         1280      0.96271 
  128      6.00000         1348         1246      0.95759 
  129      5.00000         1326         1222      0.95604 
  130      4.00000         1304         1194      0.94956 
  131      3.00000         1295         1179      0.94907 
  132      2.00000         1267         1156      0.94428 
  133      1.00000         1236         1136      0.94182 
  134      0.00000         1215         1131      0.93265 
  135     -1.00000         1163         1094      0.92689 
  136     -2.00000         1113         1051      0.92052 
  137     -3.00000         1042         1009      0.92150 
  138     -4.00000         1041          977      0.92666 
  139     -5.00000         1015          947      0.93272 
  140     -6.00000          967          892      0.94244 
  141     -7.00000          922          846      0.94910 
  142     -8.00000          879          805      0.95131 
  143     -9.00000          838          764      0.94881 
  144    -10.00000          786          718      0.95479 
  145    -11.00000          743          692      0.96446 
  146    -12.00000          711          694      0.96797 
  147    -13.00000          688          686      0.95633 
  148    -14.00000          675          685      0.95441 
  149    -15.00000          648          662      0.94962 
  150    -16.00000          613          631      0.95498 
  151    -17.00000          587          613      0.95333 
  152    -18.00000          548          573      0.95986 
  153    -19.00000          497          525      0.95890 
  154    -20.00000          453          480      0.96034 
  155    -21.00000          382          404      0.95674 
  156    -22.00000          313          329      0.96573 
  157    -23.00000          301          241      0.88930 
  158    -24.00000          338          200      0.74349 
  159    -25.00000          354          157      0.61448 
  160    -26.00000          331           97      0.45327 
  161    -27.00000          307           44      0.25071 
  162    -28.00000          292            0      0.00000 
  163    -29.00000          298            0      0.00000 
  164    -30.00000          302            0      0.00000 
  165    -31.00000          299            0      0.00000 
  166    -32.00000          288            0      0.00000 
  167    -33.00000          282            0      0.00000 
  168    -34.00000          275            0      0.00000 
  169    -35.00000          256            0      0.00000 
  170    -36.00000          234            0      0.00000 
  171    -37.00000          218            0      0.00000 
  172    -38.00000          181            0      0.00000 
  173    -39.00000          147            0      0.00000 
  174    -40.00000          118            0      0.00000 
  175    -41.00000           82            0      0.00000 
  176    -42.00000           42            0      0.00000 
  177    -43.00000            0            0      0.00000 
  178    -44.00000            0            0      0.00000 
  179    -45.00000            0            0      0.00000 
  180    -46.00000            0            0      0.00000 
  181    -47.00000            0            0      0.00000 
  182    -48.00000            0            0      0.00000 
  183    -49.00000            0            0      0.00000 
  184    -50.00000            0            0      0.00000 
  185    -51.00000            0            0      0.00000 
  186    -52.00000            0            0      0.00000 
  187    -53.00000            0            0      0.00000 
  188    -54.00000            0            0      0.00000 
  189    -55.00000            0            0      0.00000 
  190    -56.00000            0            0      0.00000 
  191    -57.00000            0            0      0.00000 
  192    -58.00000            0            0      0.00000 
  193    -59.00000            0            0      0.00000 
  194    -60.00000            0            0      0.00000 
  195    -61.00000            0            0      0.00000 
  196    -62.00000            0            0      0.00000 
  197    -63.00000            0            0      0.00000 
  198    -64.00000            0            0      0.00000 
  199    -65.00000            0            0      0.00000 
  200    -66.00000            0            0      0.00000 
  201    -67.00000            0            0      0.00000 
  202    -68.00000            0            0      0.00000 
  203    -69.00000            0            0      0.00000 
  204    -70.00000            0            0      0.00000 
  205    -71.00000            0            0      0.00000 
  206    -72.00000            0            0      0.00000 
  207    -73.00000            0            0      0.00000 
  208    -74.00000            0            0      0.00000 
  209    -75.00000            0            0      0.00000 
  210    -76.00000            0            0      0.00000 
  211    -77.00000            0            0      0.00000 
  212    -78.00000            0            0      0.00000 
  213    -79.00000            0            0      0.00000 
  214    -80.00000            0            0      0.00000 
  215    -81.00000            0            0      0.00000 
  216    -82.00000            0            0      0.00000 
  217    -83.00000            0            0      0.00000 
  218    -84.00000            0            0      0.00000 
  219    -85.00000            0            0      0.00000 
  220    -86.00000            0            0      0.00000 
  221    -87.00000            0            0      0.00000 
  222    -88.00000            0            0      0.00000 
  223    -89.00000            0            0      0.00000 
  224    -90.00000            0            0      0.00000 
  225    -91.00000            0            0      0.00000 
  226    -92.00000            0            0      0.00000 
  227    -93.00000            0            0      0.00000 
  228    -94.00000            0            0      0.00000 
  229    -95.00000            0            0      0.00000 
  230    -96.00000            0            0      0.00000 
  231    -97.00000            0            0      0.00000 
  232    -98.00000            0            0      0.00000 
