# 3dSliceNDice -insetA 6m_3min_m3_binary+orig -insetB 6m_5min_m3_binary+orig -prefix 6m_3min_5min_m3
    0    -72.00000            0            0      0.00000 
    1    -71.00000            0            0      0.00000 
    2    -70.00000            0            0      0.00000 
    3    -69.00000            0            0      0.00000 
    4    -68.00000            0            0      0.00000 
    5    -67.00000            0            0      0.00000 
    6    -66.00000            0            0      0.00000 
    7    -65.00000            0            0      0.00000 
    8    -64.00000            0            0      0.00000 
    9    -63.00000            0            0      0.00000 
   10    -62.00000            0            0      0.00000 
   11    -61.00000            0            0      0.00000 
   12    -60.00000            0            0      0.00000 
   13    -59.00000            0            0      0.00000 
   14    -58.00000            0            0      0.00000 
   15    -57.00000            0            0      0.00000 
   16    -56.00000            0            0      0.00000 
   17    -55.00000            0            0      0.00000 
   18    -54.00000            0            0      0.00000 
   19    -53.00000            0            0      0.00000 
   20    -52.00000            0            0      0.00000 
   21    -51.00000            0            0      0.00000 
   22    -50.00000            0            0      0.00000 
   23    -49.00000            0            0      0.00000 
   24    -48.00000            0            0      0.00000 
   25    -47.00000            0            0      0.00000 
   26    -46.00000            0            0      0.00000 
   27    -45.00000            0            0      0.00000 
   28    -44.00000            0            0      0.00000 
   29    -43.00000            0            0      0.00000 
   30    -42.00000            0            0      0.00000 
   31    -41.00000            0            0      0.00000 
   32    -40.00000            0            0      0.00000 
   33    -39.00000            0            0      0.00000 
   34    -38.00000            0            0      0.00000 
   35    -37.00000           12           12      1.00000 
   36    -36.00000           66           66      1.00000 
   37    -35.00000          110          110      1.00000 
   38    -34.00000          161          161      1.00000 
   39    -33.00000          209          209      1.00000 
   40    -32.00000          458          594      0.85171 
   41    -31.00000          690          843      0.85714 
   42    -30.00000          865         1007      0.86966 
   43    -29.00000          995         1126      0.87600 
   44    -28.00000         1096         1207      0.87885 
   45    -27.00000         1505         1536      0.84972 
   46    -26.00000         1911         1844      0.84687 
   47    -25.00000         2236         2065      0.85468 
   48    -24.00000         2460         2231      0.85355 
   49    -23.00000         2659         2376      0.84965 
   50    -22.00000         3800         3880      0.90234 
   51    -21.00000         4307         4389      0.92341 
   52    -20.00000         4603         4667      0.92643 
   53    -19.00000         4802         4846      0.92330 
   54    -18.00000         4984         4955      0.91719 
   55    -17.00000         5196         5087      0.90713 
   56    -16.00000         5419         5226      0.90803 
   57    -15.00000         5627         5389      0.90777 
   58    -14.00000         5730         5473      0.90672 
   59    -13.00000         5748         5414      0.90880 
   60    -12.00000         5683         5239      0.91394 
   61    -11.00000         5610         5175      0.91776 
   62    -10.00000         5544         5128      0.92073 
   63     -9.00000         5362         4999      0.92443 
   64     -8.00000         5119         4829      0.93004 
   65     -7.00000         4786         4568      0.93607 
   66     -6.00000         4661         4470      0.93747 
   67     -5.00000         4508         4340      0.94078 
   68     -4.00000         4274         4127      0.94394 
   69     -3.00000         4036         3881      0.94455 
   70     -2.00000         3824         3581      0.93126 
   71     -1.00000         3691         3446      0.92980 
   72      0.00000         3527         3284      0.92879 
   73      1.00000         3279         3045      0.92694 
   74      2.00000         2996         2790      0.91497 
   75      3.00000         2720         2570      0.88922 
   76      4.00000         2676         2462      0.87661 
   77      5.00000         2558         2310      0.86565 
   78      6.00000         2315         2062      0.85492 
   79      7.00000         1855         1608      0.83627 
   80      8.00000          845          576      0.57143 
   81      9.00000          952          676      0.63636 
   82     10.00000         1033          752      0.68235 
   83     11.00000         1059          781      0.72500 
   84     12.00000         1060          797      0.78298 
   85     13.00000         1143          866      0.80836 
   86     14.00000         1223          958      0.81431 
   87     15.00000         1292         1051      0.82202 
   88     16.00000         1343         1114      0.82784 
   89     17.00000         1379         1163      0.83399 
   90     18.00000         1495         1244      0.82658 
   91     19.00000         1616         1312      0.81899 
   92     20.00000         1722         1382      0.81443 
   93     21.00000         1763         1402      0.80885 
   94     22.00000         1803         1427      0.80681 
   95     23.00000         1821         1531      0.84726 
   96     24.00000         1801         1603      0.88484 
   97     25.00000         1794         1651      0.91089 
   98     26.00000         1729         1644      0.92618 
   99     27.00000         1637         1596      0.94154 
  100     28.00000         1545         1541      0.95593 
  101     29.00000         1486         1503      0.95216 
  102     30.00000         1427         1482      0.95359 
  103     31.00000         1375         1438      0.94561 
  104     32.00000         1343         1417      0.94203 
  105     33.00000         1277         1362      0.93520 
  106     34.00000         1212         1299      0.92951 
  107     35.00000         1142         1238      0.92437 
  108     36.00000         1080         1182      0.91600 
  109     37.00000         1045         1135      0.92018 
  110     38.00000          982         1055      0.92293 
  111     39.00000          918          968      0.92683 
  112     40.00000          840          881      0.92737 
  113     41.00000          759          794      0.91050 
  114     42.00000          669          712      0.88052 
  115     43.00000          583          588      0.87105 
  116     44.00000          525          487      0.87549 
  117     45.00000          468          385      0.87691 
  118     46.00000          398          293      0.84805 
  119     47.00000          330          223      0.80651 
  120     48.00000          261          170      0.78886 
  121     49.00000          196          114      0.73548 
  122     50.00000          146           73      0.66667 
  123     51.00000           98           31      0.48062 
  124     52.00000           55            2      0.07018 
  125     53.00000           21            0      0.00000 
  126     54.00000            2            0      0.00000 
  127     55.00000            0            0      0.00000 
  128     56.00000            0            0      0.00000 
  129     57.00000            0            0      0.00000 
  130     58.00000            0            0      0.00000 
  131     59.00000            0            0      0.00000 
  132     60.00000            0            0      0.00000 
  133     61.00000            0            0      0.00000 
  134     62.00000            0            0      0.00000 
  135     63.00000            0            0      0.00000 
  136     64.00000            0            0      0.00000 
  137     65.00000            0            0      0.00000 
  138     66.00000            0            0      0.00000 
  139     67.00000            0            0      0.00000 
  140     68.00000            0            0      0.00000 
  141     69.00000            0            0      0.00000 
  142     70.00000            0            0      0.00000 
  143     71.00000            0            0      0.00000 
  144     72.00000            0            0      0.00000 
  145     73.00000            0            0      0.00000 
  146     74.00000            0            0      0.00000 
  147     75.00000            0            0      0.00000 
  148     76.00000            0            0      0.00000 
  149     77.00000            0            0      0.00000 
  150     78.00000            0            0      0.00000 
  151     79.00000            0            0      0.00000 
  152     80.00000            0            0      0.00000 
  153     81.00000            0            0      0.00000 
  154     82.00000            0            0      0.00000 
  155     83.00000            0            0      0.00000 
  156     84.00000            0            0      0.00000 
  157     85.00000            0            0      0.00000 
  158     86.00000            0            0      0.00000 
