# 3dSliceNDice -insetA 6m_3min_m3_binary+orig -insetB 6m_4min_m3_binary+orig -prefix 6m_3min_4min_m3
    0    -72.00000            0            0      0.00000 
    1    -71.00000            0            0      0.00000 
    2    -70.00000            0            0      0.00000 
    3    -69.00000            0            0      0.00000 
    4    -68.00000            0            0      0.00000 
    5    -67.00000            0            0      0.00000 
    6    -66.00000            0            0      0.00000 
    7    -65.00000            0            0      0.00000 
    8    -64.00000            0            0      0.00000 
    9    -63.00000            0            0      0.00000 
   10    -62.00000            0            0      0.00000 
   11    -61.00000            0            0      0.00000 
   12    -60.00000            0            0      0.00000 
   13    -59.00000            0            0      0.00000 
   14    -58.00000            0            0      0.00000 
   15    -57.00000            0            0      0.00000 
   16    -56.00000            0            0      0.00000 
   17    -55.00000            0            0      0.00000 
   18    -54.00000            0            0      0.00000 
   19    -53.00000            0            0      0.00000 
   20    -52.00000            0            0      0.00000 
   21    -51.00000            0            0      0.00000 
   22    -50.00000            0            0      0.00000 
   23    -49.00000            0            0      0.00000 
   24    -48.00000            0            0      0.00000 
   25    -47.00000            0            0      0.00000 
   26    -46.00000            0            0      0.00000 
   27    -45.00000            0            0      0.00000 
   28    -44.00000            0            0      0.00000 
   29    -43.00000            0            0      0.00000 
   30    -42.00000            0            0      0.00000 
   31    -41.00000            0            0      0.00000 
   32    -40.00000            0            0      0.00000 
   33    -39.00000            0            0      0.00000 
   34    -38.00000            0            0      0.00000 
   35    -37.00000           12            8      0.80000 
   36    -36.00000           66           53      0.89076 
   37    -35.00000          110           89      0.89447 
   38    -34.00000          161          135      0.91216 
   39    -33.00000          209          179      0.92268 
   40    -32.00000          458          545      0.85942 
   41    -31.00000          690          822      0.88492 
   42    -30.00000          865         1016      0.90484 
   43    -29.00000          995         1159      0.91551 
   44    -28.00000         1096         1266      0.92295 
   45    -27.00000         1505         1705      0.90156 
   46    -26.00000         1911         2055      0.90570 
   47    -25.00000         2236         2310      0.91113 
   48    -24.00000         2460         2493      0.91056 
   49    -23.00000         2659         2664      0.90851 
   50    -22.00000         3800         3950      0.93032 
   51    -21.00000         4307         4489      0.94998 
   52    -20.00000         4603         4799      0.95256 
   53    -19.00000         4802         4984      0.95054 
   54    -18.00000         4984         5090      0.94382 
   55    -17.00000         5196         5350      0.93381 
   56    -16.00000         5419         5473      0.93867 
   57    -15.00000         5627         5596      0.93790 
   58    -14.00000         5730         5689      0.93196 
   59    -13.00000         5748         5667      0.92983 
   60    -12.00000         5683         5584      0.92855 
   61    -11.00000         5610         5486      0.92898 
   62    -10.00000         5544         5397      0.92752 
   63     -9.00000         5362         5205      0.92779 
   64     -8.00000         5119         4908      0.92909 
   65     -7.00000         4786         4511      0.93471 
   66     -6.00000         4661         4404      0.93591 
   67     -5.00000         4508         4270      0.93939 
   68     -4.00000         4274         4071      0.94572 
   69     -3.00000         4036         3881      0.95339 
   70     -2.00000         3824         3652      0.95318 
   71     -1.00000         3691         3501      0.95078 
   72      0.00000         3527         3311      0.94648 
   73      1.00000         3279         3034      0.93585 
   74      2.00000         2996         2684      0.90669 
   75      3.00000         2720         2463      0.89253 
   76      4.00000         2676         2435      0.89415 
   77      5.00000         2558         2344      0.89514 
   78      6.00000         2315         2137      0.89398 
   79      7.00000         1855         1727      0.89224 
   80      8.00000          845          793      0.82784 
   81      9.00000          952          880      0.84825 
   82     10.00000         1033          951      0.86895 
   83     11.00000         1059          970      0.88812 
   84     12.00000         1060          965      0.92148 
   85     13.00000         1143          998      0.93227 
   86     14.00000         1223         1069      0.92845 
   87     15.00000         1292         1144      0.93268 
   88     16.00000         1343         1195      0.93223 
   89     17.00000         1379         1227      0.93016 
   90     18.00000         1495         1320      0.90373 
   91     19.00000         1616         1387      0.87712 
   92     20.00000         1722         1466      0.86386 
   93     21.00000         1763         1471      0.84292 
   94     22.00000         1803         1461      0.82292 
   95     23.00000         1821         1547      0.84620 
   96     24.00000         1801         1626      0.88182 
   97     25.00000         1794         1682      0.90391 
   98     26.00000         1729         1688      0.91952 
   99     27.00000         1637         1657      0.93139 
  100     28.00000         1545         1616      0.94021 
  101     29.00000         1486         1568      0.93648 
  102     30.00000         1427         1530      0.93811 
  103     31.00000         1375         1478      0.93235 
  104     32.00000         1343         1449      0.93123 
  105     33.00000         1277         1388      0.92608 
  106     34.00000         1212         1322      0.92107 
  107     35.00000         1142         1260      0.91590 
  108     36.00000         1080         1180      0.91416 
  109     37.00000         1045         1121      0.91782 
  110     38.00000          982         1016      0.91992 
  111     39.00000          918          905      0.92265 
  112     40.00000          840          785      0.92062 
  113     41.00000          759          661      0.91831 
  114     42.00000          669          561      0.91220 
  115     43.00000          583          473      0.89583 
  116     44.00000          525          417      0.88535 
  117     45.00000          468          359      0.86820 
  118     46.00000          398          300      0.85960 
  119     47.00000          330          244      0.85017 
  120     48.00000          261          210      0.89172 
  121     49.00000          196          166      0.91713 
  122     50.00000          146          135      0.96085 
  123     51.00000           98           96      0.98969 
  124     52.00000           55           55      1.00000 
  125     53.00000           21           21      1.00000 
  126     54.00000            2            2      1.00000 
  127     55.00000            0            0      0.00000 
  128     56.00000            0            0      0.00000 
  129     57.00000            0            0      0.00000 
  130     58.00000            0            0      0.00000 
  131     59.00000            0            0      0.00000 
  132     60.00000            0            0      0.00000 
  133     61.00000            0            0      0.00000 
  134     62.00000            0            0      0.00000 
  135     63.00000            0            0      0.00000 
  136     64.00000            0            0      0.00000 
  137     65.00000            0            0      0.00000 
  138     66.00000            0            0      0.00000 
  139     67.00000            0            0      0.00000 
  140     68.00000            0            0      0.00000 
  141     69.00000            0            0      0.00000 
  142     70.00000            0            0      0.00000 
  143     71.00000            0            0      0.00000 
  144     72.00000            0            0      0.00000 
  145     73.00000            0            0      0.00000 
  146     74.00000            0            0      0.00000 
  147     75.00000            0            0      0.00000 
  148     76.00000            0            0      0.00000 
  149     77.00000            0            0      0.00000 
  150     78.00000            0            0      0.00000 
  151     79.00000            0            0      0.00000 
  152     80.00000            0            0      0.00000 
  153     81.00000            0            0      0.00000 
  154     82.00000            0            0      0.00000 
  155     83.00000            0            0      0.00000 
  156     84.00000            0            0      0.00000 
  157     85.00000            0            0      0.00000 
  158     86.00000            0            0      0.00000 
