# 3dSliceNDice -insetA 6m_3min_m2_binary+orig -insetB 6m_5min_m2_binary+orig -prefix 6m_3min_5min_m2
    0    -72.00000            0            0      0.00000 
    1    -71.00000            0            0      0.00000 
    2    -70.00000            0            0      0.00000 
    3    -69.00000            0            0      0.00000 
    4    -68.00000            0            0      0.00000 
    5    -67.00000            0            0      0.00000 
    6    -66.00000            0            0      0.00000 
    7    -65.00000            0            0      0.00000 
    8    -64.00000            0            0      0.00000 
    9    -63.00000            0            0      0.00000 
   10    -62.00000            0            0      0.00000 
   11    -61.00000            0            0      0.00000 
   12    -60.00000            0            0      0.00000 
   13    -59.00000            0            0      0.00000 
   14    -58.00000            0            0      0.00000 
   15    -57.00000            0            0      0.00000 
   16    -56.00000            0            0      0.00000 
   17    -55.00000            0            0      0.00000 
   18    -54.00000            0            0      0.00000 
   19    -53.00000            0            0      0.00000 
   20    -52.00000            0            0      0.00000 
   21    -51.00000            1            1      1.00000 
   22    -50.00000          273          273      1.00000 
   23    -49.00000          612          612      1.00000 
   24    -48.00000         1079         1079      1.00000 
   25    -47.00000         1337         1337      1.00000 
   26    -46.00000         1606         1604      0.99938 
   27    -45.00000         1826         1811      0.99588 
   28    -44.00000         1959         1938      0.99051 
   29    -43.00000         2118         2084      0.98810 
   30    -42.00000         2248         2187      0.98264 
   31    -41.00000         2359         2267      0.97665 
   32    -40.00000         2447         2332      0.97259 
   33    -39.00000         2528         2387      0.96521 
   34    -38.00000         2595         2432      0.96002 
   35    -37.00000         2593         2409      0.95122 
   36    -36.00000         2601         2418      0.94640 
   37    -35.00000         2582         2402      0.94181 
   38    -34.00000         2561         2366      0.93525 
   39    -33.00000         2551         2374      0.93726 
   40    -32.00000         2545         2364      0.93868 
   41    -31.00000         2564         2368      0.93836 
   42    -30.00000         2584         2374      0.93586 
   43    -29.00000         2607         2375      0.93497 
   44    -28.00000         2666         2439      0.94025 
   45    -27.00000         2660         2446      0.94281 
   46    -26.00000         2635         2449      0.94335 
   47    -25.00000         2603         2450      0.94874 
   48    -24.00000         2508         2391      0.95162 
   49    -23.00000         2424         2346      0.95178 
   50    -22.00000         2346         2268      0.94798 
   51    -21.00000         2277         2196      0.94612 
   52    -20.00000         2190         2098      0.93937 
   53    -19.00000         2067         1965      0.93353 
   54    -18.00000         1969         1899      0.93744 
   55    -17.00000         1970         1901      0.93774 
   56    -16.00000         1989         1933      0.93728 
   57    -15.00000         1977         1953      0.94249 
   58    -14.00000         1890         1904      0.93991 
   59    -13.00000         1796         1887      0.92370 
   60    -12.00000         1755         1858      0.88292 
   61    -11.00000         1774         1872      0.86506 
   62    -10.00000         1760         1876      0.85424 
   63     -9.00000         1669         1814      0.84008 
   64     -8.00000         1527         1739      0.81017 
   65     -7.00000         1363         1772      0.74258 
   66     -6.00000         1345         1816      0.74217 
   67     -5.00000         1331         1842      0.74188 
   68     -4.00000         1260         1782      0.73767 
   69     -3.00000         1155         1633      0.74032 
   70     -2.00000         1072         1279      0.82858 
   71     -1.00000         1131         1313      0.85597 
   72      0.00000         1169         1372      0.86580 
   73      1.00000         1149         1380      0.86279 
   74      2.00000         1145         1384      0.86437 
   75      3.00000         1105         1368      0.85321 
   76      4.00000         1049         1337      0.83152 
   77      5.00000          996         1303      0.80905 
   78      6.00000          895         1241      0.76311 
   79      7.00000          775         1193      0.66870 
   80      8.00000          669         1130      0.59255 
   81      9.00000          623         1083      0.58148 
   82     10.00000          568         1031      0.56785 
   83     11.00000          471          918      0.54284 
   84     12.00000          368          808      0.53061 
   85     13.00000          269          655      0.58225 
   86     14.00000          240          572      0.59113 
   87     15.00000          200          468      0.59880 
   88     16.00000          138          314      0.61062 
   89     17.00000           60          124      0.65217 
   90     18.00000           64            0      0.00000 
   91     19.00000          157            0      0.00000 
   92     20.00000          229            0      0.00000 
   93     21.00000          283            0      0.00000 
   94     22.00000          331            0      0.00000 
   95     23.00000          379           60      0.25057 
   96     24.00000          407          138      0.40000 
   97     25.00000          435          201      0.46541 
   98     26.00000          443          241      0.50585 
   99     27.00000          455          266      0.53537 
  100     28.00000          455          285      0.57297 
  101     29.00000          443          291      0.58311 
  102     30.00000          433          292      0.60414 
  103     31.00000          404          280      0.61111 
  104     32.00000          372          269      0.61154 
  105     33.00000          327          254      0.60929 
  106     34.00000          281          240      0.59501 
  107     35.00000          228          218      0.57399 
  108     36.00000          157          183      0.51765 
  109     37.00000           64          158      0.31532 
  110     38.00000            0          117      0.00000 
  111     39.00000            0           85      0.00000 
  112     40.00000            0           42      0.00000 
  113     41.00000            0           15      0.00000 
  114     42.00000            0            0      0.00000 
  115     43.00000            0            0      0.00000 
  116     44.00000            0            0      0.00000 
  117     45.00000            0            0      0.00000 
  118     46.00000            0            0      0.00000 
  119     47.00000            0            0      0.00000 
  120     48.00000            0            0      0.00000 
  121     49.00000            0            0      0.00000 
  122     50.00000            0            0      0.00000 
  123     51.00000            0            0      0.00000 
  124     52.00000            0            0      0.00000 
  125     53.00000            0            0      0.00000 
  126     54.00000            0            0      0.00000 
  127     55.00000            0            0      0.00000 
  128     56.00000            0            0      0.00000 
  129     57.00000            0            0      0.00000 
  130     58.00000            0            0      0.00000 
  131     59.00000            0            0      0.00000 
  132     60.00000            0            0      0.00000 
  133     61.00000            0            0      0.00000 
  134     62.00000            0            0      0.00000 
  135     63.00000            0            0      0.00000 
  136     64.00000            0            0      0.00000 
  137     65.00000            0            0      0.00000 
  138     66.00000            0            0      0.00000 
  139     67.00000            0            0      0.00000 
  140     68.00000            0            0      0.00000 
  141     69.00000            0            0      0.00000 
  142     70.00000            0            0      0.00000 
  143     71.00000            0            0      0.00000 
  144     72.00000            0            0      0.00000 
  145     73.00000            0            0      0.00000 
  146     74.00000            0            0      0.00000 
  147     75.00000            0            0      0.00000 
  148     76.00000            0            0      0.00000 
  149     77.00000            0            0      0.00000 
  150     78.00000            0            0      0.00000 
  151     79.00000            0            0      0.00000 
  152     80.00000            0            0      0.00000 
  153     81.00000            0            0      0.00000 
  154     82.00000            0            0      0.00000 
  155     83.00000            0            0      0.00000 
  156     84.00000            0            0      0.00000 
  157     85.00000            0            0      0.00000 
  158     86.00000            0            0      0.00000 
