# 3dSliceNDice -insetA 6m_3min_m1_binary+orig -insetB 6m_5min_m1_binary+orig -prefix 6m_3min_5min_m1
    0    -72.00000            0            0      0.00000 
    1    -71.00000            0            0      0.00000 
    2    -70.00000            0            0      0.00000 
    3    -69.00000            0            0      0.00000 
    4    -68.00000            0            0      0.00000 
    5    -67.00000            0            0      0.00000 
    6    -66.00000            0            0      0.00000 
    7    -65.00000            0            0      0.00000 
    8    -64.00000            0            0      0.00000 
    9    -63.00000            0            0      0.00000 
   10    -62.00000            0            0      0.00000 
   11    -61.00000            0            0      0.00000 
   12    -60.00000            0            0      0.00000 
   13    -59.00000            0            0      0.00000 
   14    -58.00000            0            0      0.00000 
   15    -57.00000            0            0      0.00000 
   16    -56.00000            0            0      0.00000 
   17    -55.00000            0            0      0.00000 
   18    -54.00000            0            0      0.00000 
   19    -53.00000            0            0      0.00000 
   20    -52.00000            0            0      0.00000 
   21    -51.00000            1            1      1.00000 
   22    -50.00000          273          273      1.00000 
   23    -49.00000          612          612      1.00000 
   24    -48.00000         1072         1072      1.00000 
   25    -47.00000         1315         1314      0.99734 
   26    -46.00000         1557         1549      0.98905 
   27    -45.00000         1727         1713      0.98256 
   28    -44.00000         1816         1791      0.97477 
   29    -43.00000         1928         1899      0.96838 
   30    -42.00000         1998         1961      0.95984 
   31    -41.00000         2057         2021      0.95586 
   32    -40.00000         2096         2062      0.94998 
   33    -39.00000         2125         2087      0.94207 
   34    -38.00000         2146         2102      0.93644 
   35    -37.00000         2117         2059      0.93008 
   36    -36.00000         2114         2074      0.92073 
   37    -35.00000         2093         2061      0.91286 
   38    -34.00000         2051         2029      0.90245 
   39    -33.00000         2020         1957      0.88911 
   40    -32.00000         2125         2157      0.85614 
   41    -31.00000         2269         2364      0.85474 
   42    -30.00000         2321         2486      0.84585 
   43    -29.00000         2361         2563      0.83428 
   44    -28.00000         2379         2624      0.82870 
   45    -27.00000         2369         2654      0.82102 
   46    -26.00000         2385         2685      0.81657 
   47    -25.00000         2405         2724      0.80484 
   48    -24.00000         2340         2690      0.79165 
   49    -23.00000         2214         2606      0.78091 
   50    -22.00000         2053         2553      0.76248 
   51    -21.00000         2108         2703      0.75909 
   52    -20.00000         2131         2803      0.75314 
   53    -19.00000         2111         2773      0.75266 
   54    -18.00000         2040         2637      0.73380 
   55    -17.00000         1984         2394      0.68342 
   56    -16.00000         2036         2409      0.69876 
   57    -15.00000         2124         2441      0.72202 
   58    -14.00000         2221         2439      0.75408 
   59    -13.00000         2282         2421      0.80119 
   60    -12.00000         2407         2457      0.87706 
   61    -11.00000         2565         2606      0.88764 
   62    -10.00000         2682         2726      0.89386 
   63     -9.00000         2732         2770      0.89495 
   64     -8.00000         2754         2764      0.89561 
   65     -7.00000         2896         2853      0.88850 
   66     -6.00000         3070         3011      0.89327 
   67     -5.00000         3225         3201      0.89636 
   68     -4.00000         3265         3291      0.89597 
   69     -3.00000         3301         3366      0.90385 
   70     -2.00000         3346         3484      0.91157 
   71     -1.00000         3361         3537      0.91273 
   72      0.00000         3389         3582      0.90661 
   73      1.00000         3296         3499      0.89654 
   74      2.00000         3180         3392      0.88071 
   75      3.00000         3075         3307      0.86086 
   76      4.00000         3037         3342      0.85656 
   77      5.00000         3030         3350      0.85831 
   78      6.00000         2914         3262      0.85816 
   79      7.00000         2764         3168      0.85873 
   80      8.00000         2708         3032      0.87491 
   81      9.00000         2680         2958      0.87868 
   82     10.00000         2646         2870      0.88252 
   83     11.00000         2527         2715      0.88172 
   84     12.00000         2373         2540      0.87360 
   85     13.00000         2298         2443      0.85552 
   86     14.00000         2343         2545      0.84615 
   87     15.00000         2389         2623      0.83799 
   88     16.00000         2332         2588      0.83293 
   89     17.00000         2287         2610      0.83357 
   90     18.00000         2480         2727      0.86921 
   91     19.00000         2662         2819      0.89509 
   92     20.00000         2748         2861      0.90818 
   93     21.00000         2704         2809      0.91674 
   94     22.00000         2594         2726      0.92820 
   95     23.00000         2472         2638      0.93346 
   96     24.00000         2431         2610      0.92799 
   97     25.00000         2400         2608      0.92252 
   98     26.00000         2282         2526      0.91681 
   99     27.00000         2172         2426      0.91214 
  100     28.00000         2031         2297      0.90758 
  101     29.00000         1888         2150      0.90589 
  102     30.00000         1755         2019      0.90196 
  103     31.00000         1559         1829      0.89610 
  104     32.00000         1404         1688      0.88939 
  105     33.00000         1316         1604      0.86644 
  106     34.00000         1296         1565      0.84935 
  107     35.00000         1266         1526      0.84312 
  108     36.00000         1247         1464      0.82995 
  109     37.00000         1244         1413      0.81671 
  110     38.00000         1265         1370      0.80759 
  111     39.00000         1238         1287      0.80475 
  112     40.00000         1198         1200      0.80484 
  113     41.00000         1116         1082      0.81711 
  114     42.00000         1048          939      0.82134 
  115     43.00000          930          806      0.84908 
  116     44.00000          810          724      0.88396 
  117     45.00000          734          672      0.91465 
  118     46.00000          645          629      0.94035 
  119     47.00000          559          596      0.96623 
  120     48.00000          496          550      0.94837 
  121     49.00000          414          479      0.92721 
  122     50.00000          319          399      0.88858 
  123     51.00000          224          318      0.82657 
  124     52.00000          164          267      0.76102 
  125     53.00000          110          223      0.66066 
  126     54.00000           57          155      0.53774 
  127     55.00000           23          120      0.32168 
  128     56.00000            0           49      0.00000 
  129     57.00000            0            0      0.00000 
  130     58.00000            0            0      0.00000 
  131     59.00000            0            0      0.00000 
  132     60.00000            0            0      0.00000 
  133     61.00000            0            0      0.00000 
  134     62.00000            0            0      0.00000 
  135     63.00000            0            0      0.00000 
  136     64.00000            0            0      0.00000 
  137     65.00000            0            0      0.00000 
  138     66.00000            0            0      0.00000 
  139     67.00000            0            0      0.00000 
  140     68.00000            0            0      0.00000 
  141     69.00000            0            0      0.00000 
  142     70.00000            0            0      0.00000 
  143     71.00000            0            0      0.00000 
  144     72.00000            0            0      0.00000 
  145     73.00000            0            0      0.00000 
  146     74.00000            0            0      0.00000 
  147     75.00000            0            0      0.00000 
  148     76.00000            0            0      0.00000 
  149     77.00000            0            0      0.00000 
  150     78.00000            0            0      0.00000 
  151     79.00000            0            0      0.00000 
  152     80.00000            0            0      0.00000 
  153     81.00000            0            0      0.00000 
  154     82.00000            0            0      0.00000 
  155     83.00000            0            0      0.00000 
  156     84.00000            0            0      0.00000 
  157     85.00000            0            0      0.00000 
  158     86.00000            0            0      0.00000 
