# 3dSliceNDice -insetA 6m_3min_m1_binary+orig -insetB 6m_5min_m1_binary+orig -prefix 6m_3min_5min_m1
    0     96.00000            0            0      0.00000 
    1     95.00000            0            0      0.00000 
    2     94.00000            0            0      0.00000 
    3     93.00000            0            0      0.00000 
    4     92.00000            0            0      0.00000 
    5     91.00000            0            0      0.00000 
    6     90.00000            0            0      0.00000 
    7     89.00000            0            0      0.00000 
    8     88.00000            0            0      0.00000 
    9     87.00000            0            0      0.00000 
   10     86.00000            0            0      0.00000 
   11     85.00000            0            0      0.00000 
   12     84.00000            0            0      0.00000 
   13     83.00000            0            0      0.00000 
   14     82.00000            0            0      0.00000 
   15     81.00000            0            0      0.00000 
   16     80.00000            0            0      0.00000 
   17     79.00000            0            0      0.00000 
   18     78.00000            0            0      0.00000 
   19     77.00000            0            0      0.00000 
   20     76.00000            0            0      0.00000 
   21     75.00000            0            0      0.00000 
   22     74.00000            0            0      0.00000 
   23     73.00000            0            0      0.00000 
   24     72.00000            0            0      0.00000 
   25     71.00000            0            0      0.00000 
   26     70.00000            0            0      0.00000 
   27     69.00000            0            0      0.00000 
   28     68.00000            0            0      0.00000 
   29     67.00000            0            0      0.00000 
   30     66.00000            0            0      0.00000 
   31     65.00000            0            0      0.00000 
   32     64.00000            0            0      0.00000 
   33     63.00000            0            0      0.00000 
   34     62.00000            0            0      0.00000 
   35     61.00000            0            0      0.00000 
   36     60.00000            0            0      0.00000 
   37     59.00000            0            0      0.00000 
   38     58.00000           12            0      0.00000 
   39     57.00000           84            0      0.00000 
   40     56.00000          160           27      0.28877 
   41     55.00000          252          131      0.68407 
   42     54.00000          347          230      0.79723 
   43     53.00000          457          337      0.84887 
   44     52.00000          575          452      0.88023 
   45     51.00000          667          533      0.88833 
   46     50.00000          751          614      0.89963 
   47     49.00000          802          680      0.91768 
   48     48.00000          869          745      0.92317 
   49     47.00000          915          799      0.93232 
   50     46.00000          934          826      0.93864 
   51     45.00000          934          846      0.94607 
   52     44.00000          923          851      0.94476 
   53     43.00000          952          897      0.94754 
   54     42.00000          962          919      0.94631 
   55     41.00000          977          948      0.94857 
   56     40.00000          972          933      0.93963 
   57     39.00000          949          877      0.92004 
   58     38.00000          952          831      0.88727 
   59     37.00000          991          842      0.84670 
   60     36.00000         1095          947      0.83252 
   61     35.00000         1171         1029      0.81273 
   62     34.00000         1193         1046      0.78428 
   63     33.00000         1192         1050      0.75914 
   64     32.00000         1184         1152      0.78596 
   65     31.00000         1266         1279      0.80000 
   66     30.00000         1359         1428      0.81808 
   67     29.00000         1409         1521      0.83345 
   68     28.00000         1444         1599      0.84719 
   69     27.00000         1478         1689      0.86517 
   70     26.00000         1544         1771      0.87602 
   71     25.00000         1642         1882      0.87855 
   72     24.00000         1707         1978      0.87544 
   73     23.00000         1791         2082      0.87736 
   74     22.00000         1870         2182      0.87414 
   75     21.00000         1943         2278      0.86946 
   76     20.00000         2027         2382      0.86777 
   77     19.00000         2071         2448      0.86568 
   78     18.00000         2104         2526      0.86048 
   79     17.00000         2197         2625      0.83783 
   80     16.00000         2274         2714      0.81756 
   81     15.00000         2337         2795      0.80047 
   82     14.00000         2320         2801      0.77641 
   83     13.00000         2244         2760      0.75100 
   84     12.00000         2348         2814      0.76908 
   85     11.00000         2512         2915      0.79233 
   86     10.00000         2631         2952      0.80602 
   87      9.00000         2664         2906      0.81759 
   88      8.00000         2627         2789      0.81388 
   89      7.00000         2595         2592      0.83169 
   90      6.00000         2603         2596      0.84824 
   91      5.00000         2585         2558      0.86486 
   92      4.00000         2492         2437      0.87969 
   93      3.00000         2405         2315      0.89322 
   94      2.00000         2313         2246      0.89449 
   95      1.00000         2203         2230      0.87977 
   96      0.00000         2156         2259      0.87067 
   97     -1.00000         2139         2331      0.85996 
   98     -2.00000         2170         2470      0.84483 
   99     -3.00000         2483         2645      0.88846 
  100     -4.00000         2733         2823      0.92369 
  101     -5.00000         2902         3029      0.93138 
  102     -6.00000         2959         3136      0.92568 
  103     -7.00000         2978         3205      0.91832 
  104     -8.00000         2981         3286      0.90633 
  105     -9.00000         2992         3385      0.89886 
  106    -10.00000         3044         3473      0.89581 
  107    -11.00000         3053         3499      0.89194 
  108    -12.00000         2985         3511      0.87900 
  109    -13.00000         2942         3550      0.86044 
  110    -14.00000         3051         3598      0.86870 
  111    -15.00000         3168         3655      0.88290 
  112    -16.00000         3214         3639      0.89596 
  113    -17.00000         3269         3605      0.91126 
  114    -18.00000         3291         3498      0.93151 
  115    -19.00000         3257         3473      0.93343 
  116    -20.00000         3250         3466      0.93627 
  117    -21.00000         3140         3385      0.93364 
  118    -22.00000         3045         3345      0.92864 
  119    -23.00000         2940         3268      0.91012 
  120    -24.00000         2854         3189      0.89426 
  121    -25.00000         2763         3092      0.88232 
  122    -26.00000         2620         2920      0.87292 
  123    -27.00000         2520         2746      0.86441 
  124    -28.00000         2459         2740      0.84632 
  125    -29.00000         2444         2759      0.85259 
  126    -30.00000         2381         2708      0.85636 
  127    -31.00000         2180         2534      0.84429 
  128    -32.00000         1947         2315      0.82121 
  129    -33.00000         1724         2020      0.78900 
  130    -34.00000         1780         2037      0.79277 
  131    -35.00000         1809         2064      0.79886 
  132    -36.00000         1777         2027      0.80599 
  133    -37.00000         1748         2020      0.80626 
  134    -38.00000         1779         2004      0.81893 
  135    -39.00000         1817         1961      0.83113 
  136    -40.00000         1863         1944      0.84266 
  137    -41.00000         1860         1884      0.85630 
  138    -42.00000         1855         1856      0.86661 
  139    -43.00000         1804         1782      0.87953 
  140    -44.00000         1725         1706      0.89245 
  141    -45.00000         1658         1623      0.90338 
  142    -46.00000         1540         1525      0.92724 
  143    -47.00000         1415         1402      0.93788 
  144    -48.00000         1298         1298      0.93837 
  145    -49.00000         1213         1224      0.94132 
  146    -50.00000         1078         1100      0.94307 
  147    -51.00000          917          931      0.94264 
  148    -52.00000          776          792      0.93495 
  149    -53.00000          590          608      0.92654 
  150    -54.00000          425          425      0.91765 
  151    -55.00000          267          252      0.90173 
  152    -56.00000          148          125      0.84982 
  153    -57.00000           93           46      0.66187 
  154    -58.00000            3            0      0.00000 
  155    -59.00000            0            0      0.00000 
  156    -60.00000            0            0      0.00000 
  157    -61.00000            0            0      0.00000 
  158    -62.00000            0            0      0.00000 
  159    -63.00000            0            0      0.00000 
  160    -64.00000            0            0      0.00000 
  161    -65.00000            0            0      0.00000 
  162    -66.00000            0            0      0.00000 
  163    -67.00000            0            0      0.00000 
  164    -68.00000            0            0      0.00000 
  165    -69.00000            0            0      0.00000 
  166    -70.00000            0            0      0.00000 
  167    -71.00000            0            0      0.00000 
  168    -72.00000            0            0      0.00000 
  169    -73.00000            0            0      0.00000 
  170    -74.00000            0            0      0.00000 
  171    -75.00000            0            0      0.00000 
  172    -76.00000            0            0      0.00000 
  173    -77.00000            0            0      0.00000 
  174    -78.00000            0            0      0.00000 
  175    -79.00000            0            0      0.00000 
  176    -80.00000            0            0      0.00000 
  177    -81.00000            0            0      0.00000 
  178    -82.00000            0            0      0.00000 
  179    -83.00000            0            0      0.00000 
  180    -84.00000            0            0      0.00000 
  181    -85.00000            0            0      0.00000 
  182    -86.00000            0            0      0.00000 
  183    -87.00000            0            0      0.00000 
  184    -88.00000            0            0      0.00000 
  185    -89.00000            0            0      0.00000 
  186    -90.00000            0            0      0.00000 
  187    -91.00000            0            0      0.00000 
  188    -92.00000            0            0      0.00000 
  189    -93.00000            0            0      0.00000 
  190    -94.00000            0            0      0.00000 
  191    -95.00000            0            0      0.00000 
  192    -96.00000            0            0      0.00000 
  193    -97.00000            0            0      0.00000 
  194    -98.00000            0            0      0.00000 
