# 3dSliceNDice -insetA 6m_3min_m3_binary+orig -insetB 6m_4min_m3_binary+orig -prefix 6m_3min_4min_m3
    0     96.00000            0            0      0.00000 
    1     95.00000            0            0      0.00000 
    2     94.00000            0            0      0.00000 
    3     93.00000            0            0      0.00000 
    4     92.00000            0            0      0.00000 
    5     91.00000            0            0      0.00000 
    6     90.00000            0            0      0.00000 
    7     89.00000            0            0      0.00000 
    8     88.00000            0            0      0.00000 
    9     87.00000            0            0      0.00000 
   10     86.00000            0            0      0.00000 
   11     85.00000            0            0      0.00000 
   12     84.00000            0            0      0.00000 
   13     83.00000            0            0      0.00000 
   14     82.00000            0            0      0.00000 
   15     81.00000            0            0      0.00000 
   16     80.00000            0            0      0.00000 
   17     79.00000            0            0      0.00000 
   18     78.00000            0            0      0.00000 
   19     77.00000            0            0      0.00000 
   20     76.00000            0            0      0.00000 
   21     75.00000            0            0      0.00000 
   22     74.00000            0            0      0.00000 
   23     73.00000            0            0      0.00000 
   24     72.00000            0            0      0.00000 
   25     71.00000            0            0      0.00000 
   26     70.00000            0            0      0.00000 
   27     69.00000            0            0      0.00000 
   28     68.00000            0            0      0.00000 
   29     67.00000            0            0      0.00000 
   30     66.00000            0            0      0.00000 
   31     65.00000            0            0      0.00000 
   32     64.00000            0            0      0.00000 
   33     63.00000            0            0      0.00000 
   34     62.00000            0            0      0.00000 
   35     61.00000            0            0      0.00000 
   36     60.00000            0            0      0.00000 
   37     59.00000            0            0      0.00000 
   38     58.00000            0            0      0.00000 
   39     57.00000            0            0      0.00000 
   40     56.00000            0            0      0.00000 
   41     55.00000            0            0      0.00000 
   42     54.00000            0            0      0.00000 
   43     53.00000            0            0      0.00000 
   44     52.00000            0            0      0.00000 
   45     51.00000            0            0      0.00000 
   46     50.00000            0            0      0.00000 
   47     49.00000            0            0      0.00000 
   48     48.00000            0            0      0.00000 
   49     47.00000           60           32      0.69565 
   50     46.00000          138           88      0.77876 
   51     45.00000          204          140      0.81395 
   52     44.00000          254          180      0.82949 
   53     43.00000          296          216      0.84375 
   54     42.00000          357          290      0.89335 
   55     41.00000          471          451      0.91323 
   56     40.00000          618          621      0.91364 
   57     39.00000          736          761      0.91784 
   58     38.00000          863          893      0.92938 
   59     37.00000         1023         1063      0.93672 
   60     36.00000         1158         1185      0.93470 
   61     35.00000         1284         1315      0.93267 
   62     34.00000         1390         1409      0.92747 
   63     33.00000         1476         1488      0.92578 
   64     32.00000         1561         1573      0.92406 
   65     31.00000         1616         1614      0.92817 
   66     30.00000         1687         1685      0.92942 
   67     29.00000         1712         1718      0.92886 
   68     28.00000         1746         1747      0.92929 
   69     27.00000         1744         1743      0.92515 
   70     26.00000         1718         1722      0.92093 
   71     25.00000         1709         1703      0.92204 
   72     24.00000         1647         1668      0.91825 
   73     23.00000         1582         1630      0.92154 
   74     22.00000         1568         1634      0.92442 
   75     21.00000         1602         1684      0.93244 
   76     20.00000         1650         1746      0.93757 
   77     19.00000         1667         1786      0.92963 
   78     18.00000         1674         1824      0.92110 
   79     17.00000         2089         2138      0.91460 
   80     16.00000         2364         2360      0.92591 
   81     15.00000         2554         2531      0.93294 
   82     14.00000         2713         2662      0.94028 
   83     13.00000         2850         2775      0.94613 
   84     12.00000         2984         2892      0.95201 
   85     11.00000         3040         2973      0.95659 
   86     10.00000         3140         3092      0.95924 
   87      9.00000         3215         3176      0.95854 
   88      8.00000         3276         3246      0.95891 
   89      7.00000         3326         3307      0.95884 
   90      6.00000         3332         3301      0.95583 
   91      5.00000         3340         3324      0.95528 
   92      4.00000         3335         3319      0.95521 
   93      3.00000         3330         3318      0.95578 
   94      2.00000         3283         3260      0.95736 
   95      1.00000         3191         3151      0.96121 
   96      0.00000         3119         3036      0.96117 
   97     -1.00000         3165         3020      0.96006 
   98     -2.00000         3286         3084      0.95793 
   99     -3.00000         3350         3083      0.95259 
  100     -4.00000         3377         3081      0.95045 
  101     -5.00000         3384         3057      0.94861 
  102     -6.00000         3316         3003      0.94667 
  103     -7.00000         3259         2975      0.94514 
  104     -8.00000         3148         2910      0.94156 
  105     -9.00000         3066         2842      0.94144 
  106    -10.00000         2970         2747      0.94070 
  107    -11.00000         2823         2631      0.93803 
  108    -12.00000         2603         2431      0.93643 
  109    -13.00000         2241         2082      0.94286 
  110    -14.00000         2177         2029      0.94722 
  111    -15.00000         2111         1967      0.95390 
  112    -16.00000         2016         1897      0.95528 
  113    -17.00000         1969         1866      0.95124 
  114    -18.00000         1961         1898      0.94584 
  115    -19.00000         1974         1952      0.93938 
  116    -20.00000         1942         1985      0.93303 
  117    -21.00000         1835         1959      0.92251 
  118    -22.00000         1701         1930      0.91380 
  119    -23.00000         1603         1867      0.88934 
  120    -24.00000         1601         1795      0.87809 
  121    -25.00000         1612         1713      0.87519 
  122    -26.00000         1569         1594      0.87132 
  123    -27.00000         1526         1487      0.86824 
  124    -28.00000         1494         1439      0.85782 
  125    -29.00000         1472         1498      0.82828 
  126    -30.00000         1477         1553      0.80660 
  127    -31.00000         1413         1521      0.78528 
  128    -32.00000         1386         1521      0.76299 
  129    -33.00000         1554         1573      0.74704 
  130    -34.00000         1725         1635      0.76071 
  131    -35.00000         1851         1679      0.77847 
  132    -36.00000         1872         1635      0.79327 
  133    -37.00000         1862         1564      0.78984 
  134    -38.00000         1871         1535      0.82149 
  135    -39.00000         1870         1562      0.84441 
  136    -40.00000         1865         1607      0.87500 
  137    -41.00000         1755         1572      0.89690 
  138    -42.00000         1657         1538      0.91643 
  139    -43.00000         1613         1519      0.91954 
  140    -44.00000         1558         1471      0.92374 
  141    -45.00000         1508         1420      0.92691 
  142    -46.00000         1404         1330      0.93489 
  143    -47.00000         1295         1232      0.93866 
  144    -48.00000         1160         1126      0.94663 
  145    -49.00000         1027         1017      0.95108 
  146    -50.00000          890          904      0.95987 
  147    -51.00000          720          743      0.96787 
  148    -52.00000          584          615      0.97415 
  149    -53.00000          433          455      0.97523 
  150    -54.00000          333          345      0.98230 
  151    -55.00000          231          233      0.99569 
  152    -56.00000          144          144      1.00000 
  153    -57.00000           61           61      1.00000 
  154    -58.00000            4            4      1.00000 
  155    -59.00000            0            0      0.00000 
  156    -60.00000            0            0      0.00000 
  157    -61.00000            0            0      0.00000 
  158    -62.00000            0            0      0.00000 
  159    -63.00000            0            0      0.00000 
  160    -64.00000            0            0      0.00000 
  161    -65.00000            0            0      0.00000 
  162    -66.00000            0            0      0.00000 
  163    -67.00000            0            0      0.00000 
  164    -68.00000            0            0      0.00000 
  165    -69.00000            0            0      0.00000 
  166    -70.00000            0            0      0.00000 
  167    -71.00000            0            0      0.00000 
  168    -72.00000            0            0      0.00000 
  169    -73.00000            0            0      0.00000 
  170    -74.00000            0            0      0.00000 
  171    -75.00000            0            0      0.00000 
  172    -76.00000            0            0      0.00000 
  173    -77.00000            0            0      0.00000 
  174    -78.00000            0            0      0.00000 
  175    -79.00000            0            0      0.00000 
  176    -80.00000            0            0      0.00000 
  177    -81.00000            0            0      0.00000 
  178    -82.00000            0            0      0.00000 
  179    -83.00000            0            0      0.00000 
  180    -84.00000            0            0      0.00000 
  181    -85.00000            0            0      0.00000 
  182    -86.00000            0            0      0.00000 
  183    -87.00000            0            0      0.00000 
  184    -88.00000            0            0      0.00000 
  185    -89.00000            0            0      0.00000 
  186    -90.00000            0            0      0.00000 
  187    -91.00000            0            0      0.00000 
  188    -92.00000            0            0      0.00000 
  189    -93.00000            0            0      0.00000 
  190    -94.00000            0            0      0.00000 
  191    -95.00000            0            0      0.00000 
  192    -96.00000            0            0      0.00000 
  193    -97.00000            0            0      0.00000 
  194    -98.00000            0            0      0.00000 
