# 3dSliceNDice -insetA 6m_3min_m1_binary+orig -insetB 6m_4min_m1_binary+orig -prefix 6m_3min_4min_m1
    0    -72.00000            0            0      0.00000 
    1    -71.00000            0            0      0.00000 
    2    -70.00000            0            0      0.00000 
    3    -69.00000            0            0      0.00000 
    4    -68.00000            0            0      0.00000 
    5    -67.00000            0            0      0.00000 
    6    -66.00000            0            0      0.00000 
    7    -65.00000            0            0      0.00000 
    8    -64.00000            0            0      0.00000 
    9    -63.00000            0            0      0.00000 
   10    -62.00000            0            0      0.00000 
   11    -61.00000            0            0      0.00000 
   12    -60.00000            0            0      0.00000 
   13    -59.00000            0            0      0.00000 
   14    -58.00000            0            0      0.00000 
   15    -57.00000            0            0      0.00000 
   16    -56.00000            0            0      0.00000 
   17    -55.00000            0            0      0.00000 
   18    -54.00000            0            0      0.00000 
   19    -53.00000            0            0      0.00000 
   20    -52.00000            0            0      0.00000 
   21    -51.00000            1            1      1.00000 
   22    -50.00000          273          273      1.00000 
   23    -49.00000          612          612      1.00000 
   24    -48.00000         1072         1079      0.99675 
   25    -47.00000         1315         1337      0.99170 
   26    -46.00000         1557         1598      0.98320 
   27    -45.00000         1727         1773      0.97714 
   28    -44.00000         1816         1846      0.97215 
   29    -43.00000         1928         1947      0.96877 
   30    -42.00000         1998         2009      0.96781 
   31    -41.00000         2057         2067      0.96363 
   32    -40.00000         2096         2114      0.95962 
   33    -39.00000         2125         2154      0.95630 
   34    -38.00000         2146         2173      0.95068 
   35    -37.00000         2117         2137      0.94875 
   36    -36.00000         2114         2122      0.94759 
   37    -35.00000         2093         2082      0.94659 
   38    -34.00000         2051         2029      0.94363 
   39    -33.00000         2020         2013      0.94421 
   40    -32.00000         2125         2379      0.89520 
   41    -31.00000         2269         2668      0.87948 
   42    -30.00000         2321         2818      0.86943 
   43    -29.00000         2361         2926      0.86325 
   44    -28.00000         2379         3009      0.85115 
   45    -27.00000         2369         3062      0.83484 
   46    -26.00000         2385         3086      0.83239 
   47    -25.00000         2405         3126      0.82878 
   48    -24.00000         2340         3065      0.82183 
   49    -23.00000         2214         2956      0.81586 
   50    -22.00000         2053         2883      0.80105 
   51    -21.00000         2108         3007      0.79374 
   52    -20.00000         2131         3060      0.79253 
   53    -19.00000         2111         2993      0.79232 
   54    -18.00000         2040         2854      0.79362 
   55    -17.00000         1984         2615      0.78495 
   56    -16.00000         2036         2619      0.79398 
   57    -15.00000         2124         2647      0.80822 
   58    -14.00000         2221         2632      0.83330 
   59    -13.00000         2282         2527      0.87295 
   60    -12.00000         2407         2524      0.91584 
   61    -11.00000         2565         2672      0.91235 
   62    -10.00000         2682         2775      0.91186 
   63     -9.00000         2732         2815      0.90968 
   64     -8.00000         2754         2823      0.91053 
   65     -7.00000         2896         2941      0.89772 
   66     -6.00000         3070         3121      0.90680 
   67     -5.00000         3225         3278      0.90943 
   68     -4.00000         3265         3342      0.90571 
   69     -3.00000         3301         3369      0.90375 
   70     -2.00000         3346         3453      0.89866 
   71     -1.00000         3361         3539      0.89652 
   72      0.00000         3389         3643      0.89192 
   73      1.00000         3296         3645      0.88489 
   74      2.00000         3180         3647      0.87828 
   75      3.00000         3075         3609      0.87283 
   76      4.00000         3037         3568      0.87086 
   77      5.00000         3030         3516      0.87259 
   78      6.00000         2914         3333      0.86922 
   79      7.00000         2764         3142      0.86251 
   80      8.00000         2708         2957      0.86849 
   81      9.00000         2680         2870      0.86811 
   82     10.00000         2646         2764      0.86765 
   83     11.00000         2527         2574      0.86062 
   84     12.00000         2373         2325      0.85781 
   85     13.00000         2298         1942      0.86179 
   86     14.00000         2343         1886      0.83802 
   87     15.00000         2389         1829      0.81128 
   88     16.00000         2332         1679      0.77936 
   89     17.00000         2287         1548      0.74993 
   90     18.00000         2480         1602      0.72660 
   91     19.00000         2662         1688      0.73287 
   92     20.00000         2748         1696      0.73222 
   93     21.00000         2704         1635      0.72828 
   94     22.00000         2594         1492      0.71219 
   95     23.00000         2472         1345      0.68483 
   96     24.00000         2431         1375      0.69732 
   97     25.00000         2400         1406      0.70625 
   98     26.00000         2282         1400      0.71917 
   99     27.00000         2172         1396      0.74159 
  100     28.00000         2031         1374      0.76476 
  101     29.00000         1888         1318      0.78228 
  102     30.00000         1755         1290      0.80788 
  103     31.00000         1559         1242      0.84970 
  104     32.00000         1404         1219      0.88448 
  105     33.00000         1316         1195      0.88331 
  106     34.00000         1296         1180      0.86834 
  107     35.00000         1266         1157      0.86669 
  108     36.00000         1247         1150      0.86108 
  109     37.00000         1244         1139      0.85355 
  110     38.00000         1265         1143      0.83970 
  111     39.00000         1238         1109      0.83596 
  112     40.00000         1198         1074      0.83891 
  113     41.00000         1116         1002      0.85175 
  114     42.00000         1048          938      0.86707 
  115     43.00000          930          834      0.89229 
  116     44.00000          810          740      0.91871 
  117     45.00000          734          656      0.93957 
  118     46.00000          645          564      0.93300 
  119     47.00000          559          481      0.92500 
  120     48.00000          496          429      0.92757 
  121     49.00000          414          363      0.93436 
  122     50.00000          319          288      0.94893 
  123     51.00000          224          213      0.97483 
  124     52.00000          164          164      1.00000 
  125     53.00000          110          110      1.00000 
  126     54.00000           57           57      1.00000 
  127     55.00000           23           23      1.00000 
  128     56.00000            0            0      0.00000 
  129     57.00000            0            0      0.00000 
  130     58.00000            0            0      0.00000 
  131     59.00000            0            0      0.00000 
  132     60.00000            0            0      0.00000 
  133     61.00000            0            0      0.00000 
  134     62.00000            0            0      0.00000 
  135     63.00000            0            0      0.00000 
  136     64.00000            0            0      0.00000 
  137     65.00000            0            0      0.00000 
  138     66.00000            0            0      0.00000 
  139     67.00000            0            0      0.00000 
  140     68.00000            0            0      0.00000 
  141     69.00000            0            0      0.00000 
  142     70.00000            0            0      0.00000 
  143     71.00000            0            0      0.00000 
  144     72.00000            0            0      0.00000 
  145     73.00000            0            0      0.00000 
  146     74.00000            0            0      0.00000 
  147     75.00000            0            0      0.00000 
  148     76.00000            0            0      0.00000 
  149     77.00000            0            0      0.00000 
  150     78.00000            0            0      0.00000 
  151     79.00000            0            0      0.00000 
  152     80.00000            0            0      0.00000 
  153     81.00000            0            0      0.00000 
  154     82.00000            0            0      0.00000 
  155     83.00000            0            0      0.00000 
  156     84.00000            0            0      0.00000 
  157     85.00000            0            0      0.00000 
  158     86.00000            0            0      0.00000 
