# 3dSliceNDice -insetA 6m_3min_m1_binary+orig -insetB 6m_5min_m1_binary+orig -prefix 6m_3min_5min_m1
    0    134.00000            0            0      0.00000 
    1    133.00000            0            0      0.00000 
    2    132.00000            0            0      0.00000 
    3    131.00000            0            0      0.00000 
    4    130.00000            0            0      0.00000 
    5    129.00000            0            0      0.00000 
    6    128.00000            0            0      0.00000 
    7    127.00000            0            0      0.00000 
    8    126.00000            0            0      0.00000 
    9    125.00000            0            0      0.00000 
   10    124.00000            0            0      0.00000 
   11    123.00000            0            0      0.00000 
   12    122.00000            0            0      0.00000 
   13    121.00000            0            0      0.00000 
   14    120.00000            0            0      0.00000 
   15    119.00000            0            0      0.00000 
   16    118.00000            0            0      0.00000 
   17    117.00000            0            0      0.00000 
   18    116.00000            0            0      0.00000 
   19    115.00000            0            0      0.00000 
   20    114.00000            0            0      0.00000 
   21    113.00000            0            0      0.00000 
   22    112.00000            0            0      0.00000 
   23    111.00000            0            0      0.00000 
   24    110.00000            0            0      0.00000 
   25    109.00000            0            0      0.00000 
   26    108.00000            0            0      0.00000 
   27    107.00000            0            0      0.00000 
   28    106.00000            0            0      0.00000 
   29    105.00000            0            0      0.00000 
   30    104.00000            0            0      0.00000 
   31    103.00000            0            0      0.00000 
   32    102.00000            0            0      0.00000 
   33    101.00000            0            0      0.00000 
   34    100.00000            0            0      0.00000 
   35     99.00000            0            0      0.00000 
   36     98.00000            0            0      0.00000 
   37     97.00000            0            0      0.00000 
   38     96.00000            0            0      0.00000 
   39     95.00000            0            0      0.00000 
   40     94.00000            0            0      0.00000 
   41     93.00000            0            0      0.00000 
   42     92.00000            0            0      0.00000 
   43     91.00000            0            0      0.00000 
   44     90.00000            0            0      0.00000 
   45     89.00000            0            0      0.00000 
   46     88.00000            0            0      0.00000 
   47     87.00000            0            0      0.00000 
   48     86.00000            0            0      0.00000 
   49     85.00000            0            0      0.00000 
   50     84.00000            6            6      1.00000 
   51     83.00000          136          139      0.98909 
   52     82.00000          284          301      0.97094 
   53     81.00000          433          468      0.96115 
   54     80.00000          594          670      0.93987 
   55     79.00000          731          840      0.93062 
   56     78.00000          855          985      0.92935 
   57     77.00000          966         1132      0.92088 
   58     76.00000         1077         1307      0.90352 
   59     75.00000         1190         1445      0.90323 
   60     74.00000         1281         1565      0.90021 
   61     73.00000         1368         1680      0.89764 
   62     72.00000         1446         1810      0.88821 
   63     71.00000         1511         1983      0.86090 
   64     70.00000         1648         2202      0.85039 
   65     69.00000         1686         2343      0.83098 
   66     68.00000         1705         2432      0.81798 
   67     67.00000         1727         2527      0.80724 
   68     66.00000         1787         2655      0.80279 
   69     65.00000         1864         2783      0.80095 
   70     64.00000         1883         2857      0.79409 
   71     63.00000         1906         2907      0.79119 
   72     62.00000         1904         2894      0.78366 
   73     61.00000         1936         2865      0.77276 
   74     60.00000         1949         2811      0.75462 
   75     59.00000         1887         2671      0.73497 
   76     58.00000         1801         2561      0.70151 
   77     57.00000         1919         2765      0.71947 
   78     56.00000         2145         3020      0.75431 
   79     55.00000         2284         3126      0.77523 
   80     54.00000         2389         3114      0.79847 
   81     53.00000         2491         3025      0.82705 
   82     52.00000         2647         2980      0.86369 
   83     51.00000         2740         3042      0.86579 
   84     50.00000         2866         3154      0.87176 
   85     49.00000         2874         3153      0.87539 
   86     48.00000         2862         3156      0.87072 
   87     47.00000         2936         3151      0.88122 
   88     46.00000         3080         3152      0.88639 
   89     45.00000         3191         3180      0.89531 
   90     44.00000         3229         3148      0.89980 
   91     43.00000         3212         3039      0.90801 
   92     42.00000         3183         2967      0.91285 
   93     41.00000         3189         3066      0.90104 
   94     40.00000         3245         3168      0.89849 
   95     39.00000         3213         3194      0.89964 
   96     38.00000         3214         3239      0.90222 
   97     37.00000         3339         3273      0.91894 
   98     36.00000         3409         3286      0.92577 
   99     35.00000         3395         3289      0.93327 
  100     34.00000         3316         3221      0.93499 
  101     33.00000         3237         3144      0.93590 
  102     32.00000         3160         3054      0.93917 
  103     31.00000         3135         3041      0.94041 
  104     30.00000         3120         3021      0.94284 
  105     29.00000         3066         2942      0.94141 
  106     28.00000         3031         2857      0.93716 
  107     27.00000         2948         2757      0.93357 
  108     26.00000         2877         2674      0.93389 
  109     25.00000         2805         2583      0.92947 
  110     24.00000         2683         2437      0.91758 
  111     23.00000         2573         2315      0.90794 
  112     22.00000         2445         2163      0.89280 
  113     21.00000         2288         2002      0.88205 
  114     20.00000         2096         1803      0.86484 
  115     19.00000         1850         1575      0.84964 
  116     18.00000         1583         1345      0.84563 
  117     17.00000         1285         1129      0.85336 
  118     16.00000         1183         1044      0.84418 
  119     15.00000         1075          954      0.82602 
  120     14.00000          944          850      0.79710 
  121     13.00000          745          728      0.73456 
  122     12.00000          461          563      0.63086 
  123     11.00000          419          486      0.63646 
  124     10.00000          371          397      0.64062 
  125      9.00000          295          266      0.62389 
  126      8.00000          224          142      0.60109 
  127      7.00000           64           11      0.29333 
  128      6.00000           21            0      0.00000 
  129      5.00000            8            0      0.00000 
  130      4.00000            0            0      0.00000 
  131      3.00000            0            0      0.00000 
  132      2.00000            0            0      0.00000 
  133      1.00000            0            0      0.00000 
  134      0.00000            0            0      0.00000 
  135     -1.00000            0            0      0.00000 
  136     -2.00000            0            0      0.00000 
  137     -3.00000           96          200      0.43243 
  138     -4.00000          245          382      0.50080 
  139     -5.00000          369          510      0.52105 
  140     -6.00000          463          604      0.53046 
  141     -7.00000          547          676      0.54620 
  142     -8.00000          720          870      0.68679 
  143     -9.00000          911          995      0.77125 
  144    -10.00000         1069         1117      0.79231 
  145    -11.00000         1165         1183      0.80494 
  146    -12.00000         1243         1241      0.81804 
  147    -13.00000         1315         1303      0.82506 
  148    -14.00000         1333         1334      0.84214 
  149    -15.00000         1385         1374      0.85176 
  150    -16.00000         1389         1387      0.86744 
  151    -17.00000         1391         1423      0.88984 
  152    -18.00000         1414         1439      0.90151 
  153    -19.00000         1424         1439      0.90604 
  154    -20.00000         1439         1438      0.91137 
  155    -21.00000         1399         1413      0.90683 
  156    -22.00000         1393         1406      0.89603 
  157    -23.00000         1333         1374      0.88733 
  158    -24.00000         1270         1337      0.87610 
  159    -25.00000         1186         1299      0.86600 
  160    -26.00000         1052         1216      0.85185 
  161    -27.00000          854         1139      0.82689 
  162    -28.00000          816         1147      0.79878 
  163    -29.00000          968         1236      0.81579 
  164    -30.00000         1091         1303      0.83876 
  165    -31.00000         1171         1325      0.85657 
  166    -32.00000         1245         1342      0.87901 
  167    -33.00000         1321         1377      0.89325 
  168    -34.00000         1405         1427      0.91596 
  169    -35.00000         1472         1481      0.93803 
  170    -36.00000         1478         1469      0.94808 
  171    -37.00000         1484         1466      0.95051 
  172    -38.00000         1468         1439      0.95287 
  173    -39.00000         1437         1395      0.94845 
  174    -40.00000         1410         1366      0.95317 
  175    -41.00000         1355         1286      0.94661 
  176    -42.00000         1284         1217      0.92843 
  177    -43.00000         1203         1140      0.90568 
  178    -44.00000         1159         1072      0.90542 
  179    -45.00000         1108          999      0.90650 
  180    -46.00000         1013          908      0.89537 
  181    -47.00000          952          837      0.88765 
  182    -48.00000          841          761      0.91136 
  183    -49.00000          731          695      0.93268 
  184    -50.00000          618          621      0.95884 
  185    -51.00000          529          565      0.96709 
  186    -52.00000          469          508      0.96008 
  187    -53.00000          386          422      0.95545 
  188    -54.00000          289          322      0.94599 
  189    -55.00000          224          252      0.94118 
  190    -56.00000          156          173      0.94833 
  191    -57.00000          105          110      0.97674 
  192    -58.00000           35           35      1.00000 
  193    -59.00000            0            0      0.00000 
  194    -60.00000            0            0      0.00000 
  195    -61.00000            0            0      0.00000 
  196    -62.00000            0            0      0.00000 
  197    -63.00000            0            0      0.00000 
  198    -64.00000            0            0      0.00000 
  199    -65.00000            0            0      0.00000 
  200    -66.00000            0            0      0.00000 
  201    -67.00000            0            0      0.00000 
  202    -68.00000            0            0      0.00000 
  203    -69.00000            0            0      0.00000 
  204    -70.00000            0            0      0.00000 
  205    -71.00000            0            0      0.00000 
  206    -72.00000            0            0      0.00000 
  207    -73.00000            0            0      0.00000 
  208    -74.00000            0            0      0.00000 
  209    -75.00000            0            0      0.00000 
  210    -76.00000            0            0      0.00000 
  211    -77.00000            0            0      0.00000 
  212    -78.00000            0            0      0.00000 
  213    -79.00000            0            0      0.00000 
  214    -80.00000            0            0      0.00000 
  215    -81.00000            0            0      0.00000 
  216    -82.00000            0            0      0.00000 
  217    -83.00000            0            0      0.00000 
  218    -84.00000            0            0      0.00000 
  219    -85.00000            0            0      0.00000 
  220    -86.00000            0            0      0.00000 
  221    -87.00000            0            0      0.00000 
  222    -88.00000            0            0      0.00000 
  223    -89.00000            0            0      0.00000 
  224    -90.00000            0            0      0.00000 
  225    -91.00000            0            0      0.00000 
  226    -92.00000            0            0      0.00000 
  227    -93.00000            0            0      0.00000 
  228    -94.00000            0            0      0.00000 
  229    -95.00000            0            0      0.00000 
  230    -96.00000            0            0      0.00000 
  231    -97.00000            0            0      0.00000 
  232    -98.00000            0            0      0.00000 
