# 3dSliceNDice -insetA 6m_3min_m3_binary+orig -insetB 6m_5min_m3_binary+orig -prefix 6m_3min_5min_m3
    0     96.00000            0            0      0.00000 
    1     95.00000            0            0      0.00000 
    2     94.00000            0            0      0.00000 
    3     93.00000            0            0      0.00000 
    4     92.00000            0            0      0.00000 
    5     91.00000            0            0      0.00000 
    6     90.00000            0            0      0.00000 
    7     89.00000            0            0      0.00000 
    8     88.00000            0            0      0.00000 
    9     87.00000            0            0      0.00000 
   10     86.00000            0            0      0.00000 
   11     85.00000            0            0      0.00000 
   12     84.00000            0            0      0.00000 
   13     83.00000            0            0      0.00000 
   14     82.00000            0            0      0.00000 
   15     81.00000            0            0      0.00000 
   16     80.00000            0            0      0.00000 
   17     79.00000            0            0      0.00000 
   18     78.00000            0            0      0.00000 
   19     77.00000            0            0      0.00000 
   20     76.00000            0            0      0.00000 
   21     75.00000            0            0      0.00000 
   22     74.00000            0            0      0.00000 
   23     73.00000            0            0      0.00000 
   24     72.00000            0            0      0.00000 
   25     71.00000            0            0      0.00000 
   26     70.00000            0            0      0.00000 
   27     69.00000            0            0      0.00000 
   28     68.00000            0            0      0.00000 
   29     67.00000            0            0      0.00000 
   30     66.00000            0            0      0.00000 
   31     65.00000            0            0      0.00000 
   32     64.00000            0            0      0.00000 
   33     63.00000            0            0      0.00000 
   34     62.00000            0            0      0.00000 
   35     61.00000            0            0      0.00000 
   36     60.00000            0            0      0.00000 
   37     59.00000            0            0      0.00000 
   38     58.00000            0            0      0.00000 
   39     57.00000            0            0      0.00000 
   40     56.00000            0            0      0.00000 
   41     55.00000            0            0      0.00000 
   42     54.00000            0            0      0.00000 
   43     53.00000            0            0      0.00000 
   44     52.00000            0            0      0.00000 
   45     51.00000            0            0      0.00000 
   46     50.00000            0            0      0.00000 
   47     49.00000            0            0      0.00000 
   48     48.00000            0            0      0.00000 
   49     47.00000           60            0      0.00000 
   50     46.00000          138            0      0.00000 
   51     45.00000          204            9      0.00000 
   52     44.00000          254           22      0.00000 
   53     43.00000          296           53      0.00000 
   54     42.00000          357          204      0.32799 
   55     41.00000          471          382      0.54396 
   56     40.00000          618          513      0.62423 
   57     39.00000          736          601      0.67913 
   58     38.00000          863          689      0.72036 
   59     37.00000         1023          778      0.77179 
   60     36.00000         1158          853      0.79463 
   61     35.00000         1284          948      0.81272 
   62     34.00000         1390         1022      0.81509 
   63     33.00000         1476         1089      0.82027 
   64     32.00000         1561         1156      0.82149 
   65     31.00000         1616         1214      0.82403 
   66     30.00000         1687         1287      0.82381 
   67     29.00000         1712         1343      0.82553 
   68     28.00000         1746         1389      0.82679 
   69     27.00000         1744         1424      0.82891 
   70     26.00000         1718         1451      0.83875 
   71     25.00000         1709         1501      0.86044 
   72     24.00000         1647         1550      0.87707 
   73     23.00000         1582         1591      0.90199 
   74     22.00000         1568         1668      0.91409 
   75     21.00000         1602         1733      0.91214 
   76     20.00000         1650         1807      0.91929 
   77     19.00000         1667         1837      0.91096 
   78     18.00000         1674         1872      0.90130 
   79     17.00000         2089         2113      0.90100 
   80     16.00000         2364         2312      0.92002 
   81     15.00000         2554         2479      0.93145 
   82     14.00000         2713         2630      0.94067 
   83     13.00000         2850         2755      0.94808 
   84     12.00000         2984         2882      0.95295 
   85     11.00000         3040         2963      0.96152 
   86     10.00000         3140         3038      0.96536 
   87      9.00000         3215         3097      0.96800 
   88      8.00000         3276         3144      0.97009 
   89      7.00000         3326         3179      0.97064 
   90      6.00000         3332         3162      0.96797 
   91      5.00000         3340         3174      0.96807 
   92      4.00000         3335         3192      0.96737 
   93      3.00000         3330         3208      0.96819 
   94      2.00000         3283         3180      0.96673 
   95      1.00000         3191         3091      0.96180 
   96      0.00000         3119         3015      0.95696 
   97     -1.00000         3165         3034      0.95564 
   98     -2.00000         3286         3133      0.95280 
   99     -3.00000         3350         3165      0.95012 
  100     -4.00000         3377         3168      0.94790 
  101     -5.00000         3384         3157      0.94603 
  102     -6.00000         3316         3103      0.94999 
  103     -7.00000         3259         3064      0.95208 
  104     -8.00000         3148         2982      0.95171 
  105     -9.00000         3066         2901      0.95391 
  106    -10.00000         2970         2804      0.95566 
  107    -11.00000         2823         2665      0.96101 
  108    -12.00000         2603         2476      0.96554 
  109    -13.00000         2241         2184      0.97266 
  110    -14.00000         2177         2206      0.96601 
  111    -15.00000         2111         2219      0.96028 
  112    -16.00000         2016         2197      0.94897 
  113    -17.00000         1969         2186      0.93959 
  114    -18.00000         1961         2138      0.94316 
  115    -19.00000         1974         2086      0.94828 
  116    -20.00000         1942         2040      0.94375 
  117    -21.00000         1835         1969      0.93007 
  118    -22.00000         1701         1902      0.91368 
  119    -23.00000         1603         1827      0.88921 
  120    -24.00000         1601         1771      0.87722 
  121    -25.00000         1612         1709      0.87203 
  122    -26.00000         1569         1608      0.85364 
  123    -27.00000         1526         1517      0.84259 
  124    -28.00000         1494         1439      0.82168 
  125    -29.00000         1472         1431      0.80262 
  126    -30.00000         1477         1432      0.78515 
  127    -31.00000         1413         1359      0.76696 
  128    -32.00000         1386         1302      0.74554 
  129    -33.00000         1554         1426      0.74161 
  130    -34.00000         1725         1546      0.77041 
  131    -35.00000         1851         1622      0.78837 
  132    -36.00000         1872         1623      0.79256 
  133    -37.00000         1862         1595      0.78392 
  134    -38.00000         1871         1562      0.78299 
  135    -39.00000         1870         1565      0.79651 
  136    -40.00000         1865         1592      0.81284 
  137    -41.00000         1755         1546      0.83611 
  138    -42.00000         1657         1512      0.85579 
  139    -43.00000         1613         1451      0.85313 
  140    -44.00000         1558         1382      0.84830 
  141    -45.00000         1508         1306      0.84009 
  142    -46.00000         1404         1192      0.83051 
  143    -47.00000         1295         1074      0.81469 
  144    -48.00000         1160          977      0.81423 
  145    -49.00000         1027          904      0.82755 
  146    -50.00000          890          834      0.84571 
  147    -51.00000          720          745      0.86962 
  148    -52.00000          584          673      0.89260 
  149    -53.00000          433          541      0.88912 
  150    -54.00000          333          426      0.87747 
  151    -55.00000          231          313      0.84926 
  152    -56.00000          144          219      0.79339 
  153    -57.00000           61          111      0.70930 
  154    -58.00000            4           15      0.42105 
  155    -59.00000            0            0      0.00000 
  156    -60.00000            0            0      0.00000 
  157    -61.00000            0            0      0.00000 
  158    -62.00000            0            0      0.00000 
  159    -63.00000            0            0      0.00000 
  160    -64.00000            0            0      0.00000 
  161    -65.00000            0            0      0.00000 
  162    -66.00000            0            0      0.00000 
  163    -67.00000            0            0      0.00000 
  164    -68.00000            0            0      0.00000 
  165    -69.00000            0            0      0.00000 
  166    -70.00000            0            0      0.00000 
  167    -71.00000            0            0      0.00000 
  168    -72.00000            0            0      0.00000 
  169    -73.00000            0            0      0.00000 
  170    -74.00000            0            0      0.00000 
  171    -75.00000            0            0      0.00000 
  172    -76.00000            0            0      0.00000 
  173    -77.00000            0            0      0.00000 
  174    -78.00000            0            0      0.00000 
  175    -79.00000            0            0      0.00000 
  176    -80.00000            0            0      0.00000 
  177    -81.00000            0            0      0.00000 
  178    -82.00000            0            0      0.00000 
  179    -83.00000            0            0      0.00000 
  180    -84.00000            0            0      0.00000 
  181    -85.00000            0            0      0.00000 
  182    -86.00000            0            0      0.00000 
  183    -87.00000            0            0      0.00000 
  184    -88.00000            0            0      0.00000 
  185    -89.00000            0            0      0.00000 
  186    -90.00000            0            0      0.00000 
  187    -91.00000            0            0      0.00000 
  188    -92.00000            0            0      0.00000 
  189    -93.00000            0            0      0.00000 
  190    -94.00000            0            0      0.00000 
  191    -95.00000            0            0      0.00000 
  192    -96.00000            0            0      0.00000 
  193    -97.00000            0            0      0.00000 
  194    -98.00000            0            0      0.00000 
