# 3dSliceNDice -insetA 6m_3min_m4_binary+orig -insetB 6m_4min_m4_binary+orig -prefix 6m_3min_4min_m4
    0     96.00000            0            0      0.00000 
    1     95.00000            0            0      0.00000 
    2     94.00000            0            0      0.00000 
    3     93.00000            0            0      0.00000 
    4     92.00000            0            0      0.00000 
    5     91.00000            0            0      0.00000 
    6     90.00000            0            0      0.00000 
    7     89.00000            0            0      0.00000 
    8     88.00000            0            0      0.00000 
    9     87.00000            0            0      0.00000 
   10     86.00000            0            0      0.00000 
   11     85.00000            0            0      0.00000 
   12     84.00000            0            0      0.00000 
   13     83.00000            0            0      0.00000 
   14     82.00000            0            0      0.00000 
   15     81.00000            0            0      0.00000 
   16     80.00000            0            0      0.00000 
   17     79.00000            0            0      0.00000 
   18     78.00000            0            0      0.00000 
   19     77.00000            0            0      0.00000 
   20     76.00000            0            0      0.00000 
   21     75.00000            0            0      0.00000 
   22     74.00000            0            0      0.00000 
   23     73.00000            0            0      0.00000 
   24     72.00000            0            0      0.00000 
   25     71.00000            0            0      0.00000 
   26     70.00000            0            0      0.00000 
   27     69.00000            0            0      0.00000 
   28     68.00000            0            0      0.00000 
   29     67.00000            0            0      0.00000 
   30     66.00000            0            0      0.00000 
   31     65.00000            0            0      0.00000 
   32     64.00000            0            0      0.00000 
   33     63.00000            0            0      0.00000 
   34     62.00000            0            0      0.00000 
   35     61.00000            0            0      0.00000 
   36     60.00000            0            0      0.00000 
   37     59.00000            0            0      0.00000 
   38     58.00000            0            0      0.00000 
   39     57.00000            0            0      0.00000 
   40     56.00000            0           10      0.00000 
   41     55.00000            9           58      0.26866 
   42     54.00000           32           96      0.50000 
   43     53.00000           79          149      0.69298 
   44     52.00000          138          212      0.78857 
   45     51.00000          190          262      0.84071 
   46     50.00000          248          313      0.88414 
   47     49.00000          295          349      0.91615 
   48     48.00000          334          378      0.93820 
   49     47.00000          371          399      0.96364 
   50     46.00000          394          409      0.98132 
   51     45.00000          418          418      1.00000 
   52     44.00000          426          426      1.00000 
   53     43.00000          469          469      1.00000 
   54     42.00000          504          504      1.00000 
   55     41.00000          543          568      0.97750 
   56     40.00000          550          608      0.94991 
   57     39.00000          540          628      0.92466 
   58     38.00000          538          671      0.88999 
   59     37.00000          511          689      0.85167 
   60     36.00000          483          692      0.82213 
   61     35.00000          451          693      0.78846 
   62     34.00000          395          658      0.75024 
   63     33.00000          351          631      0.71487 
   64     32.00000          296          586      0.67120 
   65     31.00000          254          544      0.63659 
   66     30.00000          204          494      0.58453 
   67     29.00000          138          412      0.50182 
   68     28.00000           60          316      0.31915 
   69     27.00000            0          216      0.00000 
   70     26.00000            0          180      0.00000 
   71     25.00000            0          140      0.00000 
   72     24.00000            0           88      0.00000 
   73     23.00000            0           32      0.00000 
   74     22.00000          758          766      0.86877 
   75     21.00000         1026         1094      0.87358 
   76     20.00000         1178         1300      0.87006 
   77     19.00000         1284         1449      0.86645 
   78     18.00000         1366         1565      0.86387 
   79     17.00000         1603         1768      0.87511 
   80     16.00000         1819         1959      0.89836 
   81     15.00000         2006         2158      0.90586 
   82     14.00000         2130         2297      0.91032 
   83     13.00000         2230         2404      0.91627 
   84     12.00000         2467         2526      0.90326 
   85     11.00000         2678         2600      0.89541 
   86     10.00000         2904         2731      0.88518 
   87      9.00000         3058         2800      0.88255 
   88      8.00000         3174         2837      0.88205 
   89      7.00000         3470         3084      0.89197 
   90      6.00000         3583         3154      0.89714 
   91      5.00000         3647         3201      0.90450 
   92      4.00000         3628         3212      0.90994 
   93      3.00000         3569         3177      0.91373 
   94      2.00000         3544         3257      0.90810 
   95      1.00000         3364         3145      0.91074 
   96      0.00000         3202         3052      0.91877 
   97     -1.00000         3244         3111      0.92085 
   98     -2.00000         3424         3284      0.92248 
   99     -3.00000         3598         3478      0.92679 
  100     -4.00000         3687         3598      0.92903 
  101     -5.00000         3751         3692      0.93430 
  102     -6.00000         3728         3720      0.93958 
  103     -7.00000         3672         3739      0.95183 
  104     -8.00000         3538         3675      0.96354 
  105     -9.00000         3474         3594      0.96350 
  106    -10.00000         3387         3487      0.96305 
  107    -11.00000         3252         3324      0.95955 
  108    -12.00000         3009         3056      0.94839 
  109    -13.00000         2297         2407      0.93197 
  110    -14.00000         2193         2346      0.91782 
  111    -15.00000         2071         2265      0.90452 
  112    -16.00000         1883         2099      0.89402 
  113    -17.00000         1668         1899      0.86740 
  114    -18.00000         1414         1580      0.81363 
  115    -19.00000         1369         1509      0.79569 
  116    -20.00000         1296         1428      0.78194 
  117    -21.00000         1162         1291      0.76641 
  118    -22.00000         1015         1159      0.74425 
  119    -23.00000          968         1121      0.74773 
  120    -24.00000         1053         1210      0.75298 
  121    -25.00000         1100         1260      0.75085 
  122    -26.00000         1125         1288      0.75425 
  123    -27.00000         1142         1300      0.75758 
  124    -28.00000         1220         1348      0.75623 
  125    -29.00000         1300         1376      0.74738 
  126    -30.00000         1385         1414      0.74169 
  127    -31.00000         1416         1374      0.73262 
  128    -32.00000         1410         1296      0.71619 
  129    -33.00000         1428         1192      0.69771 
  130    -34.00000         1499         1169      0.67916 
  131    -35.00000         1567         1164      0.66715 
  132    -36.00000         1568         1133      0.66050 
  133    -37.00000         1585         1108      0.65726 
  134    -38.00000         1553         1082      0.67021 
  135    -39.00000         1523         1070      0.68878 
  136    -40.00000         1504         1044      0.70251 
  137    -41.00000         1444          959      0.70995 
  138    -42.00000         1390          891      0.72863 
  139    -43.00000         1416          888      0.74132 
  140    -44.00000         1432          898      0.74764 
  141    -45.00000         1459          923      0.75315 
  142    -46.00000         1443          925      0.75929 
  143    -47.00000         1425          933      0.76930 
  144    -48.00000         1393          931      0.77883 
  145    -49.00000         1307          902      0.79312 
  146    -50.00000         1218          877      0.81241 
  147    -51.00000         1087          825      0.83264 
  148    -52.00000          979          776      0.85812 
  149    -53.00000          847          719      0.89017 
  150    -54.00000          723          636      0.91096 
  151    -55.00000          646          558      0.91196 
  152    -56.00000          516          433      0.91254 
  153    -57.00000          372          300      0.89286 
  154    -58.00000           61           24      0.56471 
  155    -59.00000            0            0      0.00000 
  156    -60.00000            0            0      0.00000 
  157    -61.00000            0            0      0.00000 
  158    -62.00000            0            0      0.00000 
  159    -63.00000            0            0      0.00000 
  160    -64.00000            0            0      0.00000 
  161    -65.00000            0            0      0.00000 
  162    -66.00000            0            0      0.00000 
  163    -67.00000            0            0      0.00000 
  164    -68.00000            0            0      0.00000 
  165    -69.00000            0            0      0.00000 
  166    -70.00000            0            0      0.00000 
  167    -71.00000            0            0      0.00000 
  168    -72.00000            0            0      0.00000 
  169    -73.00000            0            0      0.00000 
  170    -74.00000            0            0      0.00000 
  171    -75.00000            0            0      0.00000 
  172    -76.00000            0            0      0.00000 
  173    -77.00000            0            0      0.00000 
  174    -78.00000            0            0      0.00000 
  175    -79.00000            0            0      0.00000 
  176    -80.00000            0            0      0.00000 
  177    -81.00000            0            0      0.00000 
  178    -82.00000            0            0      0.00000 
  179    -83.00000            0            0      0.00000 
  180    -84.00000            0            0      0.00000 
  181    -85.00000            0            0      0.00000 
  182    -86.00000            0            0      0.00000 
  183    -87.00000            0            0      0.00000 
  184    -88.00000            0            0      0.00000 
  185    -89.00000            0            0      0.00000 
  186    -90.00000            0            0      0.00000 
  187    -91.00000            0            0      0.00000 
  188    -92.00000            0            0      0.00000 
  189    -93.00000            0            0      0.00000 
  190    -94.00000            0            0      0.00000 
  191    -95.00000            0            0      0.00000 
  192    -96.00000            0            0      0.00000 
  193    -97.00000            0            0      0.00000 
  194    -98.00000            0            0      0.00000 
