# 3dSliceNDice -insetA 6m_3min_m4_binary+orig -insetB 6m_5min_m4_binary+orig -prefix 6m_3min_5min_m4
    0     96.00000            0            0      0.00000 
    1     95.00000            0            0      0.00000 
    2     94.00000            0            0      0.00000 
    3     93.00000            0            0      0.00000 
    4     92.00000            0            0      0.00000 
    5     91.00000            0            0      0.00000 
    6     90.00000            0            0      0.00000 
    7     89.00000            0            0      0.00000 
    8     88.00000            0            0      0.00000 
    9     87.00000            0            0      0.00000 
   10     86.00000            0            0      0.00000 
   11     85.00000            0            0      0.00000 
   12     84.00000            0            0      0.00000 
   13     83.00000            0            0      0.00000 
   14     82.00000            0            0      0.00000 
   15     81.00000            0            0      0.00000 
   16     80.00000            0            0      0.00000 
   17     79.00000            0            0      0.00000 
   18     78.00000            0            0      0.00000 
   19     77.00000            0            0      0.00000 
   20     76.00000            0            0      0.00000 
   21     75.00000            0            0      0.00000 
   22     74.00000            0            0      0.00000 
   23     73.00000            0            0      0.00000 
   24     72.00000            0            0      0.00000 
   25     71.00000            0            0      0.00000 
   26     70.00000            0            0      0.00000 
   27     69.00000            0            0      0.00000 
   28     68.00000            0            0      0.00000 
   29     67.00000            0            0      0.00000 
   30     66.00000            0            0      0.00000 
   31     65.00000            0            0      0.00000 
   32     64.00000            0            0      0.00000 
   33     63.00000            0            0      0.00000 
   34     62.00000            0            0      0.00000 
   35     61.00000            0            0      0.00000 
   36     60.00000            0            0      0.00000 
   37     59.00000            0            0      0.00000 
   38     58.00000            0            0      0.00000 
   39     57.00000            0            0      0.00000 
   40     56.00000            0           10      0.00000 
   41     55.00000            9           58      0.26866 
   42     54.00000           32           96      0.50000 
   43     53.00000           79          149      0.69298 
   44     52.00000          138          212      0.78857 
   45     51.00000          190          262      0.84071 
   46     50.00000          248          316      0.87943 
   47     49.00000          295          358      0.90352 
   48     48.00000          334          391      0.92138 
   49     47.00000          371          416      0.94282 
   50     46.00000          394          432      0.95400 
   51     45.00000          418          443      0.97096 
   52     44.00000          426          448      0.97483 
   53     43.00000          469          488      0.98015 
   54     42.00000          504          530      0.97485 
   55     41.00000          543          597      0.95263 
   56     40.00000          550          630      0.93220 
   57     39.00000          540          650      0.90756 
   58     38.00000          538          672      0.88926 
   59     37.00000          511          673      0.86318 
   60     36.00000          483          662      0.84367 
   61     35.00000          451          657      0.81408 
   62     34.00000          395          616      0.78140 
   63     33.00000          351          588      0.74760 
   64     32.00000          296          546      0.70309 
   65     31.00000          254          509      0.66579 
   66     30.00000          204          459      0.61538 
   67     29.00000          138          381      0.53179 
   68     28.00000           60          293      0.33994 
   69     27.00000            0          207      0.00000 
   70     26.00000            0          178      0.00000 
   71     25.00000            0          140      0.00000 
   72     24.00000            0           88      0.00000 
   73     23.00000            0           32      0.00000 
   74     22.00000          758          401      0.69198 
   75     21.00000         1026          659      0.78220 
   76     20.00000         1178          827      0.82494 
   77     19.00000         1284          946      0.84843 
   78     18.00000         1366         1032      0.86072 
   79     17.00000         1603         1368      0.86974 
   80     16.00000         1819         1624      0.88353 
   81     15.00000         2006         1835      0.89248 
   82     14.00000         2130         1980      0.89830 
   83     13.00000         2230         2087      0.90202 
   84     12.00000         2467         2286      0.89838 
   85     11.00000         2678         2426      0.89773 
   86     10.00000         2904         2598      0.89458 
   87      9.00000         3058         2707      0.89540 
   88      8.00000         3174         2785      0.89679 
   89      7.00000         3470         3063      0.91045 
   90      6.00000         3583         3158      0.91351 
   91      5.00000         3647         3240      0.91709 
   92      4.00000         3628         3257      0.91794 
   93      3.00000         3569         3226      0.91832 
   94      2.00000         3544         3235      0.91754 
   95      1.00000         3364         3108      0.91842 
   96      0.00000         3202         3013      0.91971 
   97     -1.00000         3244         3091      0.91776 
   98     -2.00000         3424         3285      0.91728 
   99     -3.00000         3598         3492      0.91707 
  100     -4.00000         3687         3619      0.91404 
  101     -5.00000         3751         3716      0.91362 
  102     -6.00000         3728         3737      0.91520 
  103     -7.00000         3672         3749      0.92090 
  104     -8.00000         3538         3640      0.92031 
  105     -9.00000         3474         3565      0.91774 
  106    -10.00000         3387         3464      0.91344 
  107    -11.00000         3252         3288      0.90856 
  108    -12.00000         3009         3014      0.90154 
  109    -13.00000         2297         2280      0.86957 
  110    -14.00000         2193         2215      0.85617 
  111    -15.00000         2071         2122      0.84236 
  112    -16.00000         1883         1956      0.82834 
  113    -17.00000         1668         1802      0.81095 
  114    -18.00000         1414         1584      0.78919 
  115    -19.00000         1369         1534      0.76886 
  116    -20.00000         1296         1478      0.74982 
  117    -21.00000         1162         1363      0.72950 
  118    -22.00000         1015         1247      0.71176 
  119    -23.00000          968         1348      0.67444 
  120    -24.00000         1053         1555      0.65337 
  121    -25.00000         1100         1694      0.63422 
  122    -26.00000         1125         1784      0.62564 
  123    -27.00000         1142         1826      0.62332 
  124    -28.00000         1220         1906      0.64171 
  125    -29.00000         1300         1919      0.67599 
  126    -30.00000         1385         1987      0.69870 
  127    -31.00000         1416         1954      0.71335 
  128    -32.00000         1410         1891      0.71796 
  129    -33.00000         1428         1812      0.72222 
  130    -34.00000         1499         1772      0.72271 
  131    -35.00000         1567         1768      0.72684 
  132    -36.00000         1568         1729      0.72551 
  133    -37.00000         1585         1710      0.72352 
  134    -38.00000         1553         1692      0.73960 
  135    -39.00000         1523         1698      0.77057 
  136    -40.00000         1504         1694      0.80425 
  137    -41.00000         1444         1631      0.84163 
  138    -42.00000         1390         1576      0.87862 
  139    -43.00000         1416         1608      0.91138 
  140    -44.00000         1432         1618      0.92197 
  141    -45.00000         1459         1655      0.93706 
  142    -46.00000         1443         1631      0.93819 
  143    -47.00000         1425         1610      0.93904 
  144    -48.00000         1393         1600      0.93084 
  145    -49.00000         1307         1530      0.92140 
  146    -50.00000         1218         1451      0.91270 
  147    -51.00000         1087         1295      0.90260 
  148    -52.00000          979         1143      0.90481 
  149    -53.00000          847          962      0.89884 
  150    -54.00000          723          799      0.89225 
  151    -55.00000          646          675      0.89478 
  152    -56.00000          516          499      0.89852 
  153    -57.00000          372          338      0.89014 
  154    -58.00000           61           24      0.56471 
  155    -59.00000            0            0      0.00000 
  156    -60.00000            0            0      0.00000 
  157    -61.00000            0            0      0.00000 
  158    -62.00000            0            0      0.00000 
  159    -63.00000            0            0      0.00000 
  160    -64.00000            0            0      0.00000 
  161    -65.00000            0            0      0.00000 
  162    -66.00000            0            0      0.00000 
  163    -67.00000            0            0      0.00000 
  164    -68.00000            0            0      0.00000 
  165    -69.00000            0            0      0.00000 
  166    -70.00000            0            0      0.00000 
  167    -71.00000            0            0      0.00000 
  168    -72.00000            0            0      0.00000 
  169    -73.00000            0            0      0.00000 
  170    -74.00000            0            0      0.00000 
  171    -75.00000            0            0      0.00000 
  172    -76.00000            0            0      0.00000 
  173    -77.00000            0            0      0.00000 
  174    -78.00000            0            0      0.00000 
  175    -79.00000            0            0      0.00000 
  176    -80.00000            0            0      0.00000 
  177    -81.00000            0            0      0.00000 
  178    -82.00000            0            0      0.00000 
  179    -83.00000            0            0      0.00000 
  180    -84.00000            0            0      0.00000 
  181    -85.00000            0            0      0.00000 
  182    -86.00000            0            0      0.00000 
  183    -87.00000            0            0      0.00000 
  184    -88.00000            0            0      0.00000 
  185    -89.00000            0            0      0.00000 
  186    -90.00000            0            0      0.00000 
  187    -91.00000            0            0      0.00000 
  188    -92.00000            0            0      0.00000 
  189    -93.00000            0            0      0.00000 
  190    -94.00000            0            0      0.00000 
  191    -95.00000            0            0      0.00000 
  192    -96.00000            0            0      0.00000 
  193    -97.00000            0            0      0.00000 
  194    -98.00000            0            0      0.00000 
