# 3dSliceNDice -insetA 6m_3min_m4_binary+orig -insetB 6m_4min_m4_binary+orig -prefix 6m_3min_4min_m4
    0    -72.00000            0            0      0.00000 
    1    -71.00000            0            0      0.00000 
    2    -70.00000            0            0      0.00000 
    3    -69.00000            0            0      0.00000 
    4    -68.00000            0            0      0.00000 
    5    -67.00000            0            0      0.00000 
    6    -66.00000            0            0      0.00000 
    7    -65.00000            0            0      0.00000 
    8    -64.00000            0            0      0.00000 
    9    -63.00000            0            0      0.00000 
   10    -62.00000            0            0      0.00000 
   11    -61.00000            0            0      0.00000 
   12    -60.00000            0            0      0.00000 
   13    -59.00000            0            0      0.00000 
   14    -58.00000            0            0      0.00000 
   15    -57.00000            0            0      0.00000 
   16    -56.00000            0            0      0.00000 
   17    -55.00000            0            0      0.00000 
   18    -54.00000            0            0      0.00000 
   19    -53.00000            0            0      0.00000 
   20    -52.00000            0            0      0.00000 
   21    -51.00000            0            0      0.00000 
   22    -50.00000            0            0      0.00000 
   23    -49.00000            0            0      0.00000 
   24    -48.00000            0            0      0.00000 
   25    -47.00000            0            0      0.00000 
   26    -46.00000            0            0      0.00000 
   27    -45.00000            0            0      0.00000 
   28    -44.00000            0            0      0.00000 
   29    -43.00000            0            0      0.00000 
   30    -42.00000            0            0      0.00000 
   31    -41.00000            0            0      0.00000 
   32    -40.00000            0            0      0.00000 
   33    -39.00000            0            0      0.00000 
   34    -38.00000            0            0      0.00000 
   35    -37.00000            8           12      0.80000 
   36    -36.00000           67           80      0.91156 
   37    -35.00000          121          142      0.92015 
   38    -34.00000          172          198      0.92973 
   39    -33.00000          223          253      0.93697 
   40    -32.00000          527          678      0.87469 
   41    -31.00000          736          985      0.85532 
   42    -30.00000          918         1238      0.85158 
   43    -29.00000         1119         1495      0.85616 
   44    -28.00000         1285         1694      0.86271 
   45    -27.00000         1454         1892      0.86910 
   46    -26.00000         1600         2025      0.88276 
   47    -25.00000         1770         2197      0.89236 
   48    -24.00000         1905         2325      0.90071 
   49    -23.00000         2027         2459      0.90370 
   50    -22.00000         2235         2684      0.90872 
   51    -21.00000         2430         2918      0.90875 
   52    -20.00000         2667         3150      0.91697 
   53    -19.00000         2826         3288      0.92345 
   54    -18.00000         2982         3365      0.92138 
   55    -17.00000         3094         3358      0.92064 
   56    -16.00000         3134         3315      0.91983 
   57    -15.00000         3188         3231      0.91291 
   58    -14.00000         3183         3054      0.89626 
   59    -13.00000         3144         2904      0.88426 
   60    -12.00000         3002         2676      0.87460 
   61    -11.00000         2894         2529      0.86373 
   62    -10.00000         2737         2329      0.85077 
   63     -9.00000         2488         2045      0.83300 
   64     -8.00000         2172         1651      0.79205 
   65     -7.00000         1735         1118      0.71293 
   66     -6.00000         1637         1053      0.71375 
   67     -5.00000         1511          972      0.71365 
   68     -4.00000         1328          873      0.71059 
   69     -3.00000         1110          765      0.71893 
   70     -2.00000          933          701      0.74786 
   71     -1.00000          904          691      0.73354 
   72      0.00000          871          679      0.71871 
   73      1.00000          807          654      0.70363 
   74      2.00000          768          635      0.68995 
   75      3.00000          681          587      0.68297 
   76      4.00000          618          553      0.68147 
   77      5.00000          537          508      0.67751 
   78      6.00000          425          450      0.66971 
   79      7.00000          244          397      0.57410 
   80      8.00000          440          547      0.35664 
   81      9.00000          761          707      0.47003 
   82     10.00000          983          788      0.51158 
   83     11.00000         1139          822      0.54156 
   84     12.00000         1257          815      0.57819 
   85     13.00000         1460          875      0.65525 
   86     14.00000         1633         1069      0.71947 
   87     15.00000         1840         1231      0.74503 
   88     16.00000         1971         1346      0.76575 
   89     17.00000         2076         1443      0.78147 
   90     18.00000         2219         1609      0.79937 
   91     19.00000         2302         1704      0.81078 
   92     20.00000         2398         1834      0.83270 
   93     21.00000         2439         1898      0.84390 
   94     22.00000         2480         1948      0.85140 
   95     23.00000         2494         2006      0.86311 
   96     24.00000         2472         2020      0.87088 
   97     25.00000         2455         2050      0.88213 
   98     26.00000         2415         2059      0.89629 
   99     27.00000         2362         2060      0.91316 
  100     28.00000         2285         2105      0.91845 
  101     29.00000         2247         2187      0.90257 
  102     30.00000         2254         2300      0.88669 
  103     31.00000         2228         2373      0.87372 
  104     32.00000         2225         2443      0.86290 
  105     33.00000         2217         2540      0.85979 
  106     34.00000         2218         2607      0.86342 
  107     35.00000         2250         2684      0.86259 
  108     36.00000         2267         2716      0.86213 
  109     37.00000         2277         2737      0.86358 
  110     38.00000         2325         2763      0.86203 
  111     39.00000         2349         2740      0.86540 
  112     40.00000         2407         2737      0.86858 
  113     41.00000         2437         2709      0.88068 
  114     42.00000         2480         2699      0.89322 
  115     43.00000         2499         2632      0.90976 
  116     44.00000         2464         2523      0.92721 
  117     45.00000         2423         2425      0.94183 
  118     46.00000         2371         2304      0.95615 
  119     47.00000         2295         2187      0.96698 
  120     48.00000         2162         2054      0.97059 
  121     49.00000         2014         1927      0.97488 
  122     50.00000         1901         1831      0.97696 
  123     51.00000         1789         1735      0.97957 
  124     52.00000         1641         1626      0.99235 
  125     53.00000         1477         1471      0.99796 
  126     54.00000         1248         1248      1.00000 
  127     55.00000          998          998      1.00000 
  128     56.00000          618          618      1.00000 
  129     57.00000          300          300      1.00000 
  130     58.00000           66           66      1.00000 
  131     59.00000            0            0      0.00000 
  132     60.00000            0            0      0.00000 
  133     61.00000            0            0      0.00000 
  134     62.00000            0            0      0.00000 
  135     63.00000            0            0      0.00000 
  136     64.00000            0            0      0.00000 
  137     65.00000            0            0      0.00000 
  138     66.00000            0            0      0.00000 
  139     67.00000            0            0      0.00000 
  140     68.00000            0            0      0.00000 
  141     69.00000            0            0      0.00000 
  142     70.00000            0            0      0.00000 
  143     71.00000            0            0      0.00000 
  144     72.00000            0            0      0.00000 
  145     73.00000            0            0      0.00000 
  146     74.00000            0            0      0.00000 
  147     75.00000            0            0      0.00000 
  148     76.00000            0            0      0.00000 
  149     77.00000            0            0      0.00000 
  150     78.00000            0            0      0.00000 
  151     79.00000            0            0      0.00000 
  152     80.00000            0            0      0.00000 
  153     81.00000            0            0      0.00000 
  154     82.00000            0            0      0.00000 
  155     83.00000            0            0      0.00000 
  156     84.00000            0            0      0.00000 
  157     85.00000            0            0      0.00000 
  158     86.00000            0            0      0.00000 
