# 3dSliceNDice -insetA 6m_3min_m2_binary+orig -insetB 6m_4min_m2_binary+orig -prefix 6m_3min_4min_m2
    0    134.00000            0            0      0.00000 
    1    133.00000            0            0      0.00000 
    2    132.00000            0            0      0.00000 
    3    131.00000            0            0      0.00000 
    4    130.00000            0            0      0.00000 
    5    129.00000            0            0      0.00000 
    6    128.00000            0            0      0.00000 
    7    127.00000            0            0      0.00000 
    8    126.00000            0            0      0.00000 
    9    125.00000            0            0      0.00000 
   10    124.00000            0            0      0.00000 
   11    123.00000            0            0      0.00000 
   12    122.00000            0            0      0.00000 
   13    121.00000            0            0      0.00000 
   14    120.00000            0            0      0.00000 
   15    119.00000            0            0      0.00000 
   16    118.00000            0            0      0.00000 
   17    117.00000            0            0      0.00000 
   18    116.00000            0            0      0.00000 
   19    115.00000            0            0      0.00000 
   20    114.00000            0            0      0.00000 
   21    113.00000            0            0      0.00000 
   22    112.00000            0            0      0.00000 
   23    111.00000            0            0      0.00000 
   24    110.00000            0            0      0.00000 
   25    109.00000            0            0      0.00000 
   26    108.00000            0            0      0.00000 
   27    107.00000            0            0      0.00000 
   28    106.00000            0            0      0.00000 
   29    105.00000            0            0      0.00000 
   30    104.00000            0            0      0.00000 
   31    103.00000            0            0      0.00000 
   32    102.00000            0            0      0.00000 
   33    101.00000            0            0      0.00000 
   34    100.00000            0            0      0.00000 
   35     99.00000            0            0      0.00000 
   36     98.00000            0            0      0.00000 
   37     97.00000            0            0      0.00000 
   38     96.00000            0            0      0.00000 
   39     95.00000            0            0      0.00000 
   40     94.00000            0            0      0.00000 
   41     93.00000            0            0      0.00000 
   42     92.00000            0            0      0.00000 
   43     91.00000            0            0      0.00000 
   44     90.00000            0            0      0.00000 
   45     89.00000            0            0      0.00000 
   46     88.00000            0            0      0.00000 
   47     87.00000            0            0      0.00000 
   48     86.00000            0            0      0.00000 
   49     85.00000            0            0      0.00000 
   50     84.00000            0            0      0.00000 
   51     83.00000            0            0      0.00000 
   52     82.00000            0            0      0.00000 
   53     81.00000            0            0      0.00000 
   54     80.00000            0            0      0.00000 
   55     79.00000            0            0      0.00000 
   56     78.00000            0            0      0.00000 
   57     77.00000            0            0      0.00000 
   58     76.00000            0            0      0.00000 
   59     75.00000            0            0      0.00000 
   60     74.00000            0            0      0.00000 
   61     73.00000            0            0      0.00000 
   62     72.00000            0            0      0.00000 
   63     71.00000            0            0      0.00000 
   64     70.00000            0            0      0.00000 
   65     69.00000            0            0      0.00000 
   66     68.00000            0            0      0.00000 
   67     67.00000            0            0      0.00000 
   68     66.00000            0            0      0.00000 
   69     65.00000            0            0      0.00000 
   70     64.00000            0            0      0.00000 
   71     63.00000            0            0      0.00000 
   72     62.00000           67           25      0.54348 
   73     61.00000          143           68      0.64455 
   74     60.00000          204          109      0.69649 
   75     59.00000          250          142      0.72449 
   76     58.00000          287          167      0.73568 
   77     57.00000          473          474      0.78986 
   78     56.00000          703          732      0.84599 
   79     55.00000          867          911      0.86389 
   80     54.00000         1006         1062      0.87621 
   81     53.00000         1130         1193      0.88334 
   82     52.00000         1325         1371      0.89021 
   83     51.00000         1541         1564      0.89340 
   84     50.00000         1720         1744      0.89434 
   85     49.00000         1867         1890      0.89114 
   86     48.00000         2007         2017      0.88718 
   87     47.00000         2184         2256      0.88649 
   88     46.00000         2352         2505      0.89232 
   89     45.00000         2509         2735      0.90198 
   90     44.00000         2629         2931      0.90935 
   91     43.00000         2735         3082      0.91422 
   92     42.00000         2829         3248      0.91953 
   93     41.00000         2905         3362      0.91846 
   94     40.00000         3035         3500      0.92119 
   95     39.00000         3110         3565      0.91835 
   96     38.00000         3186         3654      0.91491 
   97     37.00000         3232         3697      0.91355 
   98     36.00000         3237         3705      0.91155 
   99     35.00000         3254         3719      0.91152 
  100     34.00000         3238         3676      0.91380 
  101     33.00000         3258         3670      0.91426 
  102     32.00000         3236         3592      0.91681 
  103     31.00000         3185         3501      0.91923 
  104     30.00000         3133         3402      0.91813 
  105     29.00000         3028         3235      0.91075 
  106     28.00000         2911         3006      0.89336 
  107     27.00000         2747         2709      0.86107 
  108     26.00000         2589         2578      0.86317 
  109     25.00000         2419         2437      0.86573 
  110     24.00000         2189         2231      0.87738 
  111     23.00000         1938         1990      0.91752 
  112     22.00000         1773         1776      0.95802 
  113     21.00000         1717         1665      0.93850 
  114     20.00000         1645         1548      0.91763 
  115     19.00000         1586         1443      0.90393 
  116     18.00000         1553         1358      0.88767 
  117     17.00000         1610         1333      0.86986 
  118     16.00000         1668         1329      0.85886 
  119     15.00000         1724         1328      0.84928 
  120     14.00000         1744         1319      0.84754 
  121     13.00000         1763         1306      0.83806 
  122     12.00000         1782         1276      0.82472 
  123     11.00000         1751         1244      0.82270 
  124     10.00000         1736         1210      0.81602 
  125      9.00000         1637         1117      0.80755 
  126      8.00000         1556         1033      0.79799 
  127      7.00000         1361          846      0.76665 
  128      6.00000         1265          756      0.74814 
  129      5.00000         1155          662      0.72867 
  130      4.00000          994          522      0.68865 
  131      3.00000          834          359      0.60184 
  132      2.00000          646          214      0.49767 
  133      1.00000          538          180      0.50139 
  134      0.00000          424          140      0.49645 
  135     -1.00000          282           88      0.47568 
  136     -2.00000          119           32      0.42384 
  137     -3.00000            0            0      0.00000 
  138     -4.00000            0            0      0.00000 
  139     -5.00000            0            0      0.00000 
  140     -6.00000            0            0      0.00000 
  141     -7.00000            0            0      0.00000 
  142     -8.00000            0            0      0.00000 
  143     -9.00000            0            0      0.00000 
  144    -10.00000            0            0      0.00000 
  145    -11.00000            0            0      0.00000 
  146    -12.00000            0            0      0.00000 
  147    -13.00000            0            0      0.00000 
  148    -14.00000            0            0      0.00000 
  149    -15.00000            0            0      0.00000 
  150    -16.00000            0            0      0.00000 
  151    -17.00000            0            0      0.00000 
  152    -18.00000            0            0      0.00000 
  153    -19.00000            0            0      0.00000 
  154    -20.00000            0            0      0.00000 
  155    -21.00000            0            0      0.00000 
  156    -22.00000            0            0      0.00000 
  157    -23.00000            0            0      0.00000 
  158    -24.00000            0            0      0.00000 
  159    -25.00000            0            0      0.00000 
  160    -26.00000            0            0      0.00000 
  161    -27.00000            0            0      0.00000 
  162    -28.00000            0            0      0.00000 
  163    -29.00000            0            0      0.00000 
  164    -30.00000            0            0      0.00000 
  165    -31.00000            0            0      0.00000 
  166    -32.00000            0            0      0.00000 
  167    -33.00000            0            0      0.00000 
  168    -34.00000            0            0      0.00000 
  169    -35.00000            0            0      0.00000 
  170    -36.00000            0            0      0.00000 
  171    -37.00000            0            0      0.00000 
  172    -38.00000            0            0      0.00000 
  173    -39.00000            0            0      0.00000 
  174    -40.00000            0            0      0.00000 
  175    -41.00000            0            0      0.00000 
  176    -42.00000            0            0      0.00000 
  177    -43.00000            0            0      0.00000 
  178    -44.00000            0            0      0.00000 
  179    -45.00000            0            0      0.00000 
  180    -46.00000            0            0      0.00000 
  181    -47.00000            0            0      0.00000 
  182    -48.00000            0            0      0.00000 
  183    -49.00000            0            0      0.00000 
  184    -50.00000            0            0      0.00000 
  185    -51.00000            0            0      0.00000 
  186    -52.00000            0            0      0.00000 
  187    -53.00000            0            0      0.00000 
  188    -54.00000            0            0      0.00000 
  189    -55.00000            0            0      0.00000 
  190    -56.00000            0            0      0.00000 
  191    -57.00000            0            0      0.00000 
  192    -58.00000            0            0      0.00000 
  193    -59.00000            0            0      0.00000 
  194    -60.00000            0            0      0.00000 
  195    -61.00000            0            0      0.00000 
  196    -62.00000            0            0      0.00000 
  197    -63.00000            0            0      0.00000 
  198    -64.00000            0            0      0.00000 
  199    -65.00000            0            0      0.00000 
  200    -66.00000            0            0      0.00000 
  201    -67.00000            0            0      0.00000 
  202    -68.00000            0            0      0.00000 
  203    -69.00000            0            0      0.00000 
  204    -70.00000            0            0      0.00000 
  205    -71.00000            0            0      0.00000 
  206    -72.00000            0            0      0.00000 
  207    -73.00000            0            0      0.00000 
  208    -74.00000            0            0      0.00000 
  209    -75.00000            0            0      0.00000 
  210    -76.00000            0            0      0.00000 
  211    -77.00000            0            0      0.00000 
  212    -78.00000            0            0      0.00000 
  213    -79.00000            0            0      0.00000 
  214    -80.00000            0            0      0.00000 
  215    -81.00000            0            0      0.00000 
  216    -82.00000            0            0      0.00000 
  217    -83.00000            0            0      0.00000 
  218    -84.00000            0            0      0.00000 
  219    -85.00000            0            0      0.00000 
  220    -86.00000            0            0      0.00000 
  221    -87.00000            0            0      0.00000 
  222    -88.00000            0            0      0.00000 
  223    -89.00000            0            0      0.00000 
  224    -90.00000            0            0      0.00000 
  225    -91.00000            0            0      0.00000 
  226    -92.00000            0            0      0.00000 
  227    -93.00000            0            0      0.00000 
  228    -94.00000            0            0      0.00000 
  229    -95.00000            0            0      0.00000 
  230    -96.00000            0            0      0.00000 
  231    -97.00000            0            0      0.00000 
  232    -98.00000            0            0      0.00000 
