# 3dSliceNDice -insetA 6m_3min_m2_binary+orig -insetB 6m_4min_m2_binary+orig -prefix 6m_3min_4min_m2
    0    -72.00000            0            0      0.00000 
    1    -71.00000            0            0      0.00000 
    2    -70.00000            0            0      0.00000 
    3    -69.00000            0            0      0.00000 
    4    -68.00000            0            0      0.00000 
    5    -67.00000            0            0      0.00000 
    6    -66.00000            0            0      0.00000 
    7    -65.00000            0            0      0.00000 
    8    -64.00000            0            0      0.00000 
    9    -63.00000            0            0      0.00000 
   10    -62.00000            0            0      0.00000 
   11    -61.00000            0            0      0.00000 
   12    -60.00000            0            0      0.00000 
   13    -59.00000            0            0      0.00000 
   14    -58.00000            0            0      0.00000 
   15    -57.00000            0            0      0.00000 
   16    -56.00000            0            0      0.00000 
   17    -55.00000            0            0      0.00000 
   18    -54.00000            0            0      0.00000 
   19    -53.00000            0            0      0.00000 
   20    -52.00000            0            0      0.00000 
   21    -51.00000            1            1      1.00000 
   22    -50.00000          273          273      1.00000 
   23    -49.00000          612          612      1.00000 
   24    -48.00000         1079         1079      1.00000 
   25    -47.00000         1337         1337      1.00000 
   26    -46.00000         1606         1604      0.99938 
   27    -45.00000         1826         1819      0.99643 
   28    -44.00000         1959         1955      0.99336 
   29    -43.00000         2118         2110      0.99243 
   30    -42.00000         2248         2238      0.99064 
   31    -41.00000         2359         2363      0.98814 
   32    -40.00000         2447         2460      0.98675 
   33    -39.00000         2528         2541      0.98284 
   34    -38.00000         2595         2619      0.97814 
   35    -37.00000         2593         2605      0.97268 
   36    -36.00000         2601         2605      0.96773 
   37    -35.00000         2582         2565      0.96250 
   38    -34.00000         2561         2494      0.95589 
   39    -33.00000         2551         2463      0.95892 
   40    -32.00000         2545         2436      0.95443 
   41    -31.00000         2564         2426      0.95351 
   42    -30.00000         2584         2422      0.95286 
   43    -29.00000         2607         2443      0.94970 
   44    -28.00000         2666         2494      0.94341 
   45    -27.00000         2660         2489      0.94038 
   46    -26.00000         2635         2454      0.93732 
   47    -25.00000         2603         2422      0.93532 
   48    -24.00000         2508         2330      0.93220 
   49    -23.00000         2424         2243      0.92822 
   50    -22.00000         2346         2166      0.93218 
   51    -21.00000         2277         2103      0.93516 
   52    -20.00000         2190         2014      0.93720 
   53    -19.00000         2067         1886      0.93650 
   54    -18.00000         1969         1796      0.93865 
   55    -17.00000         1970         1776      0.91831 
   56    -16.00000         1989         1825      0.90142 
   57    -15.00000         1977         1847      0.89331 
   58    -14.00000         1890         1802      0.88678 
   59    -13.00000         1796         1760      0.88301 
   60    -12.00000         1755         1771      0.89223 
   61    -11.00000         1774         1789      0.89924 
   62    -10.00000         1760         1798      0.89320 
   63     -9.00000         1669         1740      0.87885 
   64     -8.00000         1527         1669      0.85294 
   65     -7.00000         1363         1610      0.81601 
   66     -6.00000         1345         1594      0.82273 
   67     -5.00000         1331         1595      0.82228 
   68     -4.00000         1260         1530      0.82222 
   69     -3.00000         1155         1385      0.82756 
   70     -2.00000         1072         1214      0.81015 
   71     -1.00000         1131         1234      0.77632 
   72      0.00000         1169         1270      0.75031 
   73      1.00000         1149         1266      0.72050 
   74      2.00000         1145         1266      0.70095 
   75      3.00000         1105         1243      0.66525 
   76      4.00000         1049         1213      0.63749 
   77      5.00000          996         1172      0.59686 
   78      6.00000          895         1081      0.54049 
   79      7.00000          775         1013      0.44631 
   80      8.00000          669          888      0.34425 
   81      9.00000          623          809      0.31983 
   82     10.00000          568          704      0.28145 
   83     11.00000          471          561      0.21899 
   84     12.00000          368          387      0.09536 
   85     13.00000          269          215      0.00000 
   86     14.00000          240          180      0.00000 
   87     15.00000          200          140      0.00000 
   88     16.00000          138           88      0.00000 
   89     17.00000           60           32      0.00000 
   90     18.00000           64           32      0.66667 
   91     19.00000          157           88      0.71837 
   92     20.00000          229          140      0.75881 
   93     21.00000          283          180      0.77754 
   94     22.00000          331          216      0.78976 
   95     23.00000          379          256      0.80630 
   96     24.00000          407          276      0.80820 
   97     25.00000          435          300      0.81633 
   98     26.00000          443          308      0.82024 
   99     27.00000          455          316      0.81971 
  100     28.00000          455          316      0.81971 
  101     29.00000          443          308      0.82024 
  102     30.00000          433          298      0.81532 
  103     31.00000          404          273      0.80650 
  104     32.00000          372          249      0.80193 
  105     33.00000          327          212      0.78664 
  106     34.00000          281          178      0.77560 
  107     35.00000          228          139      0.75749 
  108     36.00000          157           88      0.71837 
  109     37.00000           64           32      0.66667 
  110     38.00000            0            0      0.00000 
  111     39.00000            0            0      0.00000 
  112     40.00000            0            0      0.00000 
  113     41.00000            0            0      0.00000 
  114     42.00000            0            0      0.00000 
  115     43.00000            0            0      0.00000 
  116     44.00000            0            0      0.00000 
  117     45.00000            0            0      0.00000 
  118     46.00000            0            0      0.00000 
  119     47.00000            0            0      0.00000 
  120     48.00000            0            0      0.00000 
  121     49.00000            0            0      0.00000 
  122     50.00000            0            0      0.00000 
  123     51.00000            0            0      0.00000 
  124     52.00000            0            0      0.00000 
  125     53.00000            0            0      0.00000 
  126     54.00000            0            0      0.00000 
  127     55.00000            0            0      0.00000 
  128     56.00000            0            0      0.00000 
  129     57.00000            0            0      0.00000 
  130     58.00000            0            0      0.00000 
  131     59.00000            0            0      0.00000 
  132     60.00000            0            0      0.00000 
  133     61.00000            0            0      0.00000 
  134     62.00000            0            0      0.00000 
  135     63.00000            0            0      0.00000 
  136     64.00000            0            0      0.00000 
  137     65.00000            0            0      0.00000 
  138     66.00000            0            0      0.00000 
  139     67.00000            0            0      0.00000 
  140     68.00000            0            0      0.00000 
  141     69.00000            0            0      0.00000 
  142     70.00000            0            0      0.00000 
  143     71.00000            0            0      0.00000 
  144     72.00000            0            0      0.00000 
  145     73.00000            0            0      0.00000 
  146     74.00000            0            0      0.00000 
  147     75.00000            0            0      0.00000 
  148     76.00000            0            0      0.00000 
  149     77.00000            0            0      0.00000 
  150     78.00000            0            0      0.00000 
  151     79.00000            0            0      0.00000 
  152     80.00000            0            0      0.00000 
  153     81.00000            0            0      0.00000 
  154     82.00000            0            0      0.00000 
  155     83.00000            0            0      0.00000 
  156     84.00000            0            0      0.00000 
  157     85.00000            0            0      0.00000 
  158     86.00000            0            0      0.00000 
