# 3dSliceNDice -insetA 6m_3min_m2_binary+orig -insetB 6m_4min_m2_binary+orig -prefix 6m_3min_4min_m2
    0     96.00000            0            0      0.00000 
    1     95.00000            0            0      0.00000 
    2     94.00000            0            0      0.00000 
    3     93.00000            0            0      0.00000 
    4     92.00000            0            0      0.00000 
    5     91.00000            0            0      0.00000 
    6     90.00000            0            0      0.00000 
    7     89.00000            0            0      0.00000 
    8     88.00000            0            0      0.00000 
    9     87.00000            0            0      0.00000 
   10     86.00000            0            0      0.00000 
   11     85.00000            0            0      0.00000 
   12     84.00000            0            0      0.00000 
   13     83.00000            0            0      0.00000 
   14     82.00000            0            0      0.00000 
   15     81.00000            0            0      0.00000 
   16     80.00000            0            0      0.00000 
   17     79.00000            0            0      0.00000 
   18     78.00000            0            0      0.00000 
   19     77.00000            0            0      0.00000 
   20     76.00000            0            0      0.00000 
   21     75.00000            0            0      0.00000 
   22     74.00000            0            0      0.00000 
   23     73.00000            0            0      0.00000 
   24     72.00000            0            0      0.00000 
   25     71.00000            0            0      0.00000 
   26     70.00000            0            0      0.00000 
   27     69.00000            0            0      0.00000 
   28     68.00000            0            0      0.00000 
   29     67.00000            0            0      0.00000 
   30     66.00000            0            0      0.00000 
   31     65.00000            0            0      0.00000 
   32     64.00000            0            0      0.00000 
   33     63.00000            0            0      0.00000 
   34     62.00000            0            0      0.00000 
   35     61.00000            0            0      0.00000 
   36     60.00000            0            0      0.00000 
   37     59.00000            0            0      0.00000 
   38     58.00000           85            1      0.02326 
   39     57.00000          283           96      0.30079 
   40     56.00000          409          189      0.43478 
   41     55.00000          557          276      0.50900 
   42     54.00000          703          359      0.56874 
   43     53.00000          812          426      0.60743 
   44     52.00000          900          477      0.63471 
   45     51.00000          947          516      0.66029 
   46     50.00000          987          555      0.68612 
   47     49.00000         1022          581      0.69370 
   48     48.00000         1074          621      0.70206 
   49     47.00000         1102          646      0.70938 
   50     46.00000         1103          648      0.71045 
   51     45.00000         1088          654      0.72101 
   52     44.00000         1024          647      0.73489 
   53     43.00000          979          646      0.74585 
   54     42.00000          883          625      0.76260 
   55     41.00000          796          604      0.77571 
   56     40.00000          715          615      0.78797 
   57     39.00000          610          611      0.80590 
   58     38.00000          500          608      0.83574 
   59     37.00000          452          597      0.86177 
   60     36.00000          469          596      0.88075 
   61     35.00000          476          590      0.89306 
   62     34.00000          459          557      0.90354 
   63     33.00000          421          491      0.92325 
   64     32.00000          435          431      0.94919 
   65     31.00000          509          472      0.94801 
   66     30.00000          588          542      0.93982 
   67     29.00000          655          609      0.93513 
   68     28.00000          713          665      0.93324 
   69     27.00000          803          717      0.91053 
   70     26.00000          923          762      0.88071 
   71     25.00000         1038          823      0.86943 
   72     24.00000         1113          858      0.86352 
   73     23.00000         1170          890      0.86117 
   74     22.00000         1249         1003      0.89076 
   75     21.00000         1327         1100      0.90647 
   76     20.00000         1387         1187      0.92230 
   77     19.00000         1442         1255      0.93066 
   78     18.00000         1486         1315      0.93895 
   79     17.00000         1526         1363      0.94358 
   80     16.00000         1533         1384      0.94892 
   81     15.00000         1566         1428      0.95391 
   82     14.00000         1593         1472      0.96052 
   83     13.00000         1604         1509      0.96948 
   84     12.00000         1598         1530      0.97826 
   85     11.00000         1580         1542      0.98463 
   86     10.00000         1583         1562      0.98633 
   87      9.00000         1600         1582      0.98303 
   88      8.00000         1637         1620      0.98066 
   89      7.00000         1693         1675      0.97565 
   90      6.00000         1716         1692      0.97242 
   91      5.00000         1741         1716      0.96905 
   92      4.00000         1719         1693      0.96717 
   93      3.00000         1704         1673      0.96654 
   94      2.00000         1669         1637      0.96552 
   95      1.00000         1638         1614      0.96617 
   96      0.00000         1637         1611      0.96675 
   97     -1.00000         1628         1605      0.97123 
   98     -2.00000         1636         1619      0.97512 
   99     -3.00000         1627         1610      0.98054 
  100     -4.00000         1618         1601      0.98354 
  101     -5.00000         1603         1586      0.98777 
  102     -6.00000         1562         1548      0.98907 
  103     -7.00000         1513         1500      0.98108 
  104     -8.00000         1481         1495      0.97177 
  105     -9.00000         1460         1507      0.96394 
  106    -10.00000         1420         1508      0.95287 
  107    -11.00000         1417         1525      0.94630 
  108    -12.00000         1429         1536      0.94772 
  109    -13.00000         1426         1525      0.95154 
  110    -14.00000         1422         1509      0.95872 
  111    -15.00000         1423         1501      0.96443 
  112    -16.00000         1403         1479      0.96322 
  113    -17.00000         1399         1464      0.96472 
  114    -18.00000         1359         1419      0.96040 
  115    -19.00000         1323         1376      0.96110 
  116    -20.00000         1281         1328      0.96052 
  117    -21.00000         1222         1268      0.95904 
  118    -22.00000         1181         1212      0.96615 
  119    -23.00000         1143         1144      0.97508 
  120    -24.00000         1112         1102      0.97651 
  121    -25.00000         1064         1044      0.98008 
  122    -26.00000          986          970      0.97853 
  123    -27.00000          904          891      0.96379 
  124    -28.00000          852          870      0.88618 
  125    -29.00000          848          892      0.81724 
  126    -30.00000          822          885      0.75454 
  127    -31.00000          764          851      0.69474 
  128    -32.00000          714          831      0.63301 
  129    -33.00000          744          857      0.64335 
  130    -34.00000          802          876      0.70560 
  131    -35.00000          860          901      0.74049 
  132    -36.00000          873          876      0.75815 
  133    -37.00000          881          831      0.75818 
  134    -38.00000          895          821      0.77506 
  135    -39.00000          861          811      0.79306 
  136    -40.00000          849          845      0.79929 
  137    -41.00000          804          880      0.80404 
  138    -42.00000          798          935      0.80439 
  139    -43.00000          778          981      0.79704 
  140    -44.00000          748          996      0.78670 
  141    -45.00000          716         1017      0.77669 
  142    -46.00000          648         1006      0.75816 
  143    -47.00000          602         1005      0.74175 
  144    -48.00000          511          970      0.69007 
  145    -49.00000          429          920      0.63603 
  146    -50.00000          337          866      0.56027 
  147    -51.00000          220          750      0.45361 
  148    -52.00000           92          618      0.25915 
  149    -53.00000            0          490      0.00000 
  150    -54.00000            0          380      0.00000 
  151    -55.00000            0          269      0.00000 
  152    -56.00000            0          182      0.00000 
  153    -57.00000            0           90      0.00000 
  154    -58.00000            0            1      0.00000 
  155    -59.00000            0            0      0.00000 
  156    -60.00000            0            0      0.00000 
  157    -61.00000            0            0      0.00000 
  158    -62.00000            0            0      0.00000 
  159    -63.00000            0            0      0.00000 
  160    -64.00000            0            0      0.00000 
  161    -65.00000            0            0      0.00000 
  162    -66.00000            0            0      0.00000 
  163    -67.00000            0            0      0.00000 
  164    -68.00000            0            0      0.00000 
  165    -69.00000            0            0      0.00000 
  166    -70.00000            0            0      0.00000 
  167    -71.00000            0            0      0.00000 
  168    -72.00000            0            0      0.00000 
  169    -73.00000            0            0      0.00000 
  170    -74.00000            0            0      0.00000 
  171    -75.00000            0            0      0.00000 
  172    -76.00000            0            0      0.00000 
  173    -77.00000            0            0      0.00000 
  174    -78.00000            0            0      0.00000 
  175    -79.00000            0            0      0.00000 
  176    -80.00000            0            0      0.00000 
  177    -81.00000            0            0      0.00000 
  178    -82.00000            0            0      0.00000 
  179    -83.00000            0            0      0.00000 
  180    -84.00000            0            0      0.00000 
  181    -85.00000            0            0      0.00000 
  182    -86.00000            0            0      0.00000 
  183    -87.00000            0            0      0.00000 
  184    -88.00000            0            0      0.00000 
  185    -89.00000            0            0      0.00000 
  186    -90.00000            0            0      0.00000 
  187    -91.00000            0            0      0.00000 
  188    -92.00000            0            0      0.00000 
  189    -93.00000            0            0      0.00000 
  190    -94.00000            0            0      0.00000 
  191    -95.00000            0            0      0.00000 
  192    -96.00000            0            0      0.00000 
  193    -97.00000            0            0      0.00000 
  194    -98.00000            0            0      0.00000 
