# 3dSliceNDice -insetA 6m_3min_m2_binary+orig -insetB 6m_5min_m2_binary+orig -prefix 6m_3min_5min_m2
    0     96.00000            0            0      0.00000 
    1     95.00000            0            0      0.00000 
    2     94.00000            0            0      0.00000 
    3     93.00000            0            0      0.00000 
    4     92.00000            0            0      0.00000 
    5     91.00000            0            0      0.00000 
    6     90.00000            0            0      0.00000 
    7     89.00000            0            0      0.00000 
    8     88.00000            0            0      0.00000 
    9     87.00000            0            0      0.00000 
   10     86.00000            0            0      0.00000 
   11     85.00000            0            0      0.00000 
   12     84.00000            0            0      0.00000 
   13     83.00000            0            0      0.00000 
   14     82.00000            0            0      0.00000 
   15     81.00000            0            0      0.00000 
   16     80.00000            0            0      0.00000 
   17     79.00000            0            0      0.00000 
   18     78.00000            0            0      0.00000 
   19     77.00000            0            0      0.00000 
   20     76.00000            0            0      0.00000 
   21     75.00000            0            0      0.00000 
   22     74.00000            0            0      0.00000 
   23     73.00000            0            0      0.00000 
   24     72.00000            0            0      0.00000 
   25     71.00000            0            0      0.00000 
   26     70.00000            0            0      0.00000 
   27     69.00000            0            0      0.00000 
   28     68.00000            0            0      0.00000 
   29     67.00000            0            0      0.00000 
   30     66.00000            0            0      0.00000 
   31     65.00000            0            0      0.00000 
   32     64.00000            0            0      0.00000 
   33     63.00000            0            0      0.00000 
   34     62.00000            0            0      0.00000 
   35     61.00000            0            0      0.00000 
   36     60.00000            0            0      0.00000 
   37     59.00000            0            0      0.00000 
   38     58.00000           85           95      0.80000 
   39     57.00000          283          326      0.78161 
   40     56.00000          409          450      0.79627 
   41     55.00000          557          618      0.81872 
   42     54.00000          703          774      0.84360 
   43     53.00000          812          877      0.86323 
   44     52.00000          900          959      0.88327 
   45     51.00000          947         1011      0.89173 
   46     50.00000          987         1052      0.90044 
   47     49.00000         1022         1095      0.90978 
   48     48.00000         1074         1156      0.91570 
   49     47.00000         1102         1180      0.91499 
   50     46.00000         1103         1160      0.90764 
   51     45.00000         1088         1140      0.91203 
   52     44.00000         1024         1069      0.91161 
   53     43.00000          979         1013      0.90161 
   54     42.00000          883          900      0.89512 
   55     41.00000          796          796      0.88442 
   56     40.00000          715          677      0.86494 
   57     39.00000          610          521      0.82405 
   58     38.00000          500          348      0.75472 
   59     37.00000          452          261      0.73212 
   60     36.00000          469          287      0.75926 
   61     35.00000          476          304      0.77949 
   62     34.00000          459          302      0.79369 
   63     33.00000          421          295      0.82402 
   64     32.00000          435          362      0.90841 
   65     31.00000          509          429      0.91471 
   66     30.00000          588          494      0.91312 
   67     29.00000          655          548      0.91106 
   68     28.00000          713          595      0.90979 
   69     27.00000          803          640      0.88704 
   70     26.00000          923          716      0.87370 
   71     25.00000         1038          794      0.86681 
   72     24.00000         1113          847      0.86429 
   73     23.00000         1170          890      0.86408 
   74     22.00000         1249         1091      0.90855 
   75     21.00000         1327         1247      0.93085 
   76     20.00000         1387         1358      0.94572 
   77     19.00000         1442         1437      0.95102 
   78     18.00000         1486         1504      0.95786 
   79     17.00000         1526         1561      0.96275 
   80     16.00000         1533         1586      0.96185 
   81     15.00000         1566         1633      0.96155 
   82     14.00000         1593         1669      0.96137 
   83     13.00000         1604         1688      0.95930 
   84     12.00000         1598         1693      0.95594 
   85     11.00000         1580         1674      0.95575 
   86     10.00000         1583         1666      0.95783 
   87      9.00000         1600         1670      0.95780 
   88      8.00000         1637         1694      0.95767 
   89      7.00000         1693         1733      0.95680 
   90      6.00000         1716         1750      0.95441 
   91      5.00000         1741         1764      0.95292 
   92      4.00000         1719         1748      0.95299 
   93      3.00000         1704         1734      0.95404 
   94      2.00000         1669         1704      0.95464 
   95      1.00000         1638         1684      0.95605 
   96      0.00000         1637         1679      0.95597 
   97     -1.00000         1628         1691      0.95571 
   98     -2.00000         1636         1710      0.95995 
   99     -3.00000         1627         1717      0.96112 
  100     -4.00000         1618         1720      0.96165 
  101     -5.00000         1603         1710      0.96529 
  102     -6.00000         1562         1681      0.96331 
  103     -7.00000         1513         1639      0.96003 
  104     -8.00000         1481         1618      0.95579 
  105     -9.00000         1460         1608      0.95176 
  106    -10.00000         1420         1584      0.94541 
  107    -11.00000         1417         1596      0.94059 
  108    -12.00000         1429         1630      0.93429 
  109    -13.00000         1426         1628      0.93255 
  110    -14.00000         1422         1620      0.93425 
  111    -15.00000         1423         1620      0.93263 
  112    -16.00000         1403         1595      0.93195 
  113    -17.00000         1399         1572      0.93773 
  114    -18.00000         1359         1513      0.94011 
  115    -19.00000         1323         1455      0.94456 
  116    -20.00000         1281         1381      0.94816 
  117    -21.00000         1222         1283      0.94850 
  118    -22.00000         1181         1159      0.93675 
  119    -23.00000         1143         1069      0.94033 
  120    -24.00000         1112         1034      0.94501 
  121    -25.00000         1064          982      0.95308 
  122    -26.00000          986          913      0.95735 
  123    -27.00000          904          860      0.96825 
  124    -28.00000          852          824      0.91885 
  125    -29.00000          848          809      0.84852 
  126    -30.00000          822          770      0.77764 
  127    -31.00000          764          700      0.70355 
  128    -32.00000          714          639      0.62528 
  129    -33.00000          744          595      0.47349 
  130    -34.00000          802          621      0.43710 
  131    -35.00000          860          632      0.41287 
  132    -36.00000          873          615      0.38710 
  133    -37.00000          881          593      0.35685 
  134    -38.00000          895          649      0.41062 
  135    -39.00000          861          728      0.47703 
  136    -40.00000          849          806      0.52689 
  137    -41.00000          804          859      0.57246 
  138    -42.00000          798          906      0.61033 
  139    -43.00000          778          942      0.64884 
  140    -44.00000          748          935      0.66904 
  141    -45.00000          716          928      0.70316 
  142    -46.00000          648          876      0.71260 
  143    -47.00000          602          830      0.72067 
  144    -48.00000          511          768      0.70367 
  145    -49.00000          429          693      0.68627 
  146    -50.00000          337          606      0.65960 
  147    -51.00000          220          492      0.58708 
  148    -52.00000           92          383      0.38737 
  149    -53.00000            0          252      0.00000 
  150    -54.00000            0          161      0.00000 
  151    -55.00000            0           63      0.00000 
  152    -56.00000            0           20      0.00000 
  153    -57.00000            0            0      0.00000 
  154    -58.00000            0            0      0.00000 
  155    -59.00000            0            0      0.00000 
  156    -60.00000            0            0      0.00000 
  157    -61.00000            0            0      0.00000 
  158    -62.00000            0            0      0.00000 
  159    -63.00000            0            0      0.00000 
  160    -64.00000            0            0      0.00000 
  161    -65.00000            0            0      0.00000 
  162    -66.00000            0            0      0.00000 
  163    -67.00000            0            0      0.00000 
  164    -68.00000            0            0      0.00000 
  165    -69.00000            0            0      0.00000 
  166    -70.00000            0            0      0.00000 
  167    -71.00000            0            0      0.00000 
  168    -72.00000            0            0      0.00000 
  169    -73.00000            0            0      0.00000 
  170    -74.00000            0            0      0.00000 
  171    -75.00000            0            0      0.00000 
  172    -76.00000            0            0      0.00000 
  173    -77.00000            0            0      0.00000 
  174    -78.00000            0            0      0.00000 
  175    -79.00000            0            0      0.00000 
  176    -80.00000            0            0      0.00000 
  177    -81.00000            0            0      0.00000 
  178    -82.00000            0            0      0.00000 
  179    -83.00000            0            0      0.00000 
  180    -84.00000            0            0      0.00000 
  181    -85.00000            0            0      0.00000 
  182    -86.00000            0            0      0.00000 
  183    -87.00000            0            0      0.00000 
  184    -88.00000            0            0      0.00000 
  185    -89.00000            0            0      0.00000 
  186    -90.00000            0            0      0.00000 
  187    -91.00000            0            0      0.00000 
  188    -92.00000            0            0      0.00000 
  189    -93.00000            0            0      0.00000 
  190    -94.00000            0            0      0.00000 
  191    -95.00000            0            0      0.00000 
  192    -96.00000            0            0      0.00000 
  193    -97.00000            0            0      0.00000 
  194    -98.00000            0            0      0.00000 
