# 3dSliceNDice -insetA 6m_3min_m3_binary+orig -insetB 6m_5min_m3_binary+orig -prefix 6m_3min_5min_m3
    0    134.00000            0            0      0.00000 
    1    133.00000            0            0      0.00000 
    2    132.00000            0            0      0.00000 
    3    131.00000            0            0      0.00000 
    4    130.00000            0            0      0.00000 
    5    129.00000            0            0      0.00000 
    6    128.00000            0            0      0.00000 
    7    127.00000            0            0      0.00000 
    8    126.00000            0            0      0.00000 
    9    125.00000            0            0      0.00000 
   10    124.00000            0            0      0.00000 
   11    123.00000            0            0      0.00000 
   12    122.00000            0            0      0.00000 
   13    121.00000            0            0      0.00000 
   14    120.00000            0            0      0.00000 
   15    119.00000            0            0      0.00000 
   16    118.00000            0            0      0.00000 
   17    117.00000            0            0      0.00000 
   18    116.00000            0            0      0.00000 
   19    115.00000            0            0      0.00000 
   20    114.00000            0            0      0.00000 
   21    113.00000            0            0      0.00000 
   22    112.00000            0            0      0.00000 
   23    111.00000            0            0      0.00000 
   24    110.00000            0            0      0.00000 
   25    109.00000            0            0      0.00000 
   26    108.00000            0            0      0.00000 
   27    107.00000            0            0      0.00000 
   28    106.00000            0            0      0.00000 
   29    105.00000            0            0      0.00000 
   30    104.00000            0            0      0.00000 
   31    103.00000            0            0      0.00000 
   32    102.00000            0            0      0.00000 
   33    101.00000            0            0      0.00000 
   34    100.00000            0            0      0.00000 
   35     99.00000            0            0      0.00000 
   36     98.00000            0            0      0.00000 
   37     97.00000            0            0      0.00000 
   38     96.00000            0            0      0.00000 
   39     95.00000            0            0      0.00000 
   40     94.00000            0            0      0.00000 
   41     93.00000            0            0      0.00000 
   42     92.00000            0            0      0.00000 
   43     91.00000            0            0      0.00000 
   44     90.00000            0            0      0.00000 
   45     89.00000            0            0      0.00000 
   46     88.00000            0            0      0.00000 
   47     87.00000            0            0      0.00000 
   48     86.00000            0            0      0.00000 
   49     85.00000            0            0      0.00000 
   50     84.00000            0            0      0.00000 
   51     83.00000            0            0      0.00000 
   52     82.00000            0            0      0.00000 
   53     81.00000            9            9      1.00000 
   54     80.00000           41           41      1.00000 
   55     79.00000           87           78      0.94545 
   56     78.00000          152          114      0.85714 
   57     77.00000          242          173      0.82410 
   58     76.00000          389          309      0.83668 
   59     75.00000          600          496      0.84124 
   60     74.00000          817          680      0.84302 
   61     73.00000         1007          844      0.85035 
   62     72.00000         1248         1066      0.83924 
   63     71.00000         1464         1318      0.83753 
   64     70.00000         1763         1636      0.83731 
   65     69.00000         1973         1852      0.83765 
   66     68.00000         2143         2025      0.83637 
   67     67.00000         2301         2183      0.84121 
   68     66.00000         2464         2314      0.85182 
   69     65.00000         2643         2490      0.86460 
   70     64.00000         2753         2602      0.88030 
   71     63.00000         2846         2692      0.89491 
   72     62.00000         2858         2718      0.91356 
   73     61.00000         2845         2725      0.92783 
   74     60.00000         2827         2731      0.94279 
   75     59.00000         2728         2690      0.95312 
   76     58.00000         2629         2655      0.96858 
   77     57.00000         2533         2601      0.98130 
   78     56.00000         2551         2613      0.97754 
   79     55.00000         2594         2637      0.97037 
   80     54.00000         2611         2645      0.96385 
   81     53.00000         2647         2666      0.95878 
   82     52.00000         2655         2688      0.94853 
   83     51.00000         2651         2740      0.93304 
   84     50.00000         2649         2798      0.92491 
   85     49.00000         2602         2769      0.91156 
   86     48.00000         2607         2791      0.89885 
   87     47.00000         2622         2739      0.89312 
   88     46.00000         2720         2696      0.89586 
   89     45.00000         2810         2657      0.89446 
   90     44.00000         2794         2540      0.89126 
   91     43.00000         2824         2469      0.89099 
   92     42.00000         2828         2420      0.89177 
   93     41.00000         2811         2401      0.89294 
   94     40.00000         2803         2405      0.89823 
   95     39.00000         2717         2365      0.90279 
   96     38.00000         2561         2272      0.89965 
   97     37.00000         2359         2168      0.93174 
   98     36.00000         2380         2202      0.93453 
   99     35.00000         2436         2246      0.93550 
  100     34.00000         2488         2273      0.93342 
  101     33.00000         2546         2296      0.93267 
  102     32.00000         2596         2306      0.93146 
  103     31.00000         2619         2297      0.92880 
  104     30.00000         2637         2291      0.92857 
  105     29.00000         2629         2295      0.92729 
  106     28.00000         2629         2292      0.92420 
  107     27.00000         2591         2272      0.92206 
  108     26.00000         2536         2246      0.92179 
  109     25.00000         2480         2220      0.92085 
  110     24.00000         2410         2198      0.92535 
  111     23.00000         2343         2179      0.93056 
  112     22.00000         2242         2158      0.93773 
  113     21.00000         2175         2151      0.94267 
  114     20.00000         2100         2134      0.94662 
  115     19.00000         2011         2102      0.95210 
  116     18.00000         1950         2096      0.95897 
  117     17.00000         1996         2224      0.92654 
  118     16.00000         2068         2369      0.90151 
  119     15.00000         2101         2430      0.88943 
  120     14.00000         2106         2446      0.87742 
  121     13.00000         2107         2445      0.86819 
  122     12.00000         2250         2451      0.89087 
  123     11.00000         2346         2435      0.90943 
  124     10.00000         2391         2438      0.91199 
  125      9.00000         2358         2383      0.90993 
  126      8.00000         2347         2342      0.90424 
  127      7.00000         2217         2191      0.89746 
  128      6.00000         2116         2090      0.89681 
  129      5.00000         2030         2011      0.89582 
  130      4.00000         1901         1885      0.89752 
  131      3.00000         1764         1771      0.90693 
  132      2.00000         1622         1637      0.94508 
  133      1.00000         1563         1549      0.95308 
  134      0.00000         1501         1453      0.96209 
  135     -1.00000         1418         1345      0.95621 
  136     -2.00000         1317         1232      0.94861 
  137     -3.00000         1180         1040      0.93694 
  138     -4.00000         1098          944      0.92458 
  139     -5.00000         1001          829      0.90601 
  140     -6.00000          864          669      0.87280 
  141     -7.00000          742          490      0.79545 
  142     -8.00000          647          400      0.70296 
  143     -9.00000          609          418      0.69133 
  144    -10.00000          547          394      0.68013 
  145    -11.00000          456          348      0.66418 
  146    -12.00000          372          287      0.60698 
  147    -13.00000          342          234      0.51389 
  148    -14.00000          361          245      0.52145 
  149    -15.00000          372          257      0.54054 
  150    -16.00000          367          260      0.55821 
  151    -17.00000          371          261      0.55696 
  152    -18.00000          384          253      0.53689 
  153    -19.00000          375          239      0.53094 
  154    -20.00000          381          228      0.51560 
  155    -21.00000          372          209      0.49225 
  156    -22.00000          373          195      0.46127 
  157    -23.00000          355          158      0.38986 
  158    -24.00000          334          130      0.34914 
  159    -25.00000          300           87      0.25840 
  160    -26.00000          256           45      0.14618 
  161    -27.00000          223            4      0.00881 
  162    -28.00000          193            0      0.00000 
  163    -29.00000          162            0      0.00000 
  164    -30.00000          122            0      0.00000 
  165    -31.00000           80            0      0.00000 
  166    -32.00000           32            0      0.00000 
  167    -33.00000            0            0      0.00000 
  168    -34.00000            0            0      0.00000 
  169    -35.00000            0            0      0.00000 
  170    -36.00000            0            0      0.00000 
  171    -37.00000            0            0      0.00000 
  172    -38.00000            0            0      0.00000 
  173    -39.00000            0            0      0.00000 
  174    -40.00000            0            0      0.00000 
  175    -41.00000            0            0      0.00000 
  176    -42.00000            0            0      0.00000 
  177    -43.00000            0            0      0.00000 
  178    -44.00000            0            0      0.00000 
  179    -45.00000            0            0      0.00000 
  180    -46.00000            0            0      0.00000 
  181    -47.00000            0            0      0.00000 
  182    -48.00000            0            0      0.00000 
  183    -49.00000            0            0      0.00000 
  184    -50.00000            0            0      0.00000 
  185    -51.00000            0            0      0.00000 
  186    -52.00000            0            0      0.00000 
  187    -53.00000            0            0      0.00000 
  188    -54.00000            0            0      0.00000 
  189    -55.00000            0            0      0.00000 
  190    -56.00000            0            0      0.00000 
  191    -57.00000            0            0      0.00000 
  192    -58.00000            0            0      0.00000 
  193    -59.00000            0            0      0.00000 
  194    -60.00000            0            0      0.00000 
  195    -61.00000            0            0      0.00000 
  196    -62.00000            0            0      0.00000 
  197    -63.00000            0            0      0.00000 
  198    -64.00000            0            0      0.00000 
  199    -65.00000            0            0      0.00000 
  200    -66.00000            0            0      0.00000 
  201    -67.00000            0            0      0.00000 
  202    -68.00000            0            0      0.00000 
  203    -69.00000            0            0      0.00000 
  204    -70.00000            0            0      0.00000 
  205    -71.00000            0            0      0.00000 
  206    -72.00000            0            0      0.00000 
  207    -73.00000            0            0      0.00000 
  208    -74.00000            0            0      0.00000 
  209    -75.00000            0            0      0.00000 
  210    -76.00000            0            0      0.00000 
  211    -77.00000            0            0      0.00000 
  212    -78.00000            0            0      0.00000 
  213    -79.00000            0            0      0.00000 
  214    -80.00000            0            0      0.00000 
  215    -81.00000            0            0      0.00000 
  216    -82.00000            0            0      0.00000 
  217    -83.00000            0            0      0.00000 
  218    -84.00000            0            0      0.00000 
  219    -85.00000            0            0      0.00000 
  220    -86.00000            0            0      0.00000 
  221    -87.00000            0            0      0.00000 
  222    -88.00000            0            0      0.00000 
  223    -89.00000            0            0      0.00000 
  224    -90.00000            0            0      0.00000 
  225    -91.00000            0            0      0.00000 
  226    -92.00000            0            0      0.00000 
  227    -93.00000            0            0      0.00000 
  228    -94.00000            0            0      0.00000 
  229    -95.00000            0            0      0.00000 
  230    -96.00000            0            0      0.00000 
  231    -97.00000            0            0      0.00000 
  232    -98.00000            0            0      0.00000 
