# 3dSliceNDice -insetA 6m_3min_m1_binary+orig -insetB 6m_4min_m1_binary+orig -prefix 6m_3min_4min_m1
    0    134.00000            0            0      0.00000 
    1    133.00000            0            0      0.00000 
    2    132.00000            0            0      0.00000 
    3    131.00000            0            0      0.00000 
    4    130.00000            0            0      0.00000 
    5    129.00000            0            0      0.00000 
    6    128.00000            0            0      0.00000 
    7    127.00000            0            0      0.00000 
    8    126.00000            0            0      0.00000 
    9    125.00000            0            0      0.00000 
   10    124.00000            0            0      0.00000 
   11    123.00000            0            0      0.00000 
   12    122.00000            0            0      0.00000 
   13    121.00000            0            0      0.00000 
   14    120.00000            0            0      0.00000 
   15    119.00000            0            0      0.00000 
   16    118.00000            0            0      0.00000 
   17    117.00000            0            0      0.00000 
   18    116.00000            0            0      0.00000 
   19    115.00000            0            0      0.00000 
   20    114.00000            0            0      0.00000 
   21    113.00000            0            0      0.00000 
   22    112.00000            0            0      0.00000 
   23    111.00000            0            0      0.00000 
   24    110.00000            0            0      0.00000 
   25    109.00000            0            0      0.00000 
   26    108.00000            0            0      0.00000 
   27    107.00000            0            0      0.00000 
   28    106.00000            0            0      0.00000 
   29    105.00000            0            0      0.00000 
   30    104.00000            0            0      0.00000 
   31    103.00000            0            0      0.00000 
   32    102.00000            0            0      0.00000 
   33    101.00000            0            0      0.00000 
   34    100.00000            0            0      0.00000 
   35     99.00000            0            0      0.00000 
   36     98.00000            0            0      0.00000 
   37     97.00000            0            0      0.00000 
   38     96.00000            0            0      0.00000 
   39     95.00000            0            0      0.00000 
   40     94.00000            0            0      0.00000 
   41     93.00000            0            0      0.00000 
   42     92.00000            0            0      0.00000 
   43     91.00000            0            0      0.00000 
   44     90.00000            0            0      0.00000 
   45     89.00000            0            0      0.00000 
   46     88.00000            0            0      0.00000 
   47     87.00000            0            0      0.00000 
   48     86.00000            0            0      0.00000 
   49     85.00000            0            0      0.00000 
   50     84.00000            6            6      1.00000 
   51     83.00000          136          139      0.98909 
   52     82.00000          284          301      0.97094 
   53     81.00000          433          463      0.96652 
   54     80.00000          594          646      0.95806 
   55     79.00000          731          800      0.95493 
   56     78.00000          855          942      0.95159 
   57     77.00000          966         1060      0.95360 
   58     76.00000         1077         1194      0.94672 
   59     75.00000         1190         1301      0.94259 
   60     74.00000         1281         1395      0.92975 
   61     73.00000         1368         1474      0.91977 
   62     72.00000         1446         1572      0.90325 
   63     71.00000         1511         1740      0.87296 
   64     70.00000         1648         1924      0.86338 
   65     69.00000         1686         2018      0.85043 
   66     68.00000         1705         2069      0.84526 
   67     67.00000         1727         2126      0.83935 
   68     66.00000         1787         2228      0.83437 
   69     65.00000         1864         2359      0.83116 
   70     64.00000         1883         2414      0.82057 
   71     63.00000         1906         2454      0.80872 
   72     62.00000         1904         2498      0.79100 
   73     61.00000         1936         2574      0.78137 
   74     60.00000         1949         2598      0.76930 
   75     59.00000         1887         2550      0.75456 
   76     58.00000         1801         2490      0.74109 
   77     57.00000         1919         2528      0.73848 
   78     56.00000         2145         2707      0.76505 
   79     55.00000         2284         2832      0.77952 
   80     54.00000         2389         2893      0.79288 
   81     53.00000         2491         2974      0.80220 
   82     52.00000         2647         3054      0.83003 
   83     51.00000         2740         3162      0.84582 
   84     50.00000         2866         3235      0.86379 
   85     49.00000         2874         3196      0.87611 
   86     48.00000         2862         3119      0.88915 
   87     47.00000         2936         3040      0.92637 
   88     46.00000         3080         3126      0.93071 
   89     45.00000         3191         3218      0.93712 
   90     44.00000         3229         3245      0.93543 
   91     43.00000         3212         3225      0.93491 
   92     42.00000         3183         3176      0.93505 
   93     41.00000         3189         3222      0.92840 
   94     40.00000         3245         3315      0.92774 
   95     39.00000         3213         3343      0.93167 
   96     38.00000         3214         3371      0.93576 
   97     37.00000         3339         3382      0.93587 
   98     36.00000         3409         3381      0.94315 
   99     35.00000         3395         3376      0.94314 
  100     34.00000         3316         3289      0.93929 
  101     33.00000         3237         3194      0.93018 
  102     32.00000         3160         3124      0.91980 
  103     31.00000         3135         3087      0.91964 
  104     30.00000         3120         3076      0.92059 
  105     29.00000         3066         3008      0.92262 
  106     28.00000         3031         2919      0.92975 
  107     27.00000         2948         2804      0.93811 
  108     26.00000         2877         2710      0.94434 
  109     25.00000         2805         2614      0.94667 
  110     24.00000         2683         2482      0.94405 
  111     23.00000         2573         2359      0.93998 
  112     22.00000         2445         2219      0.93268 
  113     21.00000         2288         2065      0.92993 
  114     20.00000         2096         1876      0.92296 
  115     19.00000         1850         1646      0.91876 
  116     18.00000         1583         1429      0.92430 
  117     17.00000         1285         1171      0.92427 
  118     16.00000         1183         1070      0.92676 
  119     15.00000         1075          967      0.92654 
  120     14.00000          944          835      0.90950 
  121     13.00000          745          652      0.89764 
  122     12.00000          461          431      0.91256 
  123     11.00000          419          381      0.90750 
  124     10.00000          371          330      0.91013 
  125      9.00000          295          252      0.91042 
  126      8.00000          224          188      0.91262 
  127      7.00000           64           47      0.84685 
  128      6.00000           21           16      0.86486 
  129      5.00000            8            8      1.00000 
  130      4.00000            0            0      0.00000 
  131      3.00000            0            0      0.00000 
  132      2.00000            0            0      0.00000 
  133      1.00000            0            0      0.00000 
  134      0.00000            0            0      0.00000 
  135     -1.00000            0            0      0.00000 
  136     -2.00000            0            0      0.00000 
  137     -3.00000           96          252      0.36782 
  138     -4.00000          245          457      0.44729 
  139     -5.00000          369          599      0.49793 
  140     -6.00000          463          703      0.53345 
  141     -7.00000          547          781      0.56777 
  142     -8.00000          720          911      0.67934 
  143     -9.00000          911          994      0.77165 
  144    -10.00000         1069         1107      0.80607 
  145    -11.00000         1165         1165      0.83090 
  146    -12.00000         1243         1215      0.85354 
  147    -13.00000         1315         1275      0.87181 
  148    -14.00000         1333         1298      0.88635 
  149    -15.00000         1385         1321      0.89135 
  150    -16.00000         1389         1313      0.89415 
  151    -17.00000         1391         1313      0.89793 
  152    -18.00000         1414         1317      0.90150 
  153    -19.00000         1424         1322      0.90386 
  154    -20.00000         1439         1345      0.91164 
  155    -21.00000         1399         1333      0.90996 
  156    -22.00000         1393         1333      0.90315 
  157    -23.00000         1333         1313      0.89418 
  158    -24.00000         1270         1269      0.87515 
  159    -25.00000         1186         1220      0.85204 
  160    -26.00000         1052         1115      0.80941 
  161    -27.00000          854         1004      0.72766 
  162    -28.00000          816          962      0.65354 
  163    -29.00000          968         1035      0.64603 
  164    -30.00000         1091         1069      0.65926 
  165    -31.00000         1171         1048      0.66156 
  166    -32.00000         1245         1005      0.66578 
  167    -33.00000         1321          967      0.66084 
  168    -34.00000         1405          942      0.66127 
  169    -35.00000         1472          909      0.66023 
  170    -36.00000         1478          833      0.64042 
  171    -37.00000         1484          724      0.58514 
  172    -38.00000         1468          614      0.52354 
  173    -39.00000         1437          605      0.53575 
  174    -40.00000         1410          626      0.56680 
  175    -41.00000         1355          631      0.59919 
  176    -42.00000         1284          644      0.64315 
  177    -43.00000         1203          662      0.69491 
  178    -44.00000         1159          669      0.72429 
  179    -45.00000         1108          682      0.76201 
  180    -46.00000         1013          676      0.78626 
  181    -47.00000          952          675      0.80025 
  182    -48.00000          841          659      0.83733 
  183    -49.00000          731          629      0.88088 
  184    -50.00000          618          575      0.91869 
  185    -51.00000          529          518      0.93792 
  186    -52.00000          469          456      0.93189 
  187    -53.00000          386          361      0.91834 
  188    -54.00000          289          265      0.90614 
  189    -55.00000          224          211      0.92414 
  190    -56.00000          156          151      0.93160 
  191    -57.00000          105           97      0.96040 
  192    -58.00000           35           35      1.00000 
  193    -59.00000            0            0      0.00000 
  194    -60.00000            0            0      0.00000 
  195    -61.00000            0            0      0.00000 
  196    -62.00000            0            0      0.00000 
  197    -63.00000            0            0      0.00000 
  198    -64.00000            0            0      0.00000 
  199    -65.00000            0            0      0.00000 
  200    -66.00000            0            0      0.00000 
  201    -67.00000            0            0      0.00000 
  202    -68.00000            0            0      0.00000 
  203    -69.00000            0            0      0.00000 
  204    -70.00000            0            0      0.00000 
  205    -71.00000            0            0      0.00000 
  206    -72.00000            0            0      0.00000 
  207    -73.00000            0            0      0.00000 
  208    -74.00000            0            0      0.00000 
  209    -75.00000            0            0      0.00000 
  210    -76.00000            0            0      0.00000 
  211    -77.00000            0            0      0.00000 
  212    -78.00000            0            0      0.00000 
  213    -79.00000            0            0      0.00000 
  214    -80.00000            0            0      0.00000 
  215    -81.00000            0            0      0.00000 
  216    -82.00000            0            0      0.00000 
  217    -83.00000            0            0      0.00000 
  218    -84.00000            0            0      0.00000 
  219    -85.00000            0            0      0.00000 
  220    -86.00000            0            0      0.00000 
  221    -87.00000            0            0      0.00000 
  222    -88.00000            0            0      0.00000 
  223    -89.00000            0            0      0.00000 
  224    -90.00000            0            0      0.00000 
  225    -91.00000            0            0      0.00000 
  226    -92.00000            0            0      0.00000 
  227    -93.00000            0            0      0.00000 
  228    -94.00000            0            0      0.00000 
  229    -95.00000            0            0      0.00000 
  230    -96.00000            0            0      0.00000 
  231    -97.00000            0            0      0.00000 
  232    -98.00000            0            0      0.00000 
