# 3dSliceNDice -insetA 6m_3min_m5_binary+orig -insetB 6m_4min_m5_binary+orig -prefix 6m_3min_4min_m5
    0    134.00000            0            0      0.00000 
    1    133.00000            0            0      0.00000 
    2    132.00000            0            0      0.00000 
    3    131.00000            0            0      0.00000 
    4    130.00000            0            0      0.00000 
    5    129.00000            0            0      0.00000 
    6    128.00000            0            0      0.00000 
    7    127.00000            0            0      0.00000 
    8    126.00000            0            0      0.00000 
    9    125.00000            0            0      0.00000 
   10    124.00000            0            0      0.00000 
   11    123.00000            0            0      0.00000 
   12    122.00000            0            0      0.00000 
   13    121.00000            0            0      0.00000 
   14    120.00000            0            0      0.00000 
   15    119.00000            0            0      0.00000 
   16    118.00000            0            0      0.00000 
   17    117.00000            0            0      0.00000 
   18    116.00000            0            0      0.00000 
   19    115.00000            0            0      0.00000 
   20    114.00000            0            0      0.00000 
   21    113.00000            0            0      0.00000 
   22    112.00000            0            0      0.00000 
   23    111.00000            0            0      0.00000 
   24    110.00000            0            0      0.00000 
   25    109.00000            0            0      0.00000 
   26    108.00000            0            0      0.00000 
   27    107.00000            0            0      0.00000 
   28    106.00000            0            0      0.00000 
   29    105.00000            0            0      0.00000 
   30    104.00000            0            0      0.00000 
   31    103.00000            0            0      0.00000 
   32    102.00000            0            0      0.00000 
   33    101.00000            0            0      0.00000 
   34    100.00000            0            0      0.00000 
   35     99.00000            0            0      0.00000 
   36     98.00000            0            0      0.00000 
   37     97.00000            0            0      0.00000 
   38     96.00000            0            0      0.00000 
   39     95.00000            0            0      0.00000 
   40     94.00000            0            0      0.00000 
   41     93.00000            0            0      0.00000 
   42     92.00000            0            0      0.00000 
   43     91.00000            0            0      0.00000 
   44     90.00000            0            0      0.00000 
   45     89.00000            0            0      0.00000 
   46     88.00000            0            0      0.00000 
   47     87.00000            0            0      0.00000 
   48     86.00000            0            0      0.00000 
   49     85.00000            0            0      0.00000 
   50     84.00000            0            0      0.00000 
   51     83.00000            0            0      0.00000 
   52     82.00000            0            0      0.00000 
   53     81.00000            0            0      0.00000 
   54     80.00000            0            0      0.00000 
   55     79.00000            0            0      0.00000 
   56     78.00000            0            0      0.00000 
   57     77.00000            0            0      0.00000 
   58     76.00000           25           13      0.68421 
   59     75.00000           83           57      0.81429 
   60     74.00000          141          106      0.85830 
   61     73.00000          199          164      0.90358 
   62     72.00000          297          234      0.88136 
   63     71.00000          382          287      0.85800 
   64     70.00000          472          349      0.85018 
   65     69.00000          534          390      0.84416 
   66     68.00000          588          429      0.84366 
   67     67.00000          640          531      0.90692 
   68     66.00000          699          637      0.95359 
   69     65.00000          783          739      0.97109 
   70     64.00000          855          810      0.97297 
   71     63.00000          917          869      0.97312 
   72     62.00000          974          925      0.97420 
   73     61.00000          995          943      0.97317 
   74     60.00000         1026          973      0.97349 
   75     59.00000         1037          997      0.97050 
   76     58.00000         1049         1028      0.96582 
   77     57.00000         1137         1270      0.88492 
   78     56.00000         1204         1480      0.82936 
   79     55.00000         1241         1631      0.79666 
   80     54.00000         1278         1758      0.77141 
   81     53.00000         1323         1867      0.75862 
   82     52.00000         1572         1972      0.82167 
   83     51.00000         1718         2058      0.84640 
   84     50.00000         1804         2162      0.85477 
   85     49.00000         1865         2224      0.85987 
   86     48.00000         1924         2293      0.86317 
   87     47.00000         2000         2362      0.87345 
   88     46.00000         2058         2383      0.87863 
   89     45.00000         2106         2425      0.88325 
   90     44.00000         2131         2438      0.88334 
   91     43.00000         2152         2453      0.87991 
   92     42.00000         2133         2409      0.87715 
   93     41.00000         2104         2369      0.87413 
   94     40.00000         2104         2345      0.87975 
   95     39.00000         2064         2280      0.88628 
   96     38.00000         2074         2206      0.90234 
   97     37.00000         2082         2132      0.91457 
   98     36.00000         2083         2086      0.91245 
   99     35.00000         2102         2089      0.91386 
  100     34.00000         2095         2071      0.91407 
  101     33.00000         2101         2070      0.90961 
  102     32.00000         2223         2219      0.92346 
  103     31.00000         2352         2361      0.93741 
  104     30.00000         2427         2429      0.94440 
  105     29.00000         2441         2455      0.94363 
  106     28.00000         2417         2442      0.94382 
  107     27.00000         2380         2420      0.94625 
  108     26.00000         2321         2369      0.94712 
  109     25.00000         2316         2363      0.94892 
  110     24.00000         2268         2315      0.94741 
  111     23.00000         2244         2274      0.94644 
  112     22.00000         2222         2236      0.94347 
  113     21.00000         2180         2176      0.94123 
  114     20.00000         2145         2109      0.93371 
  115     19.00000         2086         2029      0.92734 
  116     18.00000         2055         1987      0.92133 
  117     17.00000         2069         1962      0.92285 
  118     16.00000         2057         1942      0.93073 
  119     15.00000         2064         1970      0.93951 
  120     14.00000         2058         1989      0.94589 
  121     13.00000         2052         2009      0.94903 
  122     12.00000         2027         2015      0.95497 
  123     11.00000         1983         1988      0.95795 
  124     10.00000         1941         1973      0.96168 
  125      9.00000         1886         1910      0.96259 
  126      8.00000         1883         1900      0.96590 
  127      7.00000         1845         1875      0.96452 
  128      6.00000         1807         1852      0.96256 
  129      5.00000         1767         1825      0.96214 
  130      4.00000         1722         1781      0.96317 
  131      3.00000         1692         1764      0.96123 
  132      2.00000         1630         1696      0.96091 
  133      1.00000         1568         1628      0.95870 
  134      0.00000         1502         1545      0.95701 
  135     -1.00000         1404         1425      0.95157 
  136     -2.00000         1325         1312      0.94501 
  137     -3.00000         1270         1161      0.92555 
  138     -4.00000         1277         1102      0.90458 
  139     -5.00000         1273         1043      0.88774 
  140     -6.00000         1230          973      0.87063 
  141     -7.00000         1229          929      0.85542 
  142     -8.00000         1212          869      0.82941 
  143     -9.00000         1170          810      0.81414 
  144    -10.00000         1135          765      0.78632 
  145    -11.00000         1058          708      0.75878 
  146    -12.00000          980          682      0.74609 
  147    -13.00000          901          655      0.72494 
  148    -14.00000          821          627      0.70304 
  149    -15.00000          738          594      0.66817 
  150    -16.00000          632          532      0.62371 
  151    -17.00000          543          475      0.56582 
  152    -18.00000          451          413      0.50000 
  153    -19.00000          382          384      0.46997 
  154    -20.00000          305          352      0.42618 
  155    -21.00000          203          304      0.34714 
  156    -22.00000           79          248      0.19572 
  157    -23.00000           60          221      0.22776 
  158    -24.00000          138          236      0.47059 
  159    -25.00000          204          250      0.61674 
  160    -26.00000          254          244      0.72289 
  161    -27.00000          296          237      0.81051 
  162    -28.00000          346          288      0.80757 
  163    -29.00000          370          370      0.76216 
  164    -30.00000          400          458      0.74126 
  165    -31.00000          414          520      0.72805 
  166    -32.00000          425          571      0.71285 
  167    -33.00000          421          610      0.68671 
  168    -34.00000          397          614      0.66864 
  169    -35.00000          401          627      0.64202 
  170    -36.00000          397          618      0.63645 
  171    -37.00000          397          608      0.62687 
  172    -38.00000          393          577      0.61237 
  173    -39.00000          379          532      0.60812 
  174    -40.00000          375          489      0.60417 
  175    -41.00000          355          430      0.58344 
  176    -42.00000          334          380      0.56303 
  177    -43.00000          303          300      0.52073 
  178    -44.00000          268          227      0.48485 
  179    -45.00000          224          146      0.38378 
  180    -46.00000          177           63      0.22500 
  181    -47.00000          151            9      0.05000 
  182    -48.00000          112            0      0.00000 
  183    -49.00000           71            0      0.00000 
  184    -50.00000           30            0      0.00000 
  185    -51.00000            4            0      0.00000 
  186    -52.00000            0            0      0.00000 
  187    -53.00000            0            0      0.00000 
  188    -54.00000            0            0      0.00000 
  189    -55.00000            0            0      0.00000 
  190    -56.00000            0            0      0.00000 
  191    -57.00000            0            0      0.00000 
  192    -58.00000            0            0      0.00000 
  193    -59.00000            0            0      0.00000 
  194    -60.00000            0            0      0.00000 
  195    -61.00000            0            0      0.00000 
  196    -62.00000            0            0      0.00000 
  197    -63.00000            0            0      0.00000 
  198    -64.00000            0            0      0.00000 
  199    -65.00000            0            0      0.00000 
  200    -66.00000            0            0      0.00000 
  201    -67.00000            0            0      0.00000 
  202    -68.00000            0            0      0.00000 
  203    -69.00000            0            0      0.00000 
  204    -70.00000            0            0      0.00000 
  205    -71.00000            0            0      0.00000 
  206    -72.00000            0            0      0.00000 
  207    -73.00000            0            0      0.00000 
  208    -74.00000            0            0      0.00000 
  209    -75.00000            0            0      0.00000 
  210    -76.00000            0            0      0.00000 
  211    -77.00000            0            0      0.00000 
  212    -78.00000            0            0      0.00000 
  213    -79.00000            0            0      0.00000 
  214    -80.00000            0            0      0.00000 
  215    -81.00000            0            0      0.00000 
  216    -82.00000            0            0      0.00000 
  217    -83.00000            0            0      0.00000 
  218    -84.00000            0            0      0.00000 
  219    -85.00000            0            0      0.00000 
  220    -86.00000            0            0      0.00000 
  221    -87.00000            0            0      0.00000 
  222    -88.00000            0            0      0.00000 
  223    -89.00000            0            0      0.00000 
  224    -90.00000            0            0      0.00000 
  225    -91.00000            0            0      0.00000 
  226    -92.00000            0            0      0.00000 
  227    -93.00000            0            0      0.00000 
  228    -94.00000            0            0      0.00000 
  229    -95.00000            0            0      0.00000 
  230    -96.00000            0            0      0.00000 
  231    -97.00000            0            0      0.00000 
  232    -98.00000            0            0      0.00000 
