# 3dSliceNDice -insetA 6m_3min_m5_binary+orig -insetB 6m_5min_m5_binary+orig -prefix 6m_3min_5min_m5
    0    134.00000            0            0      0.00000 
    1    133.00000            0            0      0.00000 
    2    132.00000            0            0      0.00000 
    3    131.00000            0            0      0.00000 
    4    130.00000            0            0      0.00000 
    5    129.00000            0            0      0.00000 
    6    128.00000            0            0      0.00000 
    7    127.00000            0            0      0.00000 
    8    126.00000            0            0      0.00000 
    9    125.00000            0            0      0.00000 
   10    124.00000            0            0      0.00000 
   11    123.00000            0            0      0.00000 
   12    122.00000            0            0      0.00000 
   13    121.00000            0            0      0.00000 
   14    120.00000            0            0      0.00000 
   15    119.00000            0            0      0.00000 
   16    118.00000            0            0      0.00000 
   17    117.00000            0            0      0.00000 
   18    116.00000            0            0      0.00000 
   19    115.00000            0            0      0.00000 
   20    114.00000            0            0      0.00000 
   21    113.00000            0            0      0.00000 
   22    112.00000            0            0      0.00000 
   23    111.00000            0            0      0.00000 
   24    110.00000            0            0      0.00000 
   25    109.00000            0            0      0.00000 
   26    108.00000            0            0      0.00000 
   27    107.00000            0            0      0.00000 
   28    106.00000            0            0      0.00000 
   29    105.00000            0            0      0.00000 
   30    104.00000            0            0      0.00000 
   31    103.00000            0            0      0.00000 
   32    102.00000            0            0      0.00000 
   33    101.00000            0            0      0.00000 
   34    100.00000            0            0      0.00000 
   35     99.00000            0            0      0.00000 
   36     98.00000            0            0      0.00000 
   37     97.00000            0            0      0.00000 
   38     96.00000            0            0      0.00000 
   39     95.00000            0            0      0.00000 
   40     94.00000            0            0      0.00000 
   41     93.00000            0            0      0.00000 
   42     92.00000            0            0      0.00000 
   43     91.00000            0            0      0.00000 
   44     90.00000            0            0      0.00000 
   45     89.00000            0            0      0.00000 
   46     88.00000            0            0      0.00000 
   47     87.00000            0            0      0.00000 
   48     86.00000            0            0      0.00000 
   49     85.00000            0            0      0.00000 
   50     84.00000            0            0      0.00000 
   51     83.00000            0            0      0.00000 
   52     82.00000            0            0      0.00000 
   53     81.00000            0            0      0.00000 
   54     80.00000            0            0      0.00000 
   55     79.00000            0            0      0.00000 
   56     78.00000            0            0      0.00000 
   57     77.00000            0            0      0.00000 
   58     76.00000           25           25      1.00000 
   59     75.00000           83           83      1.00000 
   60     74.00000          141          141      1.00000 
   61     73.00000          199          199      1.00000 
   62     72.00000          297          275      0.96154 
   63     71.00000          382          324      0.91785 
   64     70.00000          472          389      0.90360 
   65     69.00000          534          426      0.88750 
   66     68.00000          588          458      0.87572 
   67     67.00000          640          497      0.87423 
   68     66.00000          699          574      0.90181 
   69     65.00000          783          673      0.92445 
   70     64.00000          855          751      0.93524 
   71     63.00000          917          810      0.93804 
   72     62.00000          974          899      0.93647 
   73     61.00000          995          953      0.92402 
   74     60.00000         1026         1031      0.91492 
   75     59.00000         1037         1076      0.90109 
   76     58.00000         1049         1117      0.89197 
   77     57.00000         1137         1300      0.83874 
   78     56.00000         1204         1471      0.79850 
   79     55.00000         1241         1599      0.77606 
   80     54.00000         1278         1721      0.75692 
   81     53.00000         1323         1849      0.74464 
   82     52.00000         1572         1980      0.81419 
   83     51.00000         1718         2089      0.84266 
   84     50.00000         1804         2227      0.85190 
   85     49.00000         1865         2320      0.85878 
   86     48.00000         1924         2403      0.86388 
   87     47.00000         2000         2485      0.87402 
   88     46.00000         2058         2505      0.88670 
   89     45.00000         2106         2543      0.89223 
   90     44.00000         2131         2529      0.89399 
   91     43.00000         2152         2520      0.89298 
   92     42.00000         2133         2447      0.89301 
   93     41.00000         2104         2379      0.89226 
   94     40.00000         2104         2345      0.89638 
   95     39.00000         2064         2255      0.89743 
   96     38.00000         2074         2172      0.91239 
   97     37.00000         2082         2102      0.91396 
   98     36.00000         2083         2089      0.89166 
   99     35.00000         2102         2085      0.87557 
  100     34.00000         2095         2023      0.84701 
  101     33.00000         2101         1934      0.80694 
  102     32.00000         2223         2231      0.86349 
  103     31.00000         2352         2459      0.89420 
  104     30.00000         2427         2579      0.90811 
  105     29.00000         2441         2618      0.91560 
  106     28.00000         2417         2616      0.92112 
  107     27.00000         2380         2604      0.92456 
  108     26.00000         2321         2583      0.92333 
  109     25.00000         2316         2601      0.92211 
  110     24.00000         2268         2564      0.91805 
  111     23.00000         2244         2540      0.91472 
  112     22.00000         2222         2514      0.90836 
  113     21.00000         2180         2441      0.90543 
  114     20.00000         2145         2362      0.90570 
  115     19.00000         2086         2268      0.90997 
  116     18.00000         2055         2219      0.91062 
  117     17.00000         2069         2181      0.91906 
  118     16.00000         2057         2142      0.92784 
  119     15.00000         2064         2124      0.92980 
  120     14.00000         2058         2113      0.92688 
  121     13.00000         2052         2112      0.92555 
  122     12.00000         2027         2101      0.92587 
  123     11.00000         1983         2064      0.92661 
  124     10.00000         1941         2031      0.92800 
  125      9.00000         1886         1957      0.92636 
  126      8.00000         1883         1906      0.93745 
  127      7.00000         1845         1779      0.95475 
  128      6.00000         1807         1730      0.95900 
  129      5.00000         1767         1685      0.96002 
  130      4.00000         1722         1629      0.95554 
  131      3.00000         1692         1567      0.94814 
  132      2.00000         1630         1461      0.93044 
  133      1.00000         1568         1410      0.93217 
  134      0.00000         1502         1353      0.93380 
  135     -1.00000         1404         1265      0.93293 
  136     -2.00000         1325         1230      0.94325 
  137     -3.00000         1270         1167      0.93886 
  138     -4.00000         1277         1114      0.91593 
  139     -5.00000         1273         1059      0.89537 
  140     -6.00000         1230          994      0.88129 
  141     -7.00000         1229          939      0.86070 
  142     -8.00000         1212          876      0.83333 
  143     -9.00000         1170          816      0.81772 
  144    -10.00000         1135          751      0.79533 
  145    -11.00000         1058          665      0.77191 
  146    -12.00000          980          609      0.76652 
  147    -13.00000          901          541      0.75035 
  148    -14.00000          821          481      0.73886 
  149    -15.00000          738          407      0.71092 
  150    -16.00000          632          307      0.65389 
  151    -17.00000          543          168      0.47257 
  152    -18.00000          451            0      0.00000 
  153    -19.00000          382            0      0.00000 
  154    -20.00000          305            0      0.00000 
  155    -21.00000          203            0      0.00000 
  156    -22.00000           79            0      0.00000 
  157    -23.00000           60           60      0.53333 
  158    -24.00000          138          138      0.63768 
  159    -25.00000          204          204      0.68627 
  160    -26.00000          254          254      0.70866 
  161    -27.00000          296          296      0.72973 
  162    -28.00000          346          346      0.73988 
  163    -29.00000          370          372      0.76011 
  164    -30.00000          400          416      0.78676 
  165    -31.00000          414          440      0.81030 
  166    -32.00000          425          455      0.82500 
  167    -33.00000          421          454      0.83657 
  168    -34.00000          397          438      0.84551 
  169    -35.00000          401          428      0.84680 
  170    -36.00000          397          403      0.85250 
  171    -37.00000          397          381      0.85090 
  172    -38.00000          393          343      0.83967 
  173    -39.00000          379          309      0.83140 
  174    -40.00000          375          279      0.81651 
  175    -41.00000          355          235      0.79661 
  176    -42.00000          334          201      0.75140 
  177    -43.00000          303          157      0.68261 
  178    -44.00000          268          120      0.61856 
  179    -45.00000          224           71      0.48136 
  180    -46.00000          177           27      0.26471 
  181    -47.00000          151            4      0.05161 
  182    -48.00000          112            0      0.00000 
  183    -49.00000           71            0      0.00000 
  184    -50.00000           30            0      0.00000 
  185    -51.00000            4            0      0.00000 
  186    -52.00000            0            0      0.00000 
  187    -53.00000            0            0      0.00000 
  188    -54.00000            0            0      0.00000 
  189    -55.00000            0            0      0.00000 
  190    -56.00000            0            0      0.00000 
  191    -57.00000            0            0      0.00000 
  192    -58.00000            0            0      0.00000 
  193    -59.00000            0            0      0.00000 
  194    -60.00000            0            0      0.00000 
  195    -61.00000            0            0      0.00000 
  196    -62.00000            0            0      0.00000 
  197    -63.00000            0            0      0.00000 
  198    -64.00000            0            0      0.00000 
  199    -65.00000            0            0      0.00000 
  200    -66.00000            0            0      0.00000 
  201    -67.00000            0            0      0.00000 
  202    -68.00000            0            0      0.00000 
  203    -69.00000            0            0      0.00000 
  204    -70.00000            0            0      0.00000 
  205    -71.00000            0            0      0.00000 
  206    -72.00000            0            0      0.00000 
  207    -73.00000            0            0      0.00000 
  208    -74.00000            0            0      0.00000 
  209    -75.00000            0            0      0.00000 
  210    -76.00000            0            0      0.00000 
  211    -77.00000            0            0      0.00000 
  212    -78.00000            0            0      0.00000 
  213    -79.00000            0            0      0.00000 
  214    -80.00000            0            0      0.00000 
  215    -81.00000            0            0      0.00000 
  216    -82.00000            0            0      0.00000 
  217    -83.00000            0            0      0.00000 
  218    -84.00000            0            0      0.00000 
  219    -85.00000            0            0      0.00000 
  220    -86.00000            0            0      0.00000 
  221    -87.00000            0            0      0.00000 
  222    -88.00000            0            0      0.00000 
  223    -89.00000            0            0      0.00000 
  224    -90.00000            0            0      0.00000 
  225    -91.00000            0            0      0.00000 
  226    -92.00000            0            0      0.00000 
  227    -93.00000            0            0      0.00000 
  228    -94.00000            0            0      0.00000 
  229    -95.00000            0            0      0.00000 
  230    -96.00000            0            0      0.00000 
  231    -97.00000            0            0      0.00000 
  232    -98.00000            0            0      0.00000 
