# 3dSliceNDice -insetA 6m_3min_m4_binary+orig -insetB 6m_5min_m4_binary+orig -prefix 6m_3min_5min_m4
    0    -72.00000            0            0      0.00000 
    1    -71.00000            0            0      0.00000 
    2    -70.00000            0            0      0.00000 
    3    -69.00000            0            0      0.00000 
    4    -68.00000            0            0      0.00000 
    5    -67.00000            0            0      0.00000 
    6    -66.00000            0            0      0.00000 
    7    -65.00000            0            0      0.00000 
    8    -64.00000            0            0      0.00000 
    9    -63.00000            0            0      0.00000 
   10    -62.00000            0            0      0.00000 
   11    -61.00000            0            0      0.00000 
   12    -60.00000            0            0      0.00000 
   13    -59.00000            0            0      0.00000 
   14    -58.00000            0            0      0.00000 
   15    -57.00000            0            0      0.00000 
   16    -56.00000            0            0      0.00000 
   17    -55.00000            0            0      0.00000 
   18    -54.00000            0            0      0.00000 
   19    -53.00000            0            0      0.00000 
   20    -52.00000            0            0      0.00000 
   21    -51.00000            0            0      0.00000 
   22    -50.00000            0            0      0.00000 
   23    -49.00000            0            0      0.00000 
   24    -48.00000            0            0      0.00000 
   25    -47.00000            0            0      0.00000 
   26    -46.00000            0            0      0.00000 
   27    -45.00000            0            0      0.00000 
   28    -44.00000            0            0      0.00000 
   29    -43.00000            0            0      0.00000 
   30    -42.00000            0            0      0.00000 
   31    -41.00000            0            0      0.00000 
   32    -40.00000            0            0      0.00000 
   33    -39.00000            0            0      0.00000 
   34    -38.00000            0            0      0.00000 
   35    -37.00000            8           64      0.22222 
   36    -36.00000           67          149      0.62037 
   37    -35.00000          121          217      0.71598 
   38    -34.00000          172          277      0.76615 
   39    -33.00000          223          338      0.79501 
   40    -32.00000          527          696      0.86182 
   41    -31.00000          736          912      0.89320 
   42    -30.00000          918         1098      0.91071 
   43    -29.00000         1119         1301      0.92479 
   44    -28.00000         1285         1457      0.93727 
   45    -27.00000         1454         1620      0.94600 
   46    -26.00000         1600         1756      0.95352 
   47    -25.00000         1770         1935      0.95547 
   48    -24.00000         1905         2079      0.95633 
   49    -23.00000         2027         2216      0.95546 
   50    -22.00000         2235         2432      0.95779 
   51    -21.00000         2430         2633      0.95991 
   52    -20.00000         2667         2858      0.96543 
   53    -19.00000         2826         3027      0.96463 
   54    -18.00000         2982         3141      0.95509 
   55    -17.00000         3094         3202      0.94346 
   56    -16.00000         3134         3215      0.93590 
   57    -15.00000         3188         3208      0.92151 
   58    -14.00000         3183         3136      0.89983 
   59    -13.00000         3144         3107      0.87826 
   60    -12.00000         3002         2972      0.86843 
   61    -11.00000         2894         2843      0.86666 
   62    -10.00000         2737         2660      0.86678 
   63     -9.00000         2488         2401      0.86643 
   64     -8.00000         2172         2059      0.85559 
   65     -7.00000         1735         1501      0.84858 
   66     -6.00000         1637         1423      0.85163 
   67     -5.00000         1511         1322      0.85351 
   68     -4.00000         1328         1201      0.86200 
   69     -3.00000         1110         1055      0.87760 
   70     -2.00000          933          923      0.89763 
   71     -1.00000          904          910      0.88644 
   72      0.00000          871          895      0.87542 
   73      1.00000          807          852      0.86438 
   74      2.00000          768          824      0.85176 
   75      3.00000          681          809      0.80671 
   76      4.00000          618          842      0.74521 
   77      5.00000          537          839      0.68750 
   78      6.00000          425          795      0.61475 
   79      7.00000          244          728      0.44444 
   80      8.00000          440          852      0.28019 
   81      9.00000          761         1063      0.47807 
   82     10.00000          983         1205      0.57038 
   83     11.00000         1139         1277      0.62997 
   84     12.00000         1257         1279      0.68849 
   85     13.00000         1460         1369      0.73878 
   86     14.00000         1633         1552      0.76672 
   87     15.00000         1840         1730      0.78207 
   88     16.00000         1971         1847      0.79151 
   89     17.00000         2076         1934      0.79850 
   90     18.00000         2219         2035      0.81476 
   91     19.00000         2302         2077      0.82074 
   92     20.00000         2398         2165      0.82533 
   93     21.00000         2439         2182      0.82882 
   94     22.00000         2480         2199      0.82710 
   95     23.00000         2494         2197      0.82712 
   96     24.00000         2472         2198      0.83255 
   97     25.00000         2455         2215      0.83555 
   98     26.00000         2415         2201      0.83969 
   99     27.00000         2362         2163      0.84287 
  100     28.00000         2285         2171      0.83842 
  101     29.00000         2247         2265      0.82048 
  102     30.00000         2254         2368      0.80744 
  103     31.00000         2228         2454      0.80820 
  104     32.00000         2225         2546      0.80738 
  105     33.00000         2217         2705      0.79602 
  106     34.00000         2218         2823      0.78794 
  107     35.00000         2250         2958      0.78456 
  108     36.00000         2267         2993      0.79011 
  109     37.00000         2277         2992      0.79939 
  110     38.00000         2325         3023      0.80815 
  111     39.00000         2349         3017      0.81662 
  112     40.00000         2407         3024      0.82858 
  113     41.00000         2437         2971      0.84098 
  114     42.00000         2480         2928      0.85281 
  115     43.00000         2499         2817      0.86907 
  116     44.00000         2464         2655      0.88533 
  117     45.00000         2423         2528      0.89719 
  118     46.00000         2371         2368      0.90947 
  119     47.00000         2295         2239      0.91751 
  120     48.00000         2162         2050      0.92023 
  121     49.00000         2014         1855      0.92272 
  122     50.00000         1901         1704      0.92594 
  123     51.00000         1789         1588      0.93100 
  124     52.00000         1641         1485      0.94690 
  125     53.00000         1477         1367      0.96132 
  126     54.00000         1248         1188      0.97537 
  127     55.00000          998          961      0.98111 
  128     56.00000          618          602      0.98689 
  129     57.00000          300          294      0.98990 
  130     58.00000           66           66      1.00000 
  131     59.00000            0            0      0.00000 
  132     60.00000            0            0      0.00000 
  133     61.00000            0            0      0.00000 
  134     62.00000            0            0      0.00000 
  135     63.00000            0            0      0.00000 
  136     64.00000            0            0      0.00000 
  137     65.00000            0            0      0.00000 
  138     66.00000            0            0      0.00000 
  139     67.00000            0            0      0.00000 
  140     68.00000            0            0      0.00000 
  141     69.00000            0            0      0.00000 
  142     70.00000            0            0      0.00000 
  143     71.00000            0            0      0.00000 
  144     72.00000            0            0      0.00000 
  145     73.00000            0            0      0.00000 
  146     74.00000            0            0      0.00000 
  147     75.00000            0            0      0.00000 
  148     76.00000            0            0      0.00000 
  149     77.00000            0            0      0.00000 
  150     78.00000            0            0      0.00000 
  151     79.00000            0            0      0.00000 
  152     80.00000            0            0      0.00000 
  153     81.00000            0            0      0.00000 
  154     82.00000            0            0      0.00000 
  155     83.00000            0            0      0.00000 
  156     84.00000            0            0      0.00000 
  157     85.00000            0            0      0.00000 
  158     86.00000            0            0      0.00000 
