# 3dSliceNDice -insetA 6m_3min_m5_binary+orig -insetB 6m_5min_m5_binary+orig -prefix 6m_3min_5min_m5
    0     96.00000            0            0      0.00000 
    1     95.00000            0            0      0.00000 
    2     94.00000            0            0      0.00000 
    3     93.00000            0            0      0.00000 
    4     92.00000            0            0      0.00000 
    5     91.00000            0            0      0.00000 
    6     90.00000            0            0      0.00000 
    7     89.00000            0            0      0.00000 
    8     88.00000            0            0      0.00000 
    9     87.00000            0            0      0.00000 
   10     86.00000            0            0      0.00000 
   11     85.00000            0            0      0.00000 
   12     84.00000            0            0      0.00000 
   13     83.00000            0            0      0.00000 
   14     82.00000            0            0      0.00000 
   15     81.00000            0            0      0.00000 
   16     80.00000            0            0      0.00000 
   17     79.00000            0            0      0.00000 
   18     78.00000            0            0      0.00000 
   19     77.00000            0            0      0.00000 
   20     76.00000            0            0      0.00000 
   21     75.00000            0            0      0.00000 
   22     74.00000            0            0      0.00000 
   23     73.00000            0            0      0.00000 
   24     72.00000            0            0      0.00000 
   25     71.00000            0            0      0.00000 
   26     70.00000            0            0      0.00000 
   27     69.00000            0            0      0.00000 
   28     68.00000            0            0      0.00000 
   29     67.00000            0            0      0.00000 
   30     66.00000            0            0      0.00000 
   31     65.00000            0            0      0.00000 
   32     64.00000            0            0      0.00000 
   33     63.00000            0            0      0.00000 
   34     62.00000            0            0      0.00000 
   35     61.00000            0            0      0.00000 
   36     60.00000            0            0      0.00000 
   37     59.00000            0            0      0.00000 
   38     58.00000            0            0      0.00000 
   39     57.00000            0            0      0.00000 
   40     56.00000            0            0      0.00000 
   41     55.00000            0            0      0.00000 
   42     54.00000            0            0      0.00000 
   43     53.00000           20            0      0.00000 
   44     52.00000           64            0      0.00000 
   45     51.00000           88            0      0.00000 
   46     50.00000          147            0      0.00000 
   47     49.00000          215            0      0.00000 
   48     48.00000          233            0      0.00000 
   49     47.00000          246            0      0.00000 
   50     46.00000          261            0      0.00000 
   51     45.00000          268            0      0.00000 
   52     44.00000          276            0      0.00000 
   53     43.00000          256            0      0.00000 
   54     42.00000          216            0      0.00000 
   55     41.00000          180            0      0.00000 
   56     40.00000          140            0      0.00000 
   57     39.00000           88            0      0.00000 
   58     38.00000           32            0      0.00000 
   59     37.00000           21           37      0.72414 
   60     36.00000           63           88      0.83444 
   61     35.00000          108          138      0.87805 
   62     34.00000          149          184      0.89489 
   63     33.00000          198          233      0.91879 
   64     32.00000          300          313      0.78303 
   65     31.00000          427          426      0.67761 
   66     30.00000          540          539      0.64504 
   67     29.00000          629          628      0.64121 
   68     28.00000          706          704      0.64681 
   69     27.00000          794          940      0.74279 
   70     26.00000          907         1104      0.79165 
   71     25.00000         1050         1249      0.81862 
   72     24.00000         1155         1337      0.83628 
   73     23.00000         1242         1409      0.84647 
   74     22.00000         1408         1499      0.87788 
   75     21.00000         1556         1587      0.89596 
   76     20.00000         1715         1666      0.91156 
   77     19.00000         1836         1725      0.91884 
   78     18.00000         1943         1788      0.92469 
   79     17.00000         2471         2249      0.92203 
   80     16.00000         2789         2551      0.92097 
   81     15.00000         3042         2818      0.92901 
   82     14.00000         3222         3006      0.93353 
   83     13.00000         3370         3164      0.93756 
   84     12.00000         3616         3508      0.94806 
   85     11.00000         3821         3734      0.95036 
   86     10.00000         4022         3936      0.95024 
   87      9.00000         4170         4059      0.94446 
   88      8.00000         4294         4172      0.94094 
   89      7.00000         4433         4297      0.93723 
   90      6.00000         4482         4347      0.93306 
   91      5.00000         4528         4388      0.93203 
   92      4.00000         4495         4360      0.93394 
   93      3.00000         4467         4331      0.93499 
   94      2.00000         4385         4254      0.93715 
   95      1.00000         4256         4116      0.93645 
   96      0.00000         4174         4031      0.93528 
   97     -1.00000         4139         4019      0.93552 
   98     -2.00000         4172         4081      0.93493 
   99     -3.00000         4158         4053      0.93387 
  100     -4.00000         4107         3995      0.93335 
  101     -5.00000         4029         3888      0.93066 
  102     -6.00000         3852         3689      0.92402 
  103     -7.00000         3621         3451      0.91827 
  104     -8.00000         3308         3097      0.90367 
  105     -9.00000         3170         2955      0.89143 
  106    -10.00000         2971         2760      0.87559 
  107    -11.00000         2681         2496      0.85609 
  108    -12.00000         2290         2162      0.83064 
  109    -13.00000         1768         1870      0.82023 
  110    -14.00000         1740         1897      0.83255 
  111    -15.00000         1683         1870      0.83254 
  112    -16.00000         1575         1783      0.83204 
  113    -17.00000         1377         1624      0.83039 
  114    -18.00000         1062         1253      0.83629 
  115    -19.00000         1045         1253      0.83986 
  116    -20.00000         1037         1250      0.84128 
  117    -21.00000         1005         1215      0.84324 
  118    -22.00000          989         1206      0.84647 
  119    -23.00000          971         1237      0.82699 
  120    -24.00000          943         1272      0.79819 
  121    -25.00000          910         1295      0.77823 
  122    -26.00000          852         1255      0.76602 
  123    -27.00000          814         1222      0.75049 
  124    -28.00000          743         1170      0.72765 
  125    -29.00000          668         1091      0.70267 
  126    -30.00000          575         1003      0.66413 
  127    -31.00000          469          868      0.62079 
  128    -32.00000          385          736      0.55308 
  129    -33.00000          315          597      0.43421 
  130    -34.00000          250          531      0.41997 
  131    -35.00000          177          464      0.38378 
  132    -36.00000          103          384      0.30801 
  133    -37.00000           27          309      0.14881 
  134    -38.00000            0          235      0.00000 
  135    -39.00000            0          178      0.00000 
  136    -40.00000            0          117      0.00000 
  137    -41.00000            0           67      0.00000 
  138    -42.00000            0           24      0.00000 
  139    -43.00000            0            0      0.00000 
  140    -44.00000            0            0      0.00000 
  141    -45.00000            0            0      0.00000 
  142    -46.00000            0            0      0.00000 
  143    -47.00000            0            0      0.00000 
  144    -48.00000            0            0      0.00000 
  145    -49.00000            0            0      0.00000 
  146    -50.00000            0            0      0.00000 
  147    -51.00000            0            0      0.00000 
  148    -52.00000            0            0      0.00000 
  149    -53.00000            0            0      0.00000 
  150    -54.00000            0            0      0.00000 
  151    -55.00000            0            0      0.00000 
  152    -56.00000            0            0      0.00000 
  153    -57.00000            0            0      0.00000 
  154    -58.00000            0            0      0.00000 
  155    -59.00000            0            0      0.00000 
  156    -60.00000            0            0      0.00000 
  157    -61.00000            0            0      0.00000 
  158    -62.00000            0            0      0.00000 
  159    -63.00000            0            0      0.00000 
  160    -64.00000            0            0      0.00000 
  161    -65.00000            0            0      0.00000 
  162    -66.00000            0            0      0.00000 
  163    -67.00000            0            0      0.00000 
  164    -68.00000            0            0      0.00000 
  165    -69.00000            0            0      0.00000 
  166    -70.00000            0            0      0.00000 
  167    -71.00000            0            0      0.00000 
  168    -72.00000            0            0      0.00000 
  169    -73.00000            0            0      0.00000 
  170    -74.00000            0            0      0.00000 
  171    -75.00000            0            0      0.00000 
  172    -76.00000            0            0      0.00000 
  173    -77.00000            0            0      0.00000 
  174    -78.00000            0            0      0.00000 
  175    -79.00000            0            0      0.00000 
  176    -80.00000            0            0      0.00000 
  177    -81.00000            0            0      0.00000 
  178    -82.00000            0            0      0.00000 
  179    -83.00000            0            0      0.00000 
  180    -84.00000            0            0      0.00000 
  181    -85.00000            0            0      0.00000 
  182    -86.00000            0            0      0.00000 
  183    -87.00000            0            0      0.00000 
  184    -88.00000            0            0      0.00000 
  185    -89.00000            0            0      0.00000 
  186    -90.00000            0            0      0.00000 
  187    -91.00000            0            0      0.00000 
  188    -92.00000            0            0      0.00000 
  189    -93.00000            0            0      0.00000 
  190    -94.00000            0            0      0.00000 
  191    -95.00000            0            0      0.00000 
  192    -96.00000            0            0      0.00000 
  193    -97.00000            0            0      0.00000 
  194    -98.00000            0            0      0.00000 
