# 3dSliceNDice -insetA 6m_4min_m1_binary+orig -insetB 6m_5min_m1_binary+orig -prefix 6m_4min_5min_m1
    0    134.00000            0            0      0.00000 
    1    133.00000            0            0      0.00000 
    2    132.00000            0            0      0.00000 
    3    131.00000            0            0      0.00000 
    4    130.00000            0            0      0.00000 
    5    129.00000            0            0      0.00000 
    6    128.00000            0            0      0.00000 
    7    127.00000            0            0      0.00000 
    8    126.00000            0            0      0.00000 
    9    125.00000            0            0      0.00000 
   10    124.00000            0            0      0.00000 
   11    123.00000            0            0      0.00000 
   12    122.00000            0            0      0.00000 
   13    121.00000            0            0      0.00000 
   14    120.00000            0            0      0.00000 
   15    119.00000            0            0      0.00000 
   16    118.00000            0            0      0.00000 
   17    117.00000            0            0      0.00000 
   18    116.00000            0            0      0.00000 
   19    115.00000            0            0      0.00000 
   20    114.00000            0            0      0.00000 
   21    113.00000            0            0      0.00000 
   22    112.00000            0            0      0.00000 
   23    111.00000            0            0      0.00000 
   24    110.00000            0            0      0.00000 
   25    109.00000            0            0      0.00000 
   26    108.00000            0            0      0.00000 
   27    107.00000            0            0      0.00000 
   28    106.00000            0            0      0.00000 
   29    105.00000            0            0      0.00000 
   30    104.00000            0            0      0.00000 
   31    103.00000            0            0      0.00000 
   32    102.00000            0            0      0.00000 
   33    101.00000            0            0      0.00000 
   34    100.00000            0            0      0.00000 
   35     99.00000            0            0      0.00000 
   36     98.00000            0            0      0.00000 
   37     97.00000            0            0      0.00000 
   38     96.00000            0            0      0.00000 
   39     95.00000            0            0      0.00000 
   40     94.00000            0            0      0.00000 
   41     93.00000            0            0      0.00000 
   42     92.00000            0            0      0.00000 
   43     91.00000            0            0      0.00000 
   44     90.00000            0            0      0.00000 
   45     89.00000            0            0      0.00000 
   46     88.00000            0            0      0.00000 
   47     87.00000            0            0      0.00000 
   48     86.00000            0            0      0.00000 
   49     85.00000            0            0      0.00000 
   50     84.00000            6            6      1.00000 
   51     83.00000          139          139      1.00000 
   52     82.00000          301          301      1.00000 
   53     81.00000          463          468      0.99463 
   54     80.00000          646          670      0.96505 
   55     79.00000          800          840      0.95244 
   56     78.00000          942          985      0.95589 
   57     77.00000         1060         1132      0.94434 
   58     76.00000         1194         1307      0.93323 
   59     75.00000         1301         1445      0.92862 
   60     74.00000         1395         1565      0.92703 
   61     73.00000         1474         1680      0.92391 
   62     72.00000         1572         1810      0.92194 
   63     71.00000         1740         1983      0.92613 
   64     70.00000         1924         2202      0.92584 
   65     69.00000         2018         2343      0.91997 
   66     68.00000         2069         2432      0.91357 
   67     67.00000         2126         2527      0.90737 
   68     66.00000         2228         2655      0.89822 
   69     65.00000         2359         2783      0.89148 
   70     64.00000         2414         2857      0.88181 
   71     63.00000         2454         2907      0.87372 
   72     62.00000         2498         2894      0.86128 
   73     61.00000         2574         2865      0.84685 
   74     60.00000         2598         2811      0.82788 
   75     59.00000         2550         2671      0.81134 
   76     58.00000         2490         2561      0.78677 
   77     57.00000         2528         2765      0.79766 
   78     56.00000         2707         3020      0.82975 
   79     55.00000         2832         3126      0.84223 
   80     54.00000         2893         3114      0.84968 
   81     53.00000         2974         3025      0.86181 
   82     52.00000         3054         2980      0.86974 
   83     51.00000         3162         3042      0.87685 
   84     50.00000         3235         3154      0.87870 
   85     49.00000         3196         3153      0.87888 
   86     48.00000         3119         3156      0.87681 
   87     47.00000         3040         3151      0.87159 
   88     46.00000         3126         3152      0.87767 
   89     45.00000         3218         3180      0.89028 
   90     44.00000         3245         3148      0.90005 
   91     43.00000         3225         3039      0.91252 
   92     42.00000         3176         2967      0.92333 
   93     41.00000         3222         3066      0.91921 
   94     40.00000         3315         3168      0.91902 
   95     39.00000         3343         3194      0.91877 
   96     38.00000         3371         3239      0.92042 
   97     37.00000         3382         3273      0.92682 
   98     36.00000         3381         3286      0.92725 
   99     35.00000         3376         3289      0.93203 
  100     34.00000         3289         3221      0.93518 
  101     33.00000         3194         3144      0.93815 
  102     32.00000         3124         3054      0.93946 
  103     31.00000         3087         3041      0.93995 
  104     30.00000         3076         3021      0.93849 
  105     29.00000         3008         2942      0.93210 
  106     28.00000         2919         2857      0.92313 
  107     27.00000         2804         2757      0.91494 
  108     26.00000         2710         2674      0.91010 
  109     25.00000         2614         2583      0.90591 
  110     24.00000         2482         2437      0.89815 
  111     23.00000         2359         2315      0.89388 
  112     22.00000         2219         2163      0.88635 
  113     21.00000         2065         2002      0.87780 
  114     20.00000         1876         1803      0.86491 
  115     19.00000         1646         1575      0.85005 
  116     18.00000         1429         1345      0.84427 
  117     17.00000         1171         1129      0.83913 
  118     16.00000         1070         1044      0.83538 
  119     15.00000          967          954      0.82353 
  120     14.00000          835          850      0.80237 
  121     13.00000          652          728      0.76667 
  122     12.00000          431          563      0.69014 
  123     11.00000          381          486      0.68973 
  124     10.00000          330          397      0.68226 
  125      9.00000          252          266      0.64865 
  126      8.00000          188          142      0.64848 
  127      7.00000           47           11      0.37931 
  128      6.00000           16            0      0.00000 
  129      5.00000            8            0      0.00000 
  130      4.00000            0            0      0.00000 
  131      3.00000            0            0      0.00000 
  132      2.00000            0            0      0.00000 
  133      1.00000            0            0      0.00000 
  134      0.00000            0            0      0.00000 
  135     -1.00000            0            0      0.00000 
  136     -2.00000            0            0      0.00000 
  137     -3.00000          252          200      0.88496 
  138     -4.00000          457          382      0.91061 
  139     -5.00000          599          510      0.91975 
  140     -6.00000          703          604      0.92425 
  141     -7.00000          781          676      0.92793 
  142     -8.00000          911          870      0.95227 
  143     -9.00000          994          995      0.94419 
  144    -10.00000         1107         1117      0.94065 
  145    -11.00000         1165         1183      0.93441 
  146    -12.00000         1215         1241      0.92997 
  147    -13.00000         1275         1303      0.92397 
  148    -14.00000         1298         1334      0.92097 
  149    -15.00000         1321         1374      0.91651 
  150    -16.00000         1313         1387      0.91704 
  151    -17.00000         1313         1423      0.92471 
  152    -18.00000         1317         1439      0.92090 
  153    -19.00000         1322         1439      0.91923 
  154    -20.00000         1345         1438      0.91700 
  155    -21.00000         1333         1413      0.90823 
  156    -22.00000         1333         1406      0.89814 
  157    -23.00000         1313         1374      0.89096 
  158    -24.00000         1269         1337      0.88335 
  159    -25.00000         1220         1299      0.87416 
  160    -26.00000         1115         1216      0.85114 
  161    -27.00000         1004         1139      0.82781 
  162    -28.00000          962         1147      0.77288 
  163    -29.00000         1035         1236      0.75121 
  164    -30.00000         1069         1303      0.73103 
  165    -31.00000         1048         1325      0.70796 
  166    -32.00000         1005         1342      0.70643 
  167    -33.00000          967         1377      0.69966 
  168    -34.00000          942         1427      0.69481 
  169    -35.00000          909         1481      0.68619 
  170    -36.00000          833         1469      0.66638 
  171    -37.00000          724         1466      0.61370 
  172    -38.00000          614         1439      0.56503 
  173    -39.00000          605         1395      0.58200 
  174    -40.00000          626         1366      0.61647 
  175    -41.00000          631         1286      0.65206 
  176    -42.00000          644         1217      0.68995 
  177    -43.00000          662         1140      0.73474 
  178    -44.00000          669         1072      0.76852 
  179    -45.00000          682          999      0.81142 
  180    -46.00000          676          908      0.85354 
  181    -47.00000          675          837      0.89286 
  182    -48.00000          659          761      0.92817 
  183    -49.00000          629          695      0.95015 
  184    -50.00000          575          621      0.96154 
  185    -51.00000          518          565      0.95660 
  186    -52.00000          456          508      0.94606 
  187    -53.00000          361          422      0.92209 
  188    -54.00000          265          322      0.90290 
  189    -55.00000          211          252      0.91145 
  190    -56.00000          151          173      0.93210 
  191    -57.00000           97          110      0.93720 
  192    -58.00000           35           35      1.00000 
  193    -59.00000            0            0      0.00000 
  194    -60.00000            0            0      0.00000 
  195    -61.00000            0            0      0.00000 
  196    -62.00000            0            0      0.00000 
  197    -63.00000            0            0      0.00000 
  198    -64.00000            0            0      0.00000 
  199    -65.00000            0            0      0.00000 
  200    -66.00000            0            0      0.00000 
  201    -67.00000            0            0      0.00000 
  202    -68.00000            0            0      0.00000 
  203    -69.00000            0            0      0.00000 
  204    -70.00000            0            0      0.00000 
  205    -71.00000            0            0      0.00000 
  206    -72.00000            0            0      0.00000 
  207    -73.00000            0            0      0.00000 
  208    -74.00000            0            0      0.00000 
  209    -75.00000            0            0      0.00000 
  210    -76.00000            0            0      0.00000 
  211    -77.00000            0            0      0.00000 
  212    -78.00000            0            0      0.00000 
  213    -79.00000            0            0      0.00000 
  214    -80.00000            0            0      0.00000 
  215    -81.00000            0            0      0.00000 
  216    -82.00000            0            0      0.00000 
  217    -83.00000            0            0      0.00000 
  218    -84.00000            0            0      0.00000 
  219    -85.00000            0            0      0.00000 
  220    -86.00000            0            0      0.00000 
  221    -87.00000            0            0      0.00000 
  222    -88.00000            0            0      0.00000 
  223    -89.00000            0            0      0.00000 
  224    -90.00000            0            0      0.00000 
  225    -91.00000            0            0      0.00000 
  226    -92.00000            0            0      0.00000 
  227    -93.00000            0            0      0.00000 
  228    -94.00000            0            0      0.00000 
  229    -95.00000            0            0      0.00000 
  230    -96.00000            0            0      0.00000 
  231    -97.00000            0            0      0.00000 
  232    -98.00000            0            0      0.00000 
