# 3dSliceNDice -insetA 6m_4min_m5_binary+orig -insetB 6m_5min_m5_binary+orig -prefix 6m_4min_5min_m5
    0    -72.00000            0            0      0.00000 
    1    -71.00000            0            0      0.00000 
    2    -70.00000            0            0      0.00000 
    3    -69.00000            0            0      0.00000 
    4    -68.00000            0            0      0.00000 
    5    -67.00000            0            0      0.00000 
    6    -66.00000            0            0      0.00000 
    7    -65.00000            0            0      0.00000 
    8    -64.00000            0            0      0.00000 
    9    -63.00000            0            0      0.00000 
   10    -62.00000            0            0      0.00000 
   11    -61.00000            0            0      0.00000 
   12    -60.00000            0            0      0.00000 
   13    -59.00000            0            0      0.00000 
   14    -58.00000            0            0      0.00000 
   15    -57.00000            0            0      0.00000 
   16    -56.00000            0            0      0.00000 
   17    -55.00000            0            0      0.00000 
   18    -54.00000            0            0      0.00000 
   19    -53.00000            0            0      0.00000 
   20    -52.00000            0            0      0.00000 
   21    -51.00000            1            1      1.00000 
   22    -50.00000          273          273      1.00000 
   23    -49.00000          612          612      1.00000 
   24    -48.00000         1072         1079      0.99675 
   25    -47.00000         1313         1337      0.99094 
   26    -46.00000         1540         1608      0.97840 
   27    -45.00000         1708         1814      0.96990 
   28    -44.00000         1808         1945      0.96136 
   29    -43.00000         1920         2098      0.95371 
   30    -42.00000         2004         2194      0.95236 
   31    -41.00000         2087         2270      0.95433 
   32    -40.00000         2149         2329      0.95355 
   33    -39.00000         2189         2367      0.95303 
   34    -38.00000         2232         2396      0.95462 
   35    -37.00000         2181         2343      0.95225 
   36    -36.00000         2156         2314      0.95168 
   37    -35.00000         2101         2255      0.95041 
   38    -34.00000         2022         2169      0.94822 
   39    -33.00000         1971         2090      0.95149 
   40    -32.00000         1923         1996      0.96300 
   41    -31.00000         1901         1962      0.96246 
   42    -30.00000         1842         1884      0.96243 
   43    -29.00000         1743         1764      0.96436 
   44    -28.00000         1589         1592      0.96385 
   45    -27.00000         1328         1343      0.94047 
   46    -26.00000         1252         1282      0.93449 
   47    -25.00000         1131         1183      0.92481 
   48    -24.00000          948         1023      0.90817 
   49    -23.00000          652          751      0.83820 
   50    -22.00000            0          265      0.00000 
   51    -21.00000            0          237      0.00000 
   52    -20.00000            0          198      0.00000 
   53    -19.00000            0          138      0.00000 
   54    -18.00000            0           60      0.00000 
   55    -17.00000            0            0      0.00000 
   56    -16.00000            0            0      0.00000 
   57    -15.00000            0            0      0.00000 
   58    -14.00000            0            0      0.00000 
   59    -13.00000            0            0      0.00000 
   60    -12.00000            0            0      0.00000 
   61    -11.00000            0            0      0.00000 
   62    -10.00000            0            0      0.00000 
   63     -9.00000            0            0      0.00000 
   64     -8.00000            0            0      0.00000 
   65     -7.00000            0            0      0.00000 
   66     -6.00000            0            0      0.00000 
   67     -5.00000            0            0      0.00000 
   68     -4.00000            0            0      0.00000 
   69     -3.00000            0            0      0.00000 
   70     -2.00000          144          116      0.70769 
   71     -1.00000          282          232      0.80545 
   72      0.00000          382          318      0.83714 
   73      1.00000          456          382      0.85203 
   74      2.00000          516          436      0.86345 
   75      3.00000          849          764      0.81711 
   76      4.00000         1156         1075      0.84895 
   77      5.00000         1388         1295      0.86172 
   78      6.00000         1554         1449      0.86580 
   79      7.00000         1689         1576      0.87044 
   80      8.00000         1978         1817      0.87589 
   81      9.00000         2139         2055      0.88174 
   82     10.00000         2304         2298      0.88136 
   83     11.00000         2414         2463      0.88251 
   84     12.00000         2504         2600      0.88323 
   85     13.00000         2698         2771      0.89486 
   86     14.00000         2918         2885      0.90333 
   87     15.00000         3144         3048      0.90665 
   88     16.00000         3321         3171      0.90819 
   89     17.00000         3474         3281      0.90984 
   90     18.00000         3628         3385      0.91174 
   91     19.00000         3689         3416      0.91063 
   92     20.00000         3761         3451      0.91292 
   93     21.00000         3751         3451      0.91308 
   94     22.00000         3763         3457      0.91191 
   95     23.00000         3718         3413      0.91179 
   96     24.00000         3633         3335      0.91332 
   97     25.00000         3537         3241      0.91443 
   98     26.00000         3375         3121      0.91502 
   99     27.00000         3220         3014      0.91787 
  100     28.00000         3006         2880      0.92729 
  101     29.00000         2873         2775      0.93130 
  102     30.00000         2758         2664      0.93360 
  103     31.00000         2577         2512      0.93535 
  104     32.00000         2482         2405      0.93636 
  105     33.00000         2375         2274      0.92794 
  106     34.00000         2257         2158      0.91506 
  107     35.00000         2140         2041      0.89931 
  108     36.00000         1984         1892      0.88338 
  109     37.00000         1891         1749      0.87253 
  110     38.00000         1769         1584      0.87027 
  111     39.00000         1663         1468      0.86937 
  112     40.00000         1544         1346      0.86574 
  113     41.00000         1385         1218      0.86055 
  114     42.00000         1234         1101      0.84283 
  115     43.00000         1054          993      0.83341 
  116     44.00000          946          927      0.83716 
  117     45.00000          853          881      0.84544 
  118     46.00000          755          810      0.84345 
  119     47.00000          703          760      0.84484 
  120     48.00000          639          692      0.84448 
  121     49.00000          577          622      0.84237 
  122     50.00000          506          548      0.83302 
  123     51.00000          476          490      0.86128 
  124     52.00000          430          445      0.88686 
  125     53.00000          385          385      0.90909 
  126     54.00000          323          319      0.92523 
  127     55.00000          257          231      0.91393 
  128     56.00000          157          129      0.89510 
  129     57.00000           75           50      0.80000 
  130     58.00000            3            0      0.00000 
  131     59.00000            0            0      0.00000 
  132     60.00000            0            0      0.00000 
  133     61.00000            0            0      0.00000 
  134     62.00000            0            0      0.00000 
  135     63.00000            0            0      0.00000 
  136     64.00000            0            0      0.00000 
  137     65.00000            0            0      0.00000 
  138     66.00000            0            0      0.00000 
  139     67.00000            0            0      0.00000 
  140     68.00000            0            0      0.00000 
  141     69.00000            0            0      0.00000 
  142     70.00000            0            0      0.00000 
  143     71.00000            0            0      0.00000 
  144     72.00000            0            0      0.00000 
  145     73.00000            0            0      0.00000 
  146     74.00000            0            0      0.00000 
  147     75.00000            0            0      0.00000 
  148     76.00000            0            0      0.00000 
  149     77.00000            0            0      0.00000 
  150     78.00000            0            0      0.00000 
  151     79.00000            0            0      0.00000 
  152     80.00000            0            0      0.00000 
  153     81.00000            0            0      0.00000 
  154     82.00000            0            0      0.00000 
  155     83.00000            0            0      0.00000 
  156     84.00000            0            0      0.00000 
  157     85.00000            0            0      0.00000 
  158     86.00000            0            0      0.00000 
