# 3dSliceNDice -insetA 6m_4min_m1_binary+orig -insetB 6m_5min_m1_binary+orig -prefix 6m_4min_5min_m1
    0     96.00000            0            0      0.00000 
    1     95.00000            0            0      0.00000 
    2     94.00000            0            0      0.00000 
    3     93.00000            0            0      0.00000 
    4     92.00000            0            0      0.00000 
    5     91.00000            0            0      0.00000 
    6     90.00000            0            0      0.00000 
    7     89.00000            0            0      0.00000 
    8     88.00000            0            0      0.00000 
    9     87.00000            0            0      0.00000 
   10     86.00000            0            0      0.00000 
   11     85.00000            0            0      0.00000 
   12     84.00000            0            0      0.00000 
   13     83.00000            0            0      0.00000 
   14     82.00000            0            0      0.00000 
   15     81.00000            0            0      0.00000 
   16     80.00000            0            0      0.00000 
   17     79.00000            0            0      0.00000 
   18     78.00000            0            0      0.00000 
   19     77.00000            0            0      0.00000 
   20     76.00000            0            0      0.00000 
   21     75.00000            0            0      0.00000 
   22     74.00000            0            0      0.00000 
   23     73.00000            0            0      0.00000 
   24     72.00000            0            0      0.00000 
   25     71.00000            0            0      0.00000 
   26     70.00000            0            0      0.00000 
   27     69.00000            0            0      0.00000 
   28     68.00000            0            0      0.00000 
   29     67.00000            0            0      0.00000 
   30     66.00000            0            0      0.00000 
   31     65.00000            0            0      0.00000 
   32     64.00000            0            0      0.00000 
   33     63.00000            0            0      0.00000 
   34     62.00000            0            0      0.00000 
   35     61.00000            0            0      0.00000 
   36     60.00000            0            0      0.00000 
   37     59.00000            0            0      0.00000 
   38     58.00000            0            0      0.00000 
   39     57.00000           34            0      0.00000 
   40     56.00000           92           27      0.42017 
   41     55.00000          176          131      0.78827 
   42     54.00000          271          230      0.86627 
   43     53.00000          384          337      0.89320 
   44     52.00000          503          452      0.90471 
   45     51.00000          599          533      0.90636 
   46     50.00000          687          614      0.90853 
   47     49.00000          747          680      0.91941 
   48     48.00000          822          745      0.92151 
   49     47.00000          881          799      0.92262 
   50     46.00000          913          826      0.92122 
   51     45.00000          947          846      0.91467 
   52     44.00000          985          851      0.89760 
   53     43.00000         1068          897      0.88957 
   54     42.00000         1133          919      0.87914 
   55     41.00000         1207          948      0.86868 
   56     40.00000         1278          933      0.83673 
   57     39.00000         1320          877      0.79472 
   58     38.00000         1387          831      0.74932 
   59     37.00000         1447          842      0.73569 
   60     36.00000         1496          947      0.77528 
   61     35.00000         1532         1029      0.80359 
   62     34.00000         1498         1046      0.82233 
   63     33.00000         1417         1050      0.85124 
   64     32.00000         1402         1152      0.87940 
   65     31.00000         1502         1279      0.89248 
   66     30.00000         1617         1428      0.90378 
   67     29.00000         1691         1521      0.90473 
   68     28.00000         1740         1599      0.91105 
   69     27.00000         1790         1689      0.91808 
   70     26.00000         1871         1771      0.92147 
   71     25.00000         1978         1882      0.92228 
   72     24.00000         2035         1978      0.92549 
   73     23.00000         2123         2082      0.93080 
   74     22.00000         2208         2182      0.93667 
   75     21.00000         2294         2278      0.94444 
   76     20.00000         2392         2382      0.95643 
   77     19.00000         2439         2448      0.96296 
   78     18.00000         2502         2526      0.96261 
   79     17.00000         2564         2625      0.96011 
   80     16.00000         2579         2714      0.94880 
   81     15.00000         2586         2795      0.93923 
   82     14.00000         2539         2801      0.92584 
   83     13.00000         2440         2760      0.91192 
   84     12.00000         2298         2814      0.87167 
   85     11.00000         2272         2915      0.84943 
   86     10.00000         2248         2952      0.83538 
   87      9.00000         2146         2906      0.81552 
   88      8.00000         2012         2789      0.79650 
   89      7.00000         1915         2592      0.80231 
   90      6.00000         1944         2596      0.80969 
   91      5.00000         1942         2558      0.81422 
   92      4.00000         1882         2437      0.81778 
   93      3.00000         1812         2315      0.81900 
   94      2.00000         1808         2246      0.81105 
   95      1.00000         1839         2230      0.80855 
   96      0.00000         1868         2259      0.81027 
   97     -1.00000         1917         2331      0.80320 
   98     -2.00000         2006         2470      0.78463 
   99     -3.00000         2301         2645      0.81803 
  100     -4.00000         2497         2823      0.84135 
  101     -5.00000         2663         3029      0.84926 
  102     -6.00000         2759         3136      0.85734 
  103     -7.00000         2822         3205      0.86643 
  104     -8.00000         2927         3286      0.88202 
  105     -9.00000         3022         3385      0.89465 
  106    -10.00000         3108         3473      0.90442 
  107    -11.00000         3173         3499      0.91337 
  108    -12.00000         3223         3511      0.92367 
  109    -13.00000         3275         3550      0.92630 
  110    -14.00000         3285         3598      0.91879 
  111    -15.00000         3310         3655      0.91027 
  112    -16.00000         3293         3639      0.90537 
  113    -17.00000         3258         3605      0.90019 
  114    -18.00000         3206         3498      0.89320 
  115    -19.00000         3168         3473      0.89234 
  116    -20.00000         3132         3466      0.88997 
  117    -21.00000         3047         3385      0.89086 
  118    -22.00000         2983         3345      0.88717 
  119    -23.00000         2854         3268      0.87716 
  120    -24.00000         2725         3189      0.86270 
  121    -25.00000         2581         3092      0.84858 
  122    -26.00000         2424         2920      0.83645 
  123    -27.00000         2277         2746      0.82063 
  124    -28.00000         2367         2740      0.83689 
  125    -29.00000         2463         2759      0.85753 
  126    -30.00000         2451         2708      0.86645 
  127    -31.00000         2305         2534      0.86836 
  128    -32.00000         2124         2315      0.86326 
  129    -33.00000         1944         2020      0.85116 
  130    -34.00000         1978         2037      0.85330 
  131    -35.00000         1998         2064      0.85524 
  132    -36.00000         1958         2027      0.85872 
  133    -37.00000         1953         2020      0.85225 
  134    -38.00000         2009         2004      0.86319 
  135    -39.00000         2012         1961      0.86786 
  136    -40.00000         2044         1944      0.87763 
  137    -41.00000         2019         1884      0.88906 
  138    -42.00000         1983         1856      0.89711 
  139    -43.00000         1904         1782      0.90939 
  140    -44.00000         1799         1706      0.92439 
  141    -45.00000         1687         1623      0.93897 
  142    -46.00000         1489         1525      0.96151 
  143    -47.00000         1331         1402      0.97109 
  144    -48.00000         1199         1298      0.96035 
  145    -49.00000         1101         1224      0.94710 
  146    -50.00000          946         1100      0.92473 
  147    -51.00000          728          931      0.87764 
  148    -52.00000          456          792      0.73077 
  149    -53.00000          197          608      0.48944 
  150    -54.00000           99          425      0.37786 
  151    -55.00000           32          252      0.22535 
  152    -56.00000            0          125      0.00000 
  153    -57.00000            0           46      0.00000 
  154    -58.00000            0            0      0.00000 
  155    -59.00000            0            0      0.00000 
  156    -60.00000            0            0      0.00000 
  157    -61.00000            0            0      0.00000 
  158    -62.00000            0            0      0.00000 
  159    -63.00000            0            0      0.00000 
  160    -64.00000            0            0      0.00000 
  161    -65.00000            0            0      0.00000 
  162    -66.00000            0            0      0.00000 
  163    -67.00000            0            0      0.00000 
  164    -68.00000            0            0      0.00000 
  165    -69.00000            0            0      0.00000 
  166    -70.00000            0            0      0.00000 
  167    -71.00000            0            0      0.00000 
  168    -72.00000            0            0      0.00000 
  169    -73.00000            0            0      0.00000 
  170    -74.00000            0            0      0.00000 
  171    -75.00000            0            0      0.00000 
  172    -76.00000            0            0      0.00000 
  173    -77.00000            0            0      0.00000 
  174    -78.00000            0            0      0.00000 
  175    -79.00000            0            0      0.00000 
  176    -80.00000            0            0      0.00000 
  177    -81.00000            0            0      0.00000 
  178    -82.00000            0            0      0.00000 
  179    -83.00000            0            0      0.00000 
  180    -84.00000            0            0      0.00000 
  181    -85.00000            0            0      0.00000 
  182    -86.00000            0            0      0.00000 
  183    -87.00000            0            0      0.00000 
  184    -88.00000            0            0      0.00000 
  185    -89.00000            0            0      0.00000 
  186    -90.00000            0            0      0.00000 
  187    -91.00000            0            0      0.00000 
  188    -92.00000            0            0      0.00000 
  189    -93.00000            0            0      0.00000 
  190    -94.00000            0            0      0.00000 
  191    -95.00000            0            0      0.00000 
  192    -96.00000            0            0      0.00000 
  193    -97.00000            0            0      0.00000 
  194    -98.00000            0            0      0.00000 
