# 3dSliceNDice -insetA 6m_4min_m2_binary+orig -insetB 6m_5min_m2_binary+orig -prefix 6m_4min_5min_m2
    0     96.00000            0            0      0.00000 
    1     95.00000            0            0      0.00000 
    2     94.00000            0            0      0.00000 
    3     93.00000            0            0      0.00000 
    4     92.00000            0            0      0.00000 
    5     91.00000            0            0      0.00000 
    6     90.00000            0            0      0.00000 
    7     89.00000            0            0      0.00000 
    8     88.00000            0            0      0.00000 
    9     87.00000            0            0      0.00000 
   10     86.00000            0            0      0.00000 
   11     85.00000            0            0      0.00000 
   12     84.00000            0            0      0.00000 
   13     83.00000            0            0      0.00000 
   14     82.00000            0            0      0.00000 
   15     81.00000            0            0      0.00000 
   16     80.00000            0            0      0.00000 
   17     79.00000            0            0      0.00000 
   18     78.00000            0            0      0.00000 
   19     77.00000            0            0      0.00000 
   20     76.00000            0            0      0.00000 
   21     75.00000            0            0      0.00000 
   22     74.00000            0            0      0.00000 
   23     73.00000            0            0      0.00000 
   24     72.00000            0            0      0.00000 
   25     71.00000            0            0      0.00000 
   26     70.00000            0            0      0.00000 
   27     69.00000            0            0      0.00000 
   28     68.00000            0            0      0.00000 
   29     67.00000            0            0      0.00000 
   30     66.00000            0            0      0.00000 
   31     65.00000            0            0      0.00000 
   32     64.00000            0            0      0.00000 
   33     63.00000            0            0      0.00000 
   34     62.00000            0            0      0.00000 
   35     61.00000            0            0      0.00000 
   36     60.00000            0            0      0.00000 
   37     59.00000            0            0      0.00000 
   38     58.00000            1           95      0.02083 
   39     57.00000           96          326      0.45498 
   40     56.00000          189          450      0.59155 
   41     55.00000          276          618      0.61745 
   42     54.00000          359          774      0.63372 
   43     53.00000          426          877      0.65388 
   44     52.00000          477          959      0.66435 
   45     51.00000          516         1011      0.67583 
   46     50.00000          555         1052      0.69073 
   47     49.00000          581         1095      0.69332 
   48     48.00000          621         1156      0.69893 
   49     47.00000          646         1180      0.70756 
   50     46.00000          648         1160      0.71681 
   51     45.00000          654         1140      0.72910 
   52     44.00000          647         1069      0.72611 
   53     43.00000          646         1013      0.71730 
   54     42.00000          625          900      0.71082 
   55     41.00000          604          796      0.70143 
   56     40.00000          615          677      0.67183 
   57     39.00000          611          521      0.63251 
   58     38.00000          608          348      0.59205 
   59     37.00000          597          261      0.60839 
   60     36.00000          596          287      0.65006 
   61     35.00000          590          304      0.68009 
   62     34.00000          557          302      0.70314 
   63     33.00000          491          295      0.75064 
   64     32.00000          431          362      0.91299 
   65     31.00000          472          429      0.95228 
   66     30.00000          542          494      0.95367 
   67     29.00000          609          548      0.94728 
   68     28.00000          665          595      0.94444 
   69     27.00000          717          640      0.94326 
   70     26.00000          762          716      0.96888 
   71     25.00000          823          794      0.97835 
   72     24.00000          858          847      0.98299 
   73     23.00000          890          890      0.98539 
   74     22.00000         1003         1091      0.95320 
   75     21.00000         1100         1247      0.93737 
   76     20.00000         1187         1358      0.93281 
   77     19.00000         1255         1437      0.93239 
   78     18.00000         1315         1504      0.93295 
   79     17.00000         1363         1561      0.93228 
   80     16.00000         1384         1586      0.93199 
   81     15.00000         1428         1633      0.93303 
   82     14.00000         1472         1669      0.93728 
   83     13.00000         1509         1688      0.94401 
   84     12.00000         1530         1693      0.94943 
   85     11.00000         1542         1674      0.95896 
   86     10.00000         1562         1666      0.96778 
   87      9.00000         1582         1670      0.97048 
   88      8.00000         1620         1694      0.97224 
   89      7.00000         1675         1733      0.97418 
   90      6.00000         1692         1750      0.97327 
   91      5.00000         1716         1764      0.97471 
   92      4.00000         1693         1748      0.97530 
   93      3.00000         1673         1734      0.97799 
   94      2.00000         1637         1704      0.97935 
   95      1.00000         1614         1684      0.97878 
   96      0.00000         1611         1679      0.97933 
   97     -1.00000         1605         1691      0.97391 
   98     -2.00000         1619         1710      0.97266 
   99     -3.00000         1610         1717      0.96784 
  100     -4.00000         1601         1720      0.96417 
  101     -5.00000         1586         1710      0.96238 
  102     -6.00000         1548         1681      0.95757 
  103     -7.00000         1500         1639      0.95126 
  104     -8.00000         1495         1618      0.95471 
  105     -9.00000         1507         1608      0.96244 
  106    -10.00000         1508         1584      0.96895 
  107    -11.00000         1525         1596      0.96700 
  108    -12.00000         1536         1630      0.95831 
  109    -13.00000         1525         1628      0.95401 
  110    -14.00000         1509         1620      0.95686 
  111    -15.00000         1501         1620      0.95867 
  112    -16.00000         1479         1595      0.95706 
  113    -17.00000         1464         1572      0.95520 
  114    -18.00000         1419         1513      0.95430 
  115    -19.00000         1376         1455      0.95373 
  116    -20.00000         1328         1381      0.95312 
  117    -21.00000         1268         1283      0.95649 
  118    -22.00000         1212         1159      0.95318 
  119    -23.00000         1144         1069      0.94803 
  120    -24.00000         1102         1034      0.94757 
  121    -25.00000         1044          982      0.94669 
  122    -26.00000          970          913      0.94424 
  123    -27.00000          891          860      0.93775 
  124    -28.00000          870          824      0.86777 
  125    -29.00000          892          809      0.81246 
  126    -30.00000          885          770      0.77704 
  127    -31.00000          851          700      0.74017 
  128    -32.00000          831          639      0.70612 
  129    -33.00000          857          595      0.65014 
  130    -34.00000          876          621      0.64796 
  131    -35.00000          901          632      0.63405 
  132    -36.00000          876          615      0.61569 
  133    -37.00000          831          593      0.59691 
  134    -38.00000          821          649      0.62993 
  135    -39.00000          811          728      0.66537 
  136    -40.00000          845          806      0.68928 
  137    -41.00000          880          859      0.71995 
  138    -42.00000          935          906      0.74090 
  139    -43.00000          981          942      0.76339 
  140    -44.00000          996          935      0.77784 
  141    -45.00000         1017          928      0.79589 
  142    -46.00000         1006          876      0.79915 
  143    -47.00000         1005          830      0.79455 
  144    -48.00000          970          768      0.76640 
  145    -49.00000          920          693      0.74644 
  146    -50.00000          866          606      0.72147 
  147    -51.00000          750          492      0.68921 
  148    -52.00000          618          383      0.60739 
  149    -53.00000          490          252      0.49596 
  150    -54.00000          380          161      0.43623 
  151    -55.00000          269           63      0.33735 
  152    -56.00000          182           20      0.19802 
  153    -57.00000           90            0      0.00000 
  154    -58.00000            1            0      0.00000 
  155    -59.00000            0            0      0.00000 
  156    -60.00000            0            0      0.00000 
  157    -61.00000            0            0      0.00000 
  158    -62.00000            0            0      0.00000 
  159    -63.00000            0            0      0.00000 
  160    -64.00000            0            0      0.00000 
  161    -65.00000            0            0      0.00000 
  162    -66.00000            0            0      0.00000 
  163    -67.00000            0            0      0.00000 
  164    -68.00000            0            0      0.00000 
  165    -69.00000            0            0      0.00000 
  166    -70.00000            0            0      0.00000 
  167    -71.00000            0            0      0.00000 
  168    -72.00000            0            0      0.00000 
  169    -73.00000            0            0      0.00000 
  170    -74.00000            0            0      0.00000 
  171    -75.00000            0            0      0.00000 
  172    -76.00000            0            0      0.00000 
  173    -77.00000            0            0      0.00000 
  174    -78.00000            0            0      0.00000 
  175    -79.00000            0            0      0.00000 
  176    -80.00000            0            0      0.00000 
  177    -81.00000            0            0      0.00000 
  178    -82.00000            0            0      0.00000 
  179    -83.00000            0            0      0.00000 
  180    -84.00000            0            0      0.00000 
  181    -85.00000            0            0      0.00000 
  182    -86.00000            0            0      0.00000 
  183    -87.00000            0            0      0.00000 
  184    -88.00000            0            0      0.00000 
  185    -89.00000            0            0      0.00000 
  186    -90.00000            0            0      0.00000 
  187    -91.00000            0            0      0.00000 
  188    -92.00000            0            0      0.00000 
  189    -93.00000            0            0      0.00000 
  190    -94.00000            0            0      0.00000 
  191    -95.00000            0            0      0.00000 
  192    -96.00000            0            0      0.00000 
  193    -97.00000            0            0      0.00000 
  194    -98.00000            0            0      0.00000 
