# 3dSliceNDice -insetA 6m_4min_m3_binary+orig -insetB 6m_5min_m3_binary+orig -prefix 6m_4min_5min_m3
    0    134.00000            0            0      0.00000 
    1    133.00000            0            0      0.00000 
    2    132.00000            0            0      0.00000 
    3    131.00000            0            0      0.00000 
    4    130.00000            0            0      0.00000 
    5    129.00000            0            0      0.00000 
    6    128.00000            0            0      0.00000 
    7    127.00000            0            0      0.00000 
    8    126.00000            0            0      0.00000 
    9    125.00000            0            0      0.00000 
   10    124.00000            0            0      0.00000 
   11    123.00000            0            0      0.00000 
   12    122.00000            0            0      0.00000 
   13    121.00000            0            0      0.00000 
   14    120.00000            0            0      0.00000 
   15    119.00000            0            0      0.00000 
   16    118.00000            0            0      0.00000 
   17    117.00000            0            0      0.00000 
   18    116.00000            0            0      0.00000 
   19    115.00000            0            0      0.00000 
   20    114.00000            0            0      0.00000 
   21    113.00000            0            0      0.00000 
   22    112.00000            0            0      0.00000 
   23    111.00000            0            0      0.00000 
   24    110.00000            0            0      0.00000 
   25    109.00000            0            0      0.00000 
   26    108.00000            0            0      0.00000 
   27    107.00000            0            0      0.00000 
   28    106.00000            0            0      0.00000 
   29    105.00000            0            0      0.00000 
   30    104.00000            0            0      0.00000 
   31    103.00000            0            0      0.00000 
   32    102.00000            0            0      0.00000 
   33    101.00000            0            0      0.00000 
   34    100.00000            0            0      0.00000 
   35     99.00000            0            0      0.00000 
   36     98.00000            0            0      0.00000 
   37     97.00000            0            0      0.00000 
   38     96.00000            0            0      0.00000 
   39     95.00000            0            0      0.00000 
   40     94.00000            0            0      0.00000 
   41     93.00000            0            0      0.00000 
   42     92.00000            0            0      0.00000 
   43     91.00000            0            0      0.00000 
   44     90.00000            0            0      0.00000 
   45     89.00000            0            0      0.00000 
   46     88.00000            0            0      0.00000 
   47     87.00000            0            0      0.00000 
   48     86.00000            0            0      0.00000 
   49     85.00000            0            0      0.00000 
   50     84.00000            0            0      0.00000 
   51     83.00000            0            0      0.00000 
   52     82.00000            0            0      0.00000 
   53     81.00000            1            9      0.20000 
   54     80.00000           22           41      0.69841 
   55     79.00000           58           78      0.70588 
   56     78.00000          128          114      0.61157 
   57     77.00000          219          173      0.62245 
   58     76.00000          343          309      0.73006 
   59     75.00000          523          496      0.77723 
   60     74.00000          715          680      0.80573 
   61     73.00000          890          844      0.82238 
   62     72.00000         1119         1066      0.83204 
   63     71.00000         1376         1318      0.85078 
   64     70.00000         1721         1636      0.87280 
   65     69.00000         1975         1852      0.88163 
   66     68.00000         2180         2025      0.88419 
   67     67.00000         2362         2183      0.88581 
   68     66.00000         2506         2314      0.88589 
   69     65.00000         2677         2490      0.88910 
   70     64.00000         2771         2602      0.90080 
   71     63.00000         2854         2692      0.91345 
   72     62.00000         2866         2718      0.92872 
   73     61.00000         2862         2725      0.94147 
   74     60.00000         2845         2731      0.95194 
   75     59.00000         2767         2690      0.96170 
   76     58.00000         2701         2655      0.97162 
   77     57.00000         2637         2601      0.97709 
   78     56.00000         2649         2613      0.97263 
   79     55.00000         2671         2637      0.96420 
   80     54.00000         2690         2645      0.96082 
   81     53.00000         2728         2666      0.95847 
   82     52.00000         2754         2688      0.95737 
   83     51.00000         2782         2740      0.95690 
   84     50.00000         2812         2798      0.95971 
   85     49.00000         2775         2769      0.96212 
   86     48.00000         2785         2791      0.96306 
   87     47.00000         2761         2739      0.95709 
   88     46.00000         2784         2696      0.94927 
   89     45.00000         2808         2657      0.94090 
   90     44.00000         2749         2540      0.93212 
   91     43.00000         2688         2469      0.92457 
   92     42.00000         2617         2420      0.91483 
   93     41.00000         2598         2401      0.92098 
   94     40.00000         2587         2405      0.93109 
   95     39.00000         2514         2365      0.94241 
   96     38.00000         2418         2272      0.95011 
   97     37.00000         2305         2168      0.96177 
   98     36.00000         2312         2202      0.96721 
   99     35.00000         2346         2246      0.97082 
  100     34.00000         2393         2273      0.96871 
  101     33.00000         2435         2296      0.96639 
  102     32.00000         2471         2306      0.96337 
  103     31.00000         2483         2297      0.95900 
  104     30.00000         2507         2291      0.95373 
  105     29.00000         2514         2295      0.95072 
  106     28.00000         2517         2292      0.94781 
  107     27.00000         2499         2272      0.94529 
  108     26.00000         2468         2246      0.94315 
  109     25.00000         2422         2220      0.93968 
  110     24.00000         2355         2198      0.93565 
  111     23.00000         2284         2179      0.93928 
  112     22.00000         2191         2158      0.94550 
  113     21.00000         2157         2151      0.94893 
  114     20.00000         2119         2134      0.95180 
  115     19.00000         2057         2102      0.95119 
  116     18.00000         2025         2096      0.95365 
  117     17.00000         2028         2224      0.92944 
  118     16.00000         2050         2369      0.90609 
  119     15.00000         2032         2430      0.89377 
  120     14.00000         2020         2446      0.88670 
  121     13.00000         2025         2445      0.87651 
  122     12.00000         2211         2451      0.90562 
  123     11.00000         2336         2435      0.92895 
  124     10.00000         2401         2438      0.93077 
  125      9.00000         2388         2383      0.92433 
  126      8.00000         2390         2342      0.92054 
  127      7.00000         2274         2191      0.91467 
  128      6.00000         2192         2090      0.91826 
  129      5.00000         2103         2011      0.91541 
  130      4.00000         1963         1885      0.91216 
  131      3.00000         1832         1771      0.91923 
  132      2.00000         1669         1637      0.92136 
  133      1.00000         1570         1549      0.91568 
  134      0.00000         1468         1453      0.90928 
  135     -1.00000         1339         1345      0.89791 
  136     -2.00000         1176         1232      0.85963 
  137     -3.00000          915         1040      0.73350 
  138     -4.00000          856          944      0.72444 
  139     -5.00000          805          829      0.70257 
  140     -6.00000          709          669      0.66618 
  141     -7.00000          605          490      0.68858 
  142     -8.00000          536          400      0.80769 
  143     -9.00000          524          418      0.84926 
  144    -10.00000          496          394      0.86067 
  145    -11.00000          456          348      0.85323 
  146    -12.00000          429          287      0.80168 
  147    -13.00000          400          234      0.73817 
  148    -14.00000          361          245      0.80858 
  149    -15.00000          334          257      0.86971 
  150    -16.00000          302          260      0.90391 
  151    -17.00000          292          261      0.90054 
  152    -18.00000          279          253      0.88722 
  153    -19.00000          265          239      0.87302 
  154    -20.00000          252          228      0.87083 
  155    -21.00000          230          209      0.87927 
  156    -22.00000          216          195      0.85158 
  157    -23.00000          176          158      0.84431 
  158    -24.00000          150          130      0.82143 
  159    -25.00000          109           87      0.78571 
  160    -26.00000           69           45      0.71930 
  161    -27.00000           25            4      0.13793 
  162    -28.00000            0            0      0.00000 
  163    -29.00000            0            0      0.00000 
  164    -30.00000            0            0      0.00000 
  165    -31.00000            0            0      0.00000 
  166    -32.00000            0            0      0.00000 
  167    -33.00000            0            0      0.00000 
  168    -34.00000            0            0      0.00000 
  169    -35.00000            0            0      0.00000 
  170    -36.00000            0            0      0.00000 
  171    -37.00000            0            0      0.00000 
  172    -38.00000            0            0      0.00000 
  173    -39.00000            0            0      0.00000 
  174    -40.00000            0            0      0.00000 
  175    -41.00000            0            0      0.00000 
  176    -42.00000            0            0      0.00000 
  177    -43.00000            0            0      0.00000 
  178    -44.00000            0            0      0.00000 
  179    -45.00000            0            0      0.00000 
  180    -46.00000            0            0      0.00000 
  181    -47.00000            0            0      0.00000 
  182    -48.00000            0            0      0.00000 
  183    -49.00000            0            0      0.00000 
  184    -50.00000            0            0      0.00000 
  185    -51.00000            0            0      0.00000 
  186    -52.00000            0            0      0.00000 
  187    -53.00000            0            0      0.00000 
  188    -54.00000            0            0      0.00000 
  189    -55.00000            0            0      0.00000 
  190    -56.00000            0            0      0.00000 
  191    -57.00000            0            0      0.00000 
  192    -58.00000            0            0      0.00000 
  193    -59.00000            0            0      0.00000 
  194    -60.00000            0            0      0.00000 
  195    -61.00000            0            0      0.00000 
  196    -62.00000            0            0      0.00000 
  197    -63.00000            0            0      0.00000 
  198    -64.00000            0            0      0.00000 
  199    -65.00000            0            0      0.00000 
  200    -66.00000            0            0      0.00000 
  201    -67.00000            0            0      0.00000 
  202    -68.00000            0            0      0.00000 
  203    -69.00000            0            0      0.00000 
  204    -70.00000            0            0      0.00000 
  205    -71.00000            0            0      0.00000 
  206    -72.00000            0            0      0.00000 
  207    -73.00000            0            0      0.00000 
  208    -74.00000            0            0      0.00000 
  209    -75.00000            0            0      0.00000 
  210    -76.00000            0            0      0.00000 
  211    -77.00000            0            0      0.00000 
  212    -78.00000            0            0      0.00000 
  213    -79.00000            0            0      0.00000 
  214    -80.00000            0            0      0.00000 
  215    -81.00000            0            0      0.00000 
  216    -82.00000            0            0      0.00000 
  217    -83.00000            0            0      0.00000 
  218    -84.00000            0            0      0.00000 
  219    -85.00000            0            0      0.00000 
  220    -86.00000            0            0      0.00000 
  221    -87.00000            0            0      0.00000 
  222    -88.00000            0            0      0.00000 
  223    -89.00000            0            0      0.00000 
  224    -90.00000            0            0      0.00000 
  225    -91.00000            0            0      0.00000 
  226    -92.00000            0            0      0.00000 
  227    -93.00000            0            0      0.00000 
  228    -94.00000            0            0      0.00000 
  229    -95.00000            0            0      0.00000 
  230    -96.00000            0            0      0.00000 
  231    -97.00000            0            0      0.00000 
  232    -98.00000            0            0      0.00000 
