# 3dSliceNDice -insetA 6m_4min_m2_binary+orig -insetB 6m_5min_m2_binary+orig -prefix 6m_4min_5min_m2
    0    -72.00000            0            0      0.00000 
    1    -71.00000            0            0      0.00000 
    2    -70.00000            0            0      0.00000 
    3    -69.00000            0            0      0.00000 
    4    -68.00000            0            0      0.00000 
    5    -67.00000            0            0      0.00000 
    6    -66.00000            0            0      0.00000 
    7    -65.00000            0            0      0.00000 
    8    -64.00000            0            0      0.00000 
    9    -63.00000            0            0      0.00000 
   10    -62.00000            0            0      0.00000 
   11    -61.00000            0            0      0.00000 
   12    -60.00000            0            0      0.00000 
   13    -59.00000            0            0      0.00000 
   14    -58.00000            0            0      0.00000 
   15    -57.00000            0            0      0.00000 
   16    -56.00000            0            0      0.00000 
   17    -55.00000            0            0      0.00000 
   18    -54.00000            0            0      0.00000 
   19    -53.00000            0            0      0.00000 
   20    -52.00000            0            0      0.00000 
   21    -51.00000            1            1      1.00000 
   22    -50.00000          273          273      1.00000 
   23    -49.00000          612          612      1.00000 
   24    -48.00000         1079         1079      1.00000 
   25    -47.00000         1337         1337      1.00000 
   26    -46.00000         1604         1604      1.00000 
   27    -45.00000         1819         1811      0.99780 
   28    -44.00000         1955         1938      0.99563 
   29    -43.00000         2110         2084      0.99380 
   30    -42.00000         2238         2187      0.98847 
   31    -41.00000         2363         2267      0.97927 
   32    -40.00000         2460         2332      0.97329 
   33    -39.00000         2541         2387      0.96510 
   34    -38.00000         2619         2432      0.95941 
   35    -37.00000         2605         2409      0.95413 
   36    -36.00000         2605         2418      0.95322 
   37    -35.00000         2565         2402      0.95309 
   38    -34.00000         2494         2366      0.95638 
   39    -33.00000         2463         2374      0.95638 
   40    -32.00000         2436         2364      0.95708 
   41    -31.00000         2426         2368      0.95703 
   42    -30.00000         2422         2374      0.95329 
   43    -29.00000         2443         2375      0.94645 
   44    -28.00000         2494         2439      0.94669 
   45    -27.00000         2489         2446      0.94509 
   46    -26.00000         2454         2449      0.94228 
   47    -25.00000         2422         2450      0.94253 
   48    -24.00000         2330         2391      0.94302 
   49    -23.00000         2243         2346      0.94051 
   50    -22.00000         2166         2268      0.94181 
   51    -21.00000         2103         2196      0.94115 
   52    -20.00000         2014         2098      0.94115 
   53    -19.00000         1886         1965      0.94313 
   54    -18.00000         1796         1899      0.94777 
   55    -17.00000         1776         1901      0.92847 
   56    -16.00000         1825         1933      0.91059 
   57    -15.00000         1847         1953      0.89684 
   58    -14.00000         1802         1904      0.88289 
   59    -13.00000         1760         1887      0.86427 
   60    -12.00000         1771         1858      0.86911 
   61    -11.00000         1789         1872      0.87517 
   62    -10.00000         1798         1876      0.87425 
   63     -9.00000         1740         1814      0.86888 
   64     -8.00000         1669         1739      0.86326 
   65     -7.00000         1610         1772      0.82969 
   66     -6.00000         1594         1816      0.81056 
   67     -5.00000         1595         1842      0.78790 
   68     -4.00000         1530         1782      0.76389 
   69     -3.00000         1385         1633      0.73426 
   70     -2.00000         1214         1279      0.73325 
   71     -1.00000         1234         1313      0.73341 
   72      0.00000         1270         1372      0.72824 
   73      1.00000         1266         1380      0.72789 
   74      2.00000         1266         1384      0.72151 
   75      3.00000         1243         1368      0.71773 
   76      4.00000         1213         1337      0.70980 
   77      5.00000         1172         1303      0.70061 
   78      6.00000         1081         1241      0.67442 
   79      7.00000         1013         1193      0.66364 
   80      8.00000          888         1130      0.65411 
   81      9.00000          809         1083      0.63636 
   82     10.00000          704         1031      0.60865 
   83     11.00000          561          918      0.56525 
   84     12.00000          387          808      0.46527 
   85     13.00000          215          655      0.31264 
   86     14.00000          180          572      0.28191 
   87     15.00000          140          468      0.25000 
   88     16.00000           88          314      0.18905 
   89     17.00000           32          124      0.05128 
   90     18.00000           32            0      0.00000 
   91     19.00000           88            0      0.00000 
   92     20.00000          140            0      0.00000 
   93     21.00000          180            0      0.00000 
   94     22.00000          216            0      0.00000 
   95     23.00000          256           60      0.34810 
   96     24.00000          276          138      0.52657 
   97     25.00000          300          201      0.59082 
   98     26.00000          308          241      0.63024 
   99     27.00000          316          266      0.66323 
  100     28.00000          316          285      0.70549 
  101     29.00000          308          291      0.71452 
  102     30.00000          298          292      0.73898 
  103     31.00000          273          280      0.75226 
  104     32.00000          249          269      0.75290 
  105     33.00000          212          254      0.74678 
  106     34.00000          178          240      0.72727 
  107     35.00000          139          218      0.69468 
  108     36.00000           88          183      0.60517 
  109     37.00000           32          158      0.33684 
  110     38.00000            0          117      0.00000 
  111     39.00000            0           85      0.00000 
  112     40.00000            0           42      0.00000 
  113     41.00000            0           15      0.00000 
  114     42.00000            0            0      0.00000 
  115     43.00000            0            0      0.00000 
  116     44.00000            0            0      0.00000 
  117     45.00000            0            0      0.00000 
  118     46.00000            0            0      0.00000 
  119     47.00000            0            0      0.00000 
  120     48.00000            0            0      0.00000 
  121     49.00000            0            0      0.00000 
  122     50.00000            0            0      0.00000 
  123     51.00000            0            0      0.00000 
  124     52.00000            0            0      0.00000 
  125     53.00000            0            0      0.00000 
  126     54.00000            0            0      0.00000 
  127     55.00000            0            0      0.00000 
  128     56.00000            0            0      0.00000 
  129     57.00000            0            0      0.00000 
  130     58.00000            0            0      0.00000 
  131     59.00000            0            0      0.00000 
  132     60.00000            0            0      0.00000 
  133     61.00000            0            0      0.00000 
  134     62.00000            0            0      0.00000 
  135     63.00000            0            0      0.00000 
  136     64.00000            0            0      0.00000 
  137     65.00000            0            0      0.00000 
  138     66.00000            0            0      0.00000 
  139     67.00000            0            0      0.00000 
  140     68.00000            0            0      0.00000 
  141     69.00000            0            0      0.00000 
  142     70.00000            0            0      0.00000 
  143     71.00000            0            0      0.00000 
  144     72.00000            0            0      0.00000 
  145     73.00000            0            0      0.00000 
  146     74.00000            0            0      0.00000 
  147     75.00000            0            0      0.00000 
  148     76.00000            0            0      0.00000 
  149     77.00000            0            0      0.00000 
  150     78.00000            0            0      0.00000 
  151     79.00000            0            0      0.00000 
  152     80.00000            0            0      0.00000 
  153     81.00000            0            0      0.00000 
  154     82.00000            0            0      0.00000 
  155     83.00000            0            0      0.00000 
  156     84.00000            0            0      0.00000 
  157     85.00000            0            0      0.00000 
  158     86.00000            0            0      0.00000 
