# 3dSliceNDice -insetA 6m_4min_m5_binary+orig -insetB 6m_5min_m5_binary+orig -prefix 6m_4min_5min_m5
    0    134.00000            0            0      0.00000 
    1    133.00000            0            0      0.00000 
    2    132.00000            0            0      0.00000 
    3    131.00000            0            0      0.00000 
    4    130.00000            0            0      0.00000 
    5    129.00000            0            0      0.00000 
    6    128.00000            0            0      0.00000 
    7    127.00000            0            0      0.00000 
    8    126.00000            0            0      0.00000 
    9    125.00000            0            0      0.00000 
   10    124.00000            0            0      0.00000 
   11    123.00000            0            0      0.00000 
   12    122.00000            0            0      0.00000 
   13    121.00000            0            0      0.00000 
   14    120.00000            0            0      0.00000 
   15    119.00000            0            0      0.00000 
   16    118.00000            0            0      0.00000 
   17    117.00000            0            0      0.00000 
   18    116.00000            0            0      0.00000 
   19    115.00000            0            0      0.00000 
   20    114.00000            0            0      0.00000 
   21    113.00000            0            0      0.00000 
   22    112.00000            0            0      0.00000 
   23    111.00000            0            0      0.00000 
   24    110.00000            0            0      0.00000 
   25    109.00000            0            0      0.00000 
   26    108.00000            0            0      0.00000 
   27    107.00000            0            0      0.00000 
   28    106.00000            0            0      0.00000 
   29    105.00000            0            0      0.00000 
   30    104.00000            0            0      0.00000 
   31    103.00000            0            0      0.00000 
   32    102.00000            0            0      0.00000 
   33    101.00000            0            0      0.00000 
   34    100.00000            0            0      0.00000 
   35     99.00000            0            0      0.00000 
   36     98.00000            0            0      0.00000 
   37     97.00000            0            0      0.00000 
   38     96.00000            0            0      0.00000 
   39     95.00000            0            0      0.00000 
   40     94.00000            0            0      0.00000 
   41     93.00000            0            0      0.00000 
   42     92.00000            0            0      0.00000 
   43     91.00000            0            0      0.00000 
   44     90.00000            0            0      0.00000 
   45     89.00000            0            0      0.00000 
   46     88.00000            0            0      0.00000 
   47     87.00000            0            0      0.00000 
   48     86.00000            0            0      0.00000 
   49     85.00000            0            0      0.00000 
   50     84.00000            0            0      0.00000 
   51     83.00000            0            0      0.00000 
   52     82.00000            0            0      0.00000 
   53     81.00000            0            0      0.00000 
   54     80.00000            0            0      0.00000 
   55     79.00000            0            0      0.00000 
   56     78.00000            0            0      0.00000 
   57     77.00000            0            0      0.00000 
   58     76.00000           13           25      0.68421 
   59     75.00000           57           83      0.81429 
   60     74.00000          106          141      0.85830 
   61     73.00000          164          199      0.90358 
   62     72.00000          234          275      0.91945 
   63     71.00000          287          324      0.91980 
   64     70.00000          349          389      0.90515 
   65     69.00000          390          426      0.89216 
   66     68.00000          429          458      0.88388 
   67     67.00000          531          497      0.89883 
   68     66.00000          637          574      0.89678 
   69     65.00000          739          673      0.91785 
   70     64.00000          810          751      0.93017 
   71     63.00000          869          810      0.93508 
   72     62.00000          925          899      0.93421 
   73     61.00000          943          953      0.92300 
   74     60.00000          973         1031      0.91417 
   75     59.00000          997         1076      0.89725 
   76     58.00000         1028         1117      0.88298 
   77     57.00000         1270         1300      0.89650 
   78     56.00000         1480         1471      0.92511 
   79     55.00000         1631         1599      0.93498 
   80     54.00000         1758         1721      0.94165 
   81     53.00000         1867         1849      0.95264 
   82     52.00000         1972         1980      0.96306 
   83     51.00000         2058         2089      0.97034 
   84     50.00000         2162         2227      0.97608 
   85     49.00000         2224         2320      0.97579 
   86     48.00000         2293         2403      0.97658 
   87     47.00000         2362         2485      0.97462 
   88     46.00000         2383         2505      0.97177 
   89     45.00000         2425         2543      0.96779 
   90     44.00000         2438         2529      0.96275 
   91     43.00000         2453         2520      0.95797 
   92     42.00000         2409         2447      0.94852 
   93     41.00000         2369         2379      0.94145 
   94     40.00000         2345         2345      0.94286 
   95     39.00000         2280         2255      0.94157 
   96     38.00000         2206         2172      0.94016 
   97     37.00000         2132         2102      0.93009 
   98     36.00000         2086         2089      0.91593 
   99     35.00000         2089         2085      0.89746 
  100     34.00000         2071         2023      0.87103 
  101     33.00000         2070         1934      0.83217 
  102     32.00000         2219         2231      0.85348 
  103     31.00000         2361         2459      0.89793 
  104     30.00000         2429         2579      0.91693 
  105     29.00000         2455         2618      0.92844 
  106     28.00000         2442         2616      0.93357 
  107     27.00000         2420         2604      0.93352 
  108     26.00000         2369         2583      0.92973 
  109     25.00000         2363         2601      0.92990 
  110     24.00000         2315         2564      0.92929 
  111     23.00000         2274         2540      0.92979 
  112     22.00000         2236         2514      0.92968 
  113     21.00000         2176         2441      0.92917 
  114     20.00000         2109         2362      0.92865 
  115     19.00000         2029         2268      0.92762 
  116     18.00000         1987         2219      0.92772 
  117     17.00000         1962         2181      0.93024 
  118     16.00000         1942         2142      0.92948 
  119     15.00000         1970         2124      0.93356 
  120     14.00000         1989         2113      0.93369 
  121     13.00000         2009         2112      0.93521 
  122     12.00000         2015         2101      0.93294 
  123     11.00000         1988         2064      0.93287 
  124     10.00000         1973         2031      0.93157 
  125      9.00000         1910         1957      0.92630 
  126      8.00000         1900         1906      0.93116 
  127      7.00000         1875         1779      0.94527 
  128      6.00000         1852         1730      0.94472 
  129      5.00000         1825         1685      0.93846 
  130      4.00000         1781         1629      0.93314 
  131      3.00000         1764         1567      0.92405 
  132      2.00000         1696         1461      0.90846 
  133      1.00000         1628         1410      0.91113 
  134      0.00000         1545         1353      0.91718 
  135     -1.00000         1425         1265      0.92045 
  136     -2.00000         1312         1230      0.93627 
  137     -3.00000         1161         1167      0.96220 
  138     -4.00000         1102         1114      0.95848 
  139     -5.00000         1043         1059      0.95814 
  140     -6.00000          973          994      0.96390 
  141     -7.00000          929          939      0.97323 
  142     -8.00000          869          876      0.97880 
  143     -9.00000          810          816      0.98155 
  144    -10.00000          765          751      0.97625 
  145    -11.00000          708          665      0.96140 
  146    -12.00000          682          609      0.94345 
  147    -13.00000          655          541      0.90468 
  148    -14.00000          627          481      0.86823 
  149    -15.00000          594          407      0.81319 
  150    -16.00000          532          307      0.73182 
  151    -17.00000          475          168      0.52255 
  152    -18.00000          413            0      0.00000 
  153    -19.00000          384            0      0.00000 
  154    -20.00000          352            0      0.00000 
  155    -21.00000          304            0      0.00000 
  156    -22.00000          248            0      0.00000 
  157    -23.00000          221           60      0.22776 
  158    -24.00000          236          138      0.47059 
  159    -25.00000          250          204      0.61674 
  160    -26.00000          244          254      0.72289 
  161    -27.00000          237          296      0.81051 
  162    -28.00000          288          346      0.80757 
  163    -29.00000          370          372      0.76011 
  164    -30.00000          458          416      0.72769 
  165    -31.00000          520          440      0.70833 
  166    -32.00000          571          455      0.69201 
  167    -33.00000          610          454      0.66541 
  168    -34.00000          614          438      0.64259 
  169    -35.00000          627          428      0.62559 
  170    -36.00000          618          403      0.63271 
  171    -37.00000          608          381      0.63701 
  172    -38.00000          577          343      0.64565 
  173    -39.00000          532          309      0.65874 
  174    -40.00000          489          279      0.67969 
  175    -41.00000          430          235      0.68872 
  176    -42.00000          380          201      0.69191 
  177    -43.00000          300          157      0.68709 
  178    -44.00000          227          120      0.69164 
  179    -45.00000          146           71      0.65438 
  180    -46.00000           63           27      0.60000 
  181    -47.00000            9            4      0.61538 
  182    -48.00000            0            0      0.00000 
  183    -49.00000            0            0      0.00000 
  184    -50.00000            0            0      0.00000 
  185    -51.00000            0            0      0.00000 
  186    -52.00000            0            0      0.00000 
  187    -53.00000            0            0      0.00000 
  188    -54.00000            0            0      0.00000 
  189    -55.00000            0            0      0.00000 
  190    -56.00000            0            0      0.00000 
  191    -57.00000            0            0      0.00000 
  192    -58.00000            0            0      0.00000 
  193    -59.00000            0            0      0.00000 
  194    -60.00000            0            0      0.00000 
  195    -61.00000            0            0      0.00000 
  196    -62.00000            0            0      0.00000 
  197    -63.00000            0            0      0.00000 
  198    -64.00000            0            0      0.00000 
  199    -65.00000            0            0      0.00000 
  200    -66.00000            0            0      0.00000 
  201    -67.00000            0            0      0.00000 
  202    -68.00000            0            0      0.00000 
  203    -69.00000            0            0      0.00000 
  204    -70.00000            0            0      0.00000 
  205    -71.00000            0            0      0.00000 
  206    -72.00000            0            0      0.00000 
  207    -73.00000            0            0      0.00000 
  208    -74.00000            0            0      0.00000 
  209    -75.00000            0            0      0.00000 
  210    -76.00000            0            0      0.00000 
  211    -77.00000            0            0      0.00000 
  212    -78.00000            0            0      0.00000 
  213    -79.00000            0            0      0.00000 
  214    -80.00000            0            0      0.00000 
  215    -81.00000            0            0      0.00000 
  216    -82.00000            0            0      0.00000 
  217    -83.00000            0            0      0.00000 
  218    -84.00000            0            0      0.00000 
  219    -85.00000            0            0      0.00000 
  220    -86.00000            0            0      0.00000 
  221    -87.00000            0            0      0.00000 
  222    -88.00000            0            0      0.00000 
  223    -89.00000            0            0      0.00000 
  224    -90.00000            0            0      0.00000 
  225    -91.00000            0            0      0.00000 
  226    -92.00000            0            0      0.00000 
  227    -93.00000            0            0      0.00000 
  228    -94.00000            0            0      0.00000 
  229    -95.00000            0            0      0.00000 
  230    -96.00000            0            0      0.00000 
  231    -97.00000            0            0      0.00000 
  232    -98.00000            0            0      0.00000 
