# 3dSliceNDice -insetA 6m_4min_m1_binary+orig -insetB 6m_5min_m1_binary+orig -prefix 6m_4min_5min_m1
    0    -72.00000            0            0      0.00000 
    1    -71.00000            0            0      0.00000 
    2    -70.00000            0            0      0.00000 
    3    -69.00000            0            0      0.00000 
    4    -68.00000            0            0      0.00000 
    5    -67.00000            0            0      0.00000 
    6    -66.00000            0            0      0.00000 
    7    -65.00000            0            0      0.00000 
    8    -64.00000            0            0      0.00000 
    9    -63.00000            0            0      0.00000 
   10    -62.00000            0            0      0.00000 
   11    -61.00000            0            0      0.00000 
   12    -60.00000            0            0      0.00000 
   13    -59.00000            0            0      0.00000 
   14    -58.00000            0            0      0.00000 
   15    -57.00000            0            0      0.00000 
   16    -56.00000            0            0      0.00000 
   17    -55.00000            0            0      0.00000 
   18    -54.00000            0            0      0.00000 
   19    -53.00000            0            0      0.00000 
   20    -52.00000            0            0      0.00000 
   21    -51.00000            1            1      1.00000 
   22    -50.00000          273          273      1.00000 
   23    -49.00000          612          612      1.00000 
   24    -48.00000         1079         1072      0.99675 
   25    -47.00000         1337         1314      0.99132 
   26    -46.00000         1598         1549      0.98189 
   27    -45.00000         1773         1713      0.98107 
   28    -44.00000         1846         1791      0.97498 
   29    -43.00000         1947         1899      0.97088 
   30    -42.00000         2009         1961      0.96625 
   31    -41.00000         2067         2021      0.96233 
   32    -40.00000         2114         2062      0.95785 
   33    -39.00000         2154         2087      0.95591 
   34    -38.00000         2173         2102      0.95158 
   35    -37.00000         2137         2059      0.95091 
   36    -36.00000         2122         2074      0.94471 
   37    -35.00000         2082         2061      0.94376 
   38    -34.00000         2029         2029      0.93691 
   39    -33.00000         2013         1957      0.91083 
   40    -32.00000         2379         2157      0.88624 
   41    -31.00000         2668         2364      0.90262 
   42    -30.00000         2818         2486      0.90762 
   43    -29.00000         2926         2563      0.90326 
   44    -28.00000         3009         2624      0.89473 
   45    -27.00000         3062         2654      0.89398 
   46    -26.00000         3086         2685      0.89413 
   47    -25.00000         3126         2724      0.89436 
   48    -24.00000         3065         2690      0.89418 
   49    -23.00000         2956         2606      0.89572 
   50    -22.00000         2883         2553      0.88852 
   51    -21.00000         3007         2703      0.88862 
   52    -20.00000         3060         2803      0.88589 
   53    -19.00000         2993         2773      0.87895 
   54    -18.00000         2854         2637      0.86614 
   55    -17.00000         2615         2394      0.83011 
   56    -16.00000         2619         2409      0.82021 
   57    -15.00000         2647         2441      0.81643 
   58    -14.00000         2632         2439      0.81798 
   59    -13.00000         2527         2421      0.82336 
   60    -12.00000         2524         2457      0.86930 
   61    -11.00000         2672         2606      0.88177 
   62    -10.00000         2775         2726      0.88820 
   63     -9.00000         2815         2770      0.89669 
   64     -8.00000         2823         2764      0.90174 
   65     -7.00000         2941         2853      0.90853 
   66     -6.00000         3121         3011      0.92303 
   67     -5.00000         3278         3201      0.93132 
   68     -4.00000         3342         3291      0.93743 
   69     -3.00000         3369         3366      0.94402 
   70     -2.00000         3453         3484      0.93989 
   71     -1.00000         3539         3537      0.94008 
   72      0.00000         3643         3582      0.93813 
   73      1.00000         3645         3499      0.93169 
   74      2.00000         3647         3392      0.92428 
   75      3.00000         3609         3307      0.91122 
   76      4.00000         3568         3342      0.91027 
   77      5.00000         3516         3350      0.91232 
   78      6.00000         3333         3262      0.91615 
   79      7.00000         3142         3168      0.92583 
   80      8.00000         2957         3032      0.92536 
   81      9.00000         2870         2958      0.92519 
   82     10.00000         2764         2870      0.92261 
   83     11.00000         2574         2715      0.92191 
   84     12.00000         2325         2540      0.91346 
   85     13.00000         1942         2443      0.85838 
   86     14.00000         1886         2545      0.82419 
   87     15.00000         1829         2623      0.79470 
   88     16.00000         1679         2588      0.75978 
   89     17.00000         1548         2610      0.71669 
   90     18.00000         1602         2727      0.71518 
   91     19.00000         1688         2819      0.72509 
   92     20.00000         1696         2861      0.72284 
   93     21.00000         1635         2809      0.71557 
   94     22.00000         1492         2726      0.69417 
   95     23.00000         1345         2638      0.67286 
   96     24.00000         1375         2610      0.67905 
   97     25.00000         1406         2608      0.68510 
   98     26.00000         1400         2526      0.69536 
   99     27.00000         1396         2426      0.71219 
  100     28.00000         1374         2297      0.72623 
  101     29.00000         1318         2150      0.73875 
  102     30.00000         1290         2019      0.75552 
  103     31.00000         1242         1829      0.78541 
  104     32.00000         1219         1688      0.81871 
  105     33.00000         1195         1604      0.84030 
  106     34.00000         1180         1565      0.85100 
  107     35.00000         1157         1526      0.86247 
  108     36.00000         1150         1464      0.87376 
  109     37.00000         1139         1413      0.87618 
  110     38.00000         1143         1370      0.87704 
  111     39.00000         1109         1287      0.88063 
  112     40.00000         1074         1200      0.88303 
  113     41.00000         1002         1082      0.87908 
  114     42.00000          938          939      0.87267 
  115     43.00000          834          806      0.87439 
  116     44.00000          740          724      0.88798 
  117     45.00000          656          672      0.89307 
  118     46.00000          564          629      0.89522 
  119     47.00000          481          596      0.89322 
  120     48.00000          429          550      0.87640 
  121     49.00000          363          479      0.86223 
  122     50.00000          288          399      0.83843 
  123     51.00000          213          318      0.80226 
  124     52.00000          164          267      0.76102 
  125     53.00000          110          223      0.66066 
  126     54.00000           57          155      0.53774 
  127     55.00000           23          120      0.32168 
  128     56.00000            0           49      0.00000 
  129     57.00000            0            0      0.00000 
  130     58.00000            0            0      0.00000 
  131     59.00000            0            0      0.00000 
  132     60.00000            0            0      0.00000 
  133     61.00000            0            0      0.00000 
  134     62.00000            0            0      0.00000 
  135     63.00000            0            0      0.00000 
  136     64.00000            0            0      0.00000 
  137     65.00000            0            0      0.00000 
  138     66.00000            0            0      0.00000 
  139     67.00000            0            0      0.00000 
  140     68.00000            0            0      0.00000 
  141     69.00000            0            0      0.00000 
  142     70.00000            0            0      0.00000 
  143     71.00000            0            0      0.00000 
  144     72.00000            0            0      0.00000 
  145     73.00000            0            0      0.00000 
  146     74.00000            0            0      0.00000 
  147     75.00000            0            0      0.00000 
  148     76.00000            0            0      0.00000 
  149     77.00000            0            0      0.00000 
  150     78.00000            0            0      0.00000 
  151     79.00000            0            0      0.00000 
  152     80.00000            0            0      0.00000 
  153     81.00000            0            0      0.00000 
  154     82.00000            0            0      0.00000 
  155     83.00000            0            0      0.00000 
  156     84.00000            0            0      0.00000 
  157     85.00000            0            0      0.00000 
  158     86.00000            0            0      0.00000 
