# 3dSliceNDice -insetA 6m_4min_m4_binary+orig -insetB 6m_5min_m4_binary+orig -prefix 6m_4min_5min_m4
    0     96.00000            0            0      0.00000 
    1     95.00000            0            0      0.00000 
    2     94.00000            0            0      0.00000 
    3     93.00000            0            0      0.00000 
    4     92.00000            0            0      0.00000 
    5     91.00000            0            0      0.00000 
    6     90.00000            0            0      0.00000 
    7     89.00000            0            0      0.00000 
    8     88.00000            0            0      0.00000 
    9     87.00000            0            0      0.00000 
   10     86.00000            0            0      0.00000 
   11     85.00000            0            0      0.00000 
   12     84.00000            0            0      0.00000 
   13     83.00000            0            0      0.00000 
   14     82.00000            0            0      0.00000 
   15     81.00000            0            0      0.00000 
   16     80.00000            0            0      0.00000 
   17     79.00000            0            0      0.00000 
   18     78.00000            0            0      0.00000 
   19     77.00000            0            0      0.00000 
   20     76.00000            0            0      0.00000 
   21     75.00000            0            0      0.00000 
   22     74.00000            0            0      0.00000 
   23     73.00000            0            0      0.00000 
   24     72.00000            0            0      0.00000 
   25     71.00000            0            0      0.00000 
   26     70.00000            0            0      0.00000 
   27     69.00000            0            0      0.00000 
   28     68.00000            0            0      0.00000 
   29     67.00000            0            0      0.00000 
   30     66.00000            0            0      0.00000 
   31     65.00000            0            0      0.00000 
   32     64.00000            0            0      0.00000 
   33     63.00000            0            0      0.00000 
   34     62.00000            0            0      0.00000 
   35     61.00000            0            0      0.00000 
   36     60.00000            0            0      0.00000 
   37     59.00000            0            0      0.00000 
   38     58.00000            0            0      0.00000 
   39     57.00000            0            0      0.00000 
   40     56.00000           10           10      1.00000 
   41     55.00000           58           58      1.00000 
   42     54.00000           96           96      1.00000 
   43     53.00000          149          149      1.00000 
   44     52.00000          212          212      1.00000 
   45     51.00000          262          262      1.00000 
   46     50.00000          313          316      0.99523 
   47     49.00000          349          358      0.98727 
   48     48.00000          378          391      0.98309 
   49     47.00000          399          416      0.97914 
   50     46.00000          409          432      0.97265 
   51     45.00000          418          443      0.97096 
   52     44.00000          426          448      0.97483 
   53     43.00000          469          488      0.98015 
   54     42.00000          504          530      0.97485 
   55     41.00000          568          597      0.93219 
   56     40.00000          608          630      0.88853 
   57     39.00000          628          650      0.84507 
   58     38.00000          671          672      0.80119 
   59     37.00000          689          673      0.75037 
   60     36.00000          692          662      0.71344 
   61     35.00000          693          657      0.66815 
   62     34.00000          658          616      0.62009 
   63     33.00000          631          588      0.57588 
   64     32.00000          586          546      0.52297 
   65     31.00000          544          509      0.48243 
   66     30.00000          494          459      0.42812 
   67     29.00000          412          381      0.34805 
   68     28.00000          316          293      0.19704 
   69     27.00000          216          207      0.00000 
   70     26.00000          180          178      0.00000 
   71     25.00000          140          140      0.00000 
   72     24.00000           88           88      0.00000 
   73     23.00000           32           32      0.00000 
   74     22.00000          766          401      0.64610 
   75     21.00000         1094          659      0.72333 
   76     20.00000         1300          827      0.75411 
   77     19.00000         1449          946      0.76910 
   78     18.00000         1565         1032      0.77551 
   79     17.00000         1768         1368      0.85651 
   80     16.00000         1959         1624      0.89534 
   81     15.00000         2158         1835      0.91210 
   82     14.00000         2297         1980      0.92261 
   83     13.00000         2404         2087      0.92808 
   84     12.00000         2526         2286      0.95012 
   85     11.00000         2600         2426      0.95901 
   86     10.00000         2731         2598      0.96078 
   87      9.00000         2800         2707      0.95914 
   88      8.00000         2837         2785      0.95873 
   89      7.00000         3084         3063      0.95624 
   90      6.00000         3154         3158      0.95279 
   91      5.00000         3201         3240      0.95078 
   92      4.00000         3212         3257      0.95131 
   93      3.00000         3177         3226      0.95237 
   94      2.00000         3257         3235      0.95749 
   95      1.00000         3145         3108      0.95698 
   96      0.00000         3052         3013      0.95960 
   97     -1.00000         3111         3091      0.96421 
   98     -2.00000         3284         3285      0.96727 
   99     -3.00000         3478         3492      0.96930 
  100     -4.00000         3598         3619      0.97049 
  101     -5.00000         3692         3716      0.97003 
  102     -6.00000         3720         3737      0.96822 
  103     -7.00000         3739         3749      0.96421 
  104     -8.00000         3675         3640      0.95420 
  105     -9.00000         3594         3565      0.95293 
  106    -10.00000         3487         3464      0.95065 
  107    -11.00000         3324         3288      0.94616 
  108    -12.00000         3056         3014      0.94333 
  109    -13.00000         2407         2280      0.92170 
  110    -14.00000         2346         2215      0.92348 
  111    -15.00000         2265         2122      0.92637 
  112    -16.00000         2099         1956      0.92232 
  113    -17.00000         1899         1802      0.91489 
  114    -18.00000         1580         1584      0.94880 
  115    -19.00000         1509         1534      0.94512 
  116    -20.00000         1428         1478      0.93737 
  117    -21.00000         1291         1363      0.92766 
  118    -22.00000         1159         1247      0.93184 
  119    -23.00000         1121         1348      0.88376 
  120    -24.00000         1210         1555      0.84557 
  121    -25.00000         1260         1694      0.81855 
  122    -26.00000         1288         1784      0.80013 
  123    -27.00000         1300         1826      0.77991 
  124    -28.00000         1348         1906      0.77689 
  125    -29.00000         1376         1919      0.77876 
  126    -30.00000         1414         1987      0.77742 
  127    -31.00000         1374         1954      0.77043 
  128    -32.00000         1296         1891      0.75180 
  129    -33.00000         1192         1812      0.73901 
  130    -34.00000         1169         1772      0.74124 
  131    -35.00000         1164         1768      0.74011 
  132    -36.00000         1133         1729      0.73725 
  133    -37.00000         1108         1710      0.73527 
  134    -38.00000         1082         1692      0.73035 
  135    -39.00000         1070         1698      0.72760 
  136    -40.00000         1044         1694      0.72169 
  137    -41.00000          959         1631      0.70579 
  138    -42.00000          891         1576      0.70288 
  139    -43.00000          888         1608      0.71154 
  140    -44.00000          898         1618      0.71383 
  141    -45.00000          923         1655      0.71606 
  142    -46.00000          925         1631      0.72300 
  143    -47.00000          933         1610      0.73378 
  144    -48.00000          931         1600      0.73568 
  145    -49.00000          902         1530      0.74178 
  146    -50.00000          877         1451      0.75344 
  147    -51.00000          825         1295      0.77264 
  148    -52.00000          776         1143      0.79937 
  149    -53.00000          719          962      0.83998 
  150    -54.00000          636          799      0.86690 
  151    -55.00000          558          675      0.89051 
  152    -56.00000          433          499      0.92918 
  153    -57.00000          300          338      0.94044 
  154    -58.00000           24           24      1.00000 
  155    -59.00000            0            0      0.00000 
  156    -60.00000            0            0      0.00000 
  157    -61.00000            0            0      0.00000 
  158    -62.00000            0            0      0.00000 
  159    -63.00000            0            0      0.00000 
  160    -64.00000            0            0      0.00000 
  161    -65.00000            0            0      0.00000 
  162    -66.00000            0            0      0.00000 
  163    -67.00000            0            0      0.00000 
  164    -68.00000            0            0      0.00000 
  165    -69.00000            0            0      0.00000 
  166    -70.00000            0            0      0.00000 
  167    -71.00000            0            0      0.00000 
  168    -72.00000            0            0      0.00000 
  169    -73.00000            0            0      0.00000 
  170    -74.00000            0            0      0.00000 
  171    -75.00000            0            0      0.00000 
  172    -76.00000            0            0      0.00000 
  173    -77.00000            0            0      0.00000 
  174    -78.00000            0            0      0.00000 
  175    -79.00000            0            0      0.00000 
  176    -80.00000            0            0      0.00000 
  177    -81.00000            0            0      0.00000 
  178    -82.00000            0            0      0.00000 
  179    -83.00000            0            0      0.00000 
  180    -84.00000            0            0      0.00000 
  181    -85.00000            0            0      0.00000 
  182    -86.00000            0            0      0.00000 
  183    -87.00000            0            0      0.00000 
  184    -88.00000            0            0      0.00000 
  185    -89.00000            0            0      0.00000 
  186    -90.00000            0            0      0.00000 
  187    -91.00000            0            0      0.00000 
  188    -92.00000            0            0      0.00000 
  189    -93.00000            0            0      0.00000 
  190    -94.00000            0            0      0.00000 
  191    -95.00000            0            0      0.00000 
  192    -96.00000            0            0      0.00000 
  193    -97.00000            0            0      0.00000 
  194    -98.00000            0            0      0.00000 
