# 3dSliceNDice -insetA 6m_4min_m3_binary+orig -insetB 6m_5min_m3_binary+orig -prefix 6m_4min_5min_m3
    0    -72.00000            0            0      0.00000 
    1    -71.00000            0            0      0.00000 
    2    -70.00000            0            0      0.00000 
    3    -69.00000            0            0      0.00000 
    4    -68.00000            0            0      0.00000 
    5    -67.00000            0            0      0.00000 
    6    -66.00000            0            0      0.00000 
    7    -65.00000            0            0      0.00000 
    8    -64.00000            0            0      0.00000 
    9    -63.00000            0            0      0.00000 
   10    -62.00000            0            0      0.00000 
   11    -61.00000            0            0      0.00000 
   12    -60.00000            0            0      0.00000 
   13    -59.00000            0            0      0.00000 
   14    -58.00000            0            0      0.00000 
   15    -57.00000            0            0      0.00000 
   16    -56.00000            0            0      0.00000 
   17    -55.00000            0            0      0.00000 
   18    -54.00000            0            0      0.00000 
   19    -53.00000            0            0      0.00000 
   20    -52.00000            0            0      0.00000 
   21    -51.00000            0            0      0.00000 
   22    -50.00000            0            0      0.00000 
   23    -49.00000            0            0      0.00000 
   24    -48.00000            0            0      0.00000 
   25    -47.00000            0            0      0.00000 
   26    -46.00000            0            0      0.00000 
   27    -45.00000            0            0      0.00000 
   28    -44.00000            0            0      0.00000 
   29    -43.00000            0            0      0.00000 
   30    -42.00000            0            0      0.00000 
   31    -41.00000            0            0      0.00000 
   32    -40.00000            0            0      0.00000 
   33    -39.00000            0            0      0.00000 
   34    -38.00000            0            0      0.00000 
   35    -37.00000            8           12      0.80000 
   36    -36.00000           53           66      0.89076 
   37    -35.00000           89          110      0.89447 
   38    -34.00000          135          161      0.91216 
   39    -33.00000          179          209      0.92268 
   40    -32.00000          545          594      0.90606 
   41    -31.00000          822          843      0.91411 
   42    -30.00000         1016         1007      0.92239 
   43    -29.00000         1159         1126      0.92604 
   44    -28.00000         1266         1207      0.92762 
   45    -27.00000         1705         1536      0.92009 
   46    -26.00000         2055         1844      0.92742 
   47    -25.00000         2310         2065      0.93120 
   48    -24.00000         2493         2231      0.93184 
   49    -23.00000         2664         2376      0.93294 
   50    -22.00000         3950         3880      0.92337 
   51    -21.00000         4489         4389      0.94188 
   52    -20.00000         4799         4667      0.94612 
   53    -19.00000         4984         4846      0.94588 
   54    -18.00000         5090         4955      0.94614 
   55    -17.00000         5350         5087      0.94529 
   56    -16.00000         5473         5226      0.94327 
   57    -15.00000         5596         5389      0.94001 
   58    -14.00000         5689         5473      0.93621 
   59    -13.00000         5667         5414      0.93259 
   60    -12.00000         5584         5239      0.92987 
   61    -11.00000         5486         5175      0.93162 
   62    -10.00000         5397         5128      0.93283 
   63     -9.00000         5205         4999      0.93493 
   64     -8.00000         4908         4829      0.94300 
   65     -7.00000         4511         4568      0.95429 
   66     -6.00000         4404         4470      0.95357 
   67     -5.00000         4270         4340      0.95261 
   68     -4.00000         4071         4127      0.95072 
   69     -3.00000         3881         3881      0.94512 
   70     -2.00000         3652         3581      0.93073 
   71     -1.00000         3501         3446      0.92903 
   72      0.00000         3311         3284      0.92737 
   73      1.00000         3034         3045      0.92252 
   74      2.00000         2684         2790      0.90793 
   75      3.00000         2463         2570      0.89291 
   76      4.00000         2435         2462      0.87931 
   77      5.00000         2344         2310      0.86721 
   78      6.00000         2137         2062      0.85544 
   79      7.00000         1727         1608      0.83718 
   80      8.00000          793          576      0.55223 
   81      9.00000          880          676      0.60925 
   82     10.00000          951          752      0.65649 
   83     11.00000          970          781      0.70017 
   84     12.00000          965          797      0.75709 
   85     13.00000          998          866      0.78541 
   86     14.00000         1069          958      0.78836 
   87     15.00000         1144         1051      0.80820 
   88     16.00000         1195         1114      0.82806 
   89     17.00000         1227         1163      0.84351 
   90     18.00000         1320         1244      0.86037 
   91     19.00000         1387         1312      0.87440 
   92     20.00000         1466         1382      0.89607 
   93     21.00000         1471         1402      0.91194 
   94     22.00000         1461         1427      0.92798 
   95     23.00000         1547         1531      0.94347 
   96     24.00000         1626         1603      0.94828 
   97     25.00000         1682         1651      0.95230 
   98     26.00000         1688         1644      0.95678 
   99     27.00000         1657         1596      0.96403 
  100     28.00000         1616         1541      0.97624 
  101     29.00000         1568         1503      0.97883 
  102     30.00000         1530         1482      0.98406 
  103     31.00000         1478         1438      0.98011 
  104     32.00000         1449         1417      0.97906 
  105     33.00000         1388         1362      0.97600 
  106     34.00000         1322         1299      0.97291 
  107     35.00000         1260         1238      0.96958 
  108     36.00000         1180         1182      0.95936 
  109     37.00000         1121         1135      0.94947 
  110     38.00000         1016         1055      0.93868 
  111     39.00000          905          968      0.92686 
  112     40.00000          785          881      0.90996 
  113     41.00000          661          794      0.89622 
  114     42.00000          561          712      0.88138 
  115     43.00000          473          588      0.89161 
  116     44.00000          417          487      0.92257 
  117     45.00000          359          385      0.96505 
  118     46.00000          300          293      0.97133 
  119     47.00000          244          223      0.95503 
  120     48.00000          210          170      0.89474 
  121     49.00000          166          114      0.81429 
  122     50.00000          135           73      0.70192 
  123     51.00000           96           31      0.48819 
  124     52.00000           55            2      0.07018 
  125     53.00000           21            0      0.00000 
  126     54.00000            2            0      0.00000 
  127     55.00000            0            0      0.00000 
  128     56.00000            0            0      0.00000 
  129     57.00000            0            0      0.00000 
  130     58.00000            0            0      0.00000 
  131     59.00000            0            0      0.00000 
  132     60.00000            0            0      0.00000 
  133     61.00000            0            0      0.00000 
  134     62.00000            0            0      0.00000 
  135     63.00000            0            0      0.00000 
  136     64.00000            0            0      0.00000 
  137     65.00000            0            0      0.00000 
  138     66.00000            0            0      0.00000 
  139     67.00000            0            0      0.00000 
  140     68.00000            0            0      0.00000 
  141     69.00000            0            0      0.00000 
  142     70.00000            0            0      0.00000 
  143     71.00000            0            0      0.00000 
  144     72.00000            0            0      0.00000 
  145     73.00000            0            0      0.00000 
  146     74.00000            0            0      0.00000 
  147     75.00000            0            0      0.00000 
  148     76.00000            0            0      0.00000 
  149     77.00000            0            0      0.00000 
  150     78.00000            0            0      0.00000 
  151     79.00000            0            0      0.00000 
  152     80.00000            0            0      0.00000 
  153     81.00000            0            0      0.00000 
  154     82.00000            0            0      0.00000 
  155     83.00000            0            0      0.00000 
  156     84.00000            0            0      0.00000 
  157     85.00000            0            0      0.00000 
  158     86.00000            0            0      0.00000 
