# 3dSliceNDice -insetA 6m_4min_m4_binary+orig -insetB 6m_5min_m4_binary+orig -prefix 6m_4min_5min_m4
    0    -72.00000            0            0      0.00000 
    1    -71.00000            0            0      0.00000 
    2    -70.00000            0            0      0.00000 
    3    -69.00000            0            0      0.00000 
    4    -68.00000            0            0      0.00000 
    5    -67.00000            0            0      0.00000 
    6    -66.00000            0            0      0.00000 
    7    -65.00000            0            0      0.00000 
    8    -64.00000            0            0      0.00000 
    9    -63.00000            0            0      0.00000 
   10    -62.00000            0            0      0.00000 
   11    -61.00000            0            0      0.00000 
   12    -60.00000            0            0      0.00000 
   13    -59.00000            0            0      0.00000 
   14    -58.00000            0            0      0.00000 
   15    -57.00000            0            0      0.00000 
   16    -56.00000            0            0      0.00000 
   17    -55.00000            0            0      0.00000 
   18    -54.00000            0            0      0.00000 
   19    -53.00000            0            0      0.00000 
   20    -52.00000            0            0      0.00000 
   21    -51.00000            0            0      0.00000 
   22    -50.00000            0            0      0.00000 
   23    -49.00000            0            0      0.00000 
   24    -48.00000            0            0      0.00000 
   25    -47.00000            0            0      0.00000 
   26    -46.00000            0            0      0.00000 
   27    -45.00000            0            0      0.00000 
   28    -44.00000            0            0      0.00000 
   29    -43.00000            0            0      0.00000 
   30    -42.00000            0            0      0.00000 
   31    -41.00000            0            0      0.00000 
   32    -40.00000            0            0      0.00000 
   33    -39.00000            0            0      0.00000 
   34    -38.00000            0            0      0.00000 
   35    -37.00000           12           64      0.31579 
   36    -36.00000           80          149      0.69869 
   37    -35.00000          142          217      0.79109 
   38    -34.00000          198          277      0.83368 
   39    -33.00000          253          338      0.85618 
   40    -32.00000          678          696      0.87336 
   41    -31.00000          985          912      0.87401 
   42    -30.00000         1238         1098      0.88271 
   43    -29.00000         1495         1301      0.89557 
   44    -28.00000         1694         1457      0.90194 
   45    -27.00000         1892         1620      0.90604 
   46    -26.00000         2025         1756      0.90875 
   47    -25.00000         2197         1935      0.91239 
   48    -24.00000         2325         2079      0.91462 
   49    -23.00000         2459         2216      0.91465 
   50    -22.00000         2684         2432      0.91517 
   51    -21.00000         2918         2633      0.91407 
   52    -20.00000         3150         2858      0.91611 
   53    -19.00000         3288         3027      0.92383 
   54    -18.00000         3365         3141      0.93053 
   55    -17.00000         3358         3202      0.94024 
   56    -16.00000         3315         3215      0.94701 
   57    -15.00000         3231         3208      0.95294 
   58    -14.00000         3054         3136      0.95477 
   59    -13.00000         2904         3107      0.95558 
   60    -12.00000         2676         2972      0.94724 
   61    -11.00000         2529         2843      0.94118 
   62    -10.00000         2329         2660      0.93205 
   63     -9.00000         2045         2401      0.91588 
   64     -8.00000         1651         2059      0.87925 
   65     -7.00000         1118         1501      0.83238 
   66     -6.00000         1053         1423      0.83279 
   67     -5.00000          972         1322      0.83522 
   68     -4.00000          873         1201      0.83510 
   69     -3.00000          765         1055      0.82637 
   70     -2.00000          701          923      0.83990 
   71     -1.00000          691          910      0.83573 
   72      0.00000          679          895      0.83100 
   73      1.00000          654          852      0.82869 
   74      2.00000          635          824      0.82934 
   75      3.00000          587          809      0.79083 
   76      4.00000          553          842      0.73835 
   77      5.00000          508          839      0.69339 
   78      6.00000          450          795      0.66024 
   79      7.00000          397          728      0.63289 
   80      8.00000          547          852      0.49750 
   81      9.00000          707         1063      0.48362 
   82     10.00000          788         1205      0.47566 
   83     11.00000          822         1277      0.45927 
   84     12.00000          815         1279      0.41929 
   85     13.00000          875         1369      0.50089 
   86     14.00000         1069         1552      0.61656 
   87     15.00000         1231         1730      0.68085 
   88     16.00000         1346         1847      0.72158 
   89     17.00000         1443         1934      0.74741 
   90     18.00000         1609         2035      0.79418 
   91     19.00000         1704         2077      0.80931 
   92     20.00000         1834         2165      0.82671 
   93     21.00000         1898         2182      0.83824 
   94     22.00000         1948         2199      0.84495 
   95     23.00000         2006         2197      0.85130 
   96     24.00000         2020         2198      0.85870 
   97     25.00000         2050         2215      0.86753 
   98     26.00000         2059         2201      0.87840 
   99     27.00000         2060         2163      0.88942 
  100     28.00000         2105         2171      0.88868 
  101     29.00000         2187         2265      0.87107 
  102     30.00000         2300         2368      0.85947 
  103     31.00000         2373         2454      0.85478 
  104     32.00000         2443         2546      0.85268 
  105     33.00000         2540         2705      0.86215 
  106     34.00000         2607         2823      0.87808 
  107     35.00000         2684         2958      0.89046 
  108     36.00000         2716         2993      0.89753 
  109     37.00000         2737         2992      0.90522 
  110     38.00000         2763         3023      0.91566 
  111     39.00000         2740         3017      0.91714 
  112     40.00000         2737         3024      0.92310 
  113     41.00000         2709         2971      0.92676 
  114     42.00000         2699         2928      0.92980 
  115     43.00000         2632         2817      0.93485 
  116     44.00000         2523         2655      0.94052 
  117     45.00000         2425         2528      0.94246 
  118     46.00000         2304         2368      0.94221 
  119     47.00000         2187         2239      0.94035 
  120     48.00000         2054         2050      0.94152 
  121     49.00000         1927         1855      0.94394 
  122     50.00000         1831         1704      0.94653 
  123     51.00000         1735         1588      0.95155 
  124     52.00000         1626         1485      0.95468 
  125     53.00000         1471         1367      0.96335 
  126     54.00000         1248         1188      0.97537 
  127     55.00000          998          961      0.98111 
  128     56.00000          618          602      0.98689 
  129     57.00000          300          294      0.98990 
  130     58.00000           66           66      1.00000 
  131     59.00000            0            0      0.00000 
  132     60.00000            0            0      0.00000 
  133     61.00000            0            0      0.00000 
  134     62.00000            0            0      0.00000 
  135     63.00000            0            0      0.00000 
  136     64.00000            0            0      0.00000 
  137     65.00000            0            0      0.00000 
  138     66.00000            0            0      0.00000 
  139     67.00000            0            0      0.00000 
  140     68.00000            0            0      0.00000 
  141     69.00000            0            0      0.00000 
  142     70.00000            0            0      0.00000 
  143     71.00000            0            0      0.00000 
  144     72.00000            0            0      0.00000 
  145     73.00000            0            0      0.00000 
  146     74.00000            0            0      0.00000 
  147     75.00000            0            0      0.00000 
  148     76.00000            0            0      0.00000 
  149     77.00000            0            0      0.00000 
  150     78.00000            0            0      0.00000 
  151     79.00000            0            0      0.00000 
  152     80.00000            0            0      0.00000 
  153     81.00000            0            0      0.00000 
  154     82.00000            0            0      0.00000 
  155     83.00000            0            0      0.00000 
  156     84.00000            0            0      0.00000 
  157     85.00000            0            0      0.00000 
  158     86.00000            0            0      0.00000 
