# 3dSliceNDice -insetA 9m_1min_m1_binary+orig -insetB 9m_4min_m1_binary+orig -prefix 9m_1min_4min_m1
    0     96.00000            0            0      0.00000 
    1     95.00000            0            0      0.00000 
    2     94.00000            0            0      0.00000 
    3     93.00000            0            0      0.00000 
    4     92.00000            0            0      0.00000 
    5     91.00000            0            0      0.00000 
    6     90.00000            0            0      0.00000 
    7     89.00000            0            0      0.00000 
    8     88.00000            0            0      0.00000 
    9     87.00000            0            0      0.00000 
   10     86.00000            0            0      0.00000 
   11     85.00000            0            0      0.00000 
   12     84.00000            0            0      0.00000 
   13     83.00000            0            0      0.00000 
   14     82.00000            0            0      0.00000 
   15     81.00000            0            0      0.00000 
   16     80.00000            0            0      0.00000 
   17     79.00000            0            0      0.00000 
   18     78.00000            0            0      0.00000 
   19     77.00000            0            0      0.00000 
   20     76.00000            0            0      0.00000 
   21     75.00000            0            0      0.00000 
   22     74.00000            0            0      0.00000 
   23     73.00000            0            0      0.00000 
   24     72.00000            0            0      0.00000 
   25     71.00000            0            0      0.00000 
   26     70.00000            0            0      0.00000 
   27     69.00000            0            0      0.00000 
   28     68.00000            0            0      0.00000 
   29     67.00000            0            0      0.00000 
   30     66.00000            0            0      0.00000 
   31     65.00000            0            0      0.00000 
   32     64.00000            0            0      0.00000 
   33     63.00000            0            0      0.00000 
   34     62.00000            0            0      0.00000 
   35     61.00000            0            0      0.00000 
   36     60.00000            0            0      0.00000 
   37     59.00000            0            0      0.00000 
   38     58.00000          105            0      0.00000 
   39     57.00000          205            0      0.00000 
   40     56.00000          320            0      0.00000 
   41     55.00000          451            8      0.03486 
   42     54.00000          560           17      0.05893 
   43     53.00000          662           48      0.13521 
   44     52.00000          720           85      0.21118 
   45     51.00000          792          114      0.25166 
   46     50.00000          866          147      0.29023 
   47     49.00000          958          175      0.30891 
   48     48.00000         1042          201      0.32341 
   49     47.00000         1100          223      0.33711 
   50     46.00000         1130          240      0.34745 
   51     45.00000         1203          283      0.36474 
   52     44.00000         1295          364      0.40024 
   53     43.00000         1408          470      0.44302 
   54     42.00000         1512          635      0.52445 
   55     41.00000         1639          850      0.60024 
   56     40.00000         1734         1003      0.63354 
   57     39.00000         1717         1074      0.65711 
   58     38.00000         1697         1172      0.68247 
   59     37.00000         1746         1338      0.73606 
   60     36.00000         1869         1492      0.76882 
   61     35.00000         2002         1686      0.79230 
   62     34.00000         2079         1828      0.81085 
   63     33.00000         2145         1963      0.81743 
   64     32.00000         2349         2355      0.81675 
   65     31.00000         2521         2570      0.83284 
   66     30.00000         2644         2747      0.85439 
   67     29.00000         2731         2863      0.87236 
   68     28.00000         2798         2964      0.88615 
   69     27.00000         2855         2995      0.90017 
   70     26.00000         2939         3022      0.90857 
   71     25.00000         3050         3077      0.91431 
   72     24.00000         3145         3119      0.91060 
   73     23.00000         3265         3203      0.90724 
   74     22.00000         3347         3243      0.90076 
   75     21.00000         3393         3252      0.89782 
   76     20.00000         3421         3241      0.89102 
   77     19.00000         3433         3214      0.88641 
   78     18.00000         3436         3203      0.88447 
   79     17.00000         3400         3163      0.88252 
   80     16.00000         3360         3114      0.87550 
   81     15.00000         3326         3069      0.86349 
   82     14.00000         3230         3029      0.85157 
   83     13.00000         3067         2998      0.82737 
   84     12.00000         2890         2967      0.81509 
   85     11.00000         2792         2930      0.82104 
   86     10.00000         2696         2872      0.83010 
   87      9.00000         2538         2739      0.84063 
   88      8.00000         2299         2521      0.84232 
   89      7.00000         2132         2218      0.86161 
   90      6.00000         2233         2180      0.83934 
   91      5.00000         2313         2161      0.83192 
   92      4.00000         2325         2066      0.82760 
   93      3.00000         2331         1983      0.82244 
   94      2.00000         2298         1894      0.81823 
   95      1.00000         2184         1762      0.81602 
   96      0.00000         2142         1675      0.81792 
   97     -1.00000         2169         1710      0.82341 
   98     -2.00000         2268         1809      0.83297 
   99     -3.00000         2366         1937      0.85150 
  100     -4.00000         2472         2063      0.86218 
  101     -5.00000         2540         2184      0.86833 
  102     -6.00000         2580         2276      0.87191 
  103     -7.00000         2638         2369      0.87438 
  104     -8.00000         2694         2510      0.86280 
  105     -9.00000         2729         2649      0.84009 
  106    -10.00000         2788         2747      0.82565 
  107    -11.00000         2804         2792      0.81558 
  108    -12.00000         2849         2867      0.81421 
  109    -13.00000         2889         2967      0.81694 
  110    -14.00000         2913         3058      0.82767 
  111    -15.00000         2950         3163      0.84181 
  112    -16.00000         2961         3233      0.85857 
  113    -17.00000         2988         3287      0.87044 
  114    -18.00000         2993         3355      0.88248 
  115    -19.00000         2957         3340      0.89312 
  116    -20.00000         2946         3358      0.90324 
  117    -21.00000         2908         3320      0.90302 
  118    -22.00000         2872         3297      0.90290 
  119    -23.00000         2811         3226      0.89945 
  120    -24.00000         2756         3145      0.89815 
  121    -25.00000         2688         3059      0.89856 
  122    -26.00000         2593         2922      0.89610 
  123    -27.00000         2501         2803      0.88688 
  124    -28.00000         2302         2633      0.87416 
  125    -29.00000         2234         2521      0.87823 
  126    -30.00000         2178         2425      0.88551 
  127    -31.00000         2074         2269      0.89754 
  128    -32.00000         1987         2121      0.91285 
  129    -33.00000         1945         1971      0.91828 
  130    -34.00000         1917         1859      0.90519 
  131    -35.00000         1882         1739      0.89257 
  132    -36.00000         1830         1619      0.87910 
  133    -37.00000         1780         1494      0.85278 
  134    -38.00000         1735         1408      0.83042 
  135    -39.00000         1650         1347      0.82349 
  136    -40.00000         1552         1273      0.81204 
  137    -41.00000         1391         1160      0.80204 
  138    -42.00000         1234         1024      0.79362 
  139    -43.00000         1159          955      0.79186 
  140    -44.00000         1123          910      0.79292 
  141    -45.00000         1062          848      0.79058 
  142    -46.00000          949          749      0.78916 
  143    -47.00000          848          661      0.80186 
  144    -48.00000          771          617      0.82997 
  145    -49.00000          709          575      0.85826 
  146    -50.00000          647          545      0.88591 
  147    -51.00000          579          508      0.93284 
  148    -52.00000          523          498      0.97551 
  149    -53.00000          498          498      1.00000 
  150    -54.00000          488          488      1.00000 
  151    -55.00000          474          474      1.00000 
  152    -56.00000          434          448      0.98413 
  153    -57.00000          377          398      0.97290 
  154    -58.00000          191          226      0.91607 
  155    -59.00000           26           39      0.80000 
  156    -60.00000            0            0      0.00000 
  157    -61.00000            0            0      0.00000 
  158    -62.00000            0            0      0.00000 
  159    -63.00000            0            0      0.00000 
  160    -64.00000            0            0      0.00000 
  161    -65.00000            0            0      0.00000 
  162    -66.00000            0            0      0.00000 
  163    -67.00000            0            0      0.00000 
  164    -68.00000            0            0      0.00000 
  165    -69.00000            0            0      0.00000 
  166    -70.00000            0            0      0.00000 
  167    -71.00000            0            0      0.00000 
  168    -72.00000            0            0      0.00000 
  169    -73.00000            0            0      0.00000 
  170    -74.00000            0            0      0.00000 
  171    -75.00000            0            0      0.00000 
  172    -76.00000            0            0      0.00000 
  173    -77.00000            0            0      0.00000 
  174    -78.00000            0            0      0.00000 
  175    -79.00000            0            0      0.00000 
  176    -80.00000            0            0      0.00000 
  177    -81.00000            0            0      0.00000 
  178    -82.00000            0            0      0.00000 
  179    -83.00000            0            0      0.00000 
  180    -84.00000            0            0      0.00000 
  181    -85.00000            0            0      0.00000 
  182    -86.00000            0            0      0.00000 
  183    -87.00000            0            0      0.00000 
  184    -88.00000            0            0      0.00000 
  185    -89.00000            0            0      0.00000 
  186    -90.00000            0            0      0.00000 
  187    -91.00000            0            0      0.00000 
  188    -92.00000            0            0      0.00000 
  189    -93.00000            0            0      0.00000 
  190    -94.00000            0            0      0.00000 
  191    -95.00000            0            0      0.00000 
  192    -96.00000            0            0      0.00000 
  193    -97.00000            0            0      0.00000 
  194    -98.00000            0            0      0.00000 
