# 3dSliceNDice -insetA 9m_1min_m2_binary+orig -insetB 9m_2min_m2_binary+orig -prefix 9m_1min_2min_m2
    0     96.00000            0            0      0.00000 
    1     95.00000            0            0      0.00000 
    2     94.00000            0            0      0.00000 
    3     93.00000            0            0      0.00000 
    4     92.00000            0            0      0.00000 
    5     91.00000            0            0      0.00000 
    6     90.00000            0            0      0.00000 
    7     89.00000            0            0      0.00000 
    8     88.00000            0            0      0.00000 
    9     87.00000            0            0      0.00000 
   10     86.00000            0            0      0.00000 
   11     85.00000            0            0      0.00000 
   12     84.00000            0            0      0.00000 
   13     83.00000            0            0      0.00000 
   14     82.00000            0            0      0.00000 
   15     81.00000            0            0      0.00000 
   16     80.00000            0            0      0.00000 
   17     79.00000            0            0      0.00000 
   18     78.00000            0            0      0.00000 
   19     77.00000            0            0      0.00000 
   20     76.00000            0            0      0.00000 
   21     75.00000            0            0      0.00000 
   22     74.00000            0            0      0.00000 
   23     73.00000            0            0      0.00000 
   24     72.00000            0            0      0.00000 
   25     71.00000            0            0      0.00000 
   26     70.00000            0            0      0.00000 
   27     69.00000            0            0      0.00000 
   28     68.00000            0            0      0.00000 
   29     67.00000            0            0      0.00000 
   30     66.00000            0            0      0.00000 
   31     65.00000            0            0      0.00000 
   32     64.00000            0            0      0.00000 
   33     63.00000            0            0      0.00000 
   34     62.00000            0            0      0.00000 
   35     61.00000            0            0      0.00000 
   36     60.00000            0            0      0.00000 
   37     59.00000            0            0      0.00000 
   38     58.00000            0            0      0.00000 
   39     57.00000            0            0      0.00000 
   40     56.00000            0            0      0.00000 
   41     55.00000            0            0      0.00000 
   42     54.00000            0            0      0.00000 
   43     53.00000            0            0      0.00000 
   44     52.00000            0            0      0.00000 
   45     51.00000            0            0      0.00000 
   46     50.00000            0            0      0.00000 
   47     49.00000            0            0      0.00000 
   48     48.00000            0            0      0.00000 
   49     47.00000            0            0      0.00000 
   50     46.00000            0            0      0.00000 
   51     45.00000            0            0      0.00000 
   52     44.00000            0            7      0.00000 
   53     43.00000            0           23      0.00000 
   54     42.00000           28           57      0.56471 
   55     41.00000           94          114      0.81731 
   56     40.00000          174          185      0.86908 
   57     39.00000          240          237      0.90147 
   58     38.00000          299          285      0.92123 
   59     37.00000          366          337      0.94168 
   60     36.00000          422          391      0.94957 
   61     35.00000          505          476      0.95413 
   62     34.00000          567          546      0.95957 
   63     33.00000          609          597      0.96517 
   64     32.00000          661          666      0.96760 
   65     31.00000          697          733      0.95944 
   66     30.00000          753          811      0.95396 
   67     29.00000          802          873      0.94567 
   68     28.00000          854          928      0.94276 
   69     27.00000          904          989      0.93714 
   70     26.00000          938         1026      0.93177 
   71     25.00000          980         1077      0.93145 
   72     24.00000         1016         1119      0.93677 
   73     23.00000         1038         1144      0.94042 
   74     22.00000         1135         1180      0.92441 
   75     21.00000         1255         1235      0.90201 
   76     20.00000         1373         1301      0.88856 
   77     19.00000         1468         1359      0.87726 
   78     18.00000         1537         1398      0.86610 
   79     17.00000         1611         1438      0.85930 
   80     16.00000         1660         1452      0.85797 
   81     15.00000         1746         1490      0.85909 
   82     14.00000         1803         1506      0.85766 
   83     13.00000         1864         1531      0.85714 
   84     12.00000         1904         1547      0.86178 
   85     11.00000         1896         1550      0.86709 
   86     10.00000         1902         1553      0.87352 
   87      9.00000         1896         1575      0.87756 
   88      8.00000         1916         1610      0.88202 
   89      7.00000         1932         1656      0.88852 
   90      6.00000         1902         1666      0.89406 
   91      5.00000         1877         1666      0.89811 
   92      4.00000         1825         1647      0.90380 
   93      3.00000         1779         1617      0.90518 
   94      2.00000         1710         1568      0.91031 
   95      1.00000         1640         1525      0.92070 
   96      0.00000         1605         1519      0.93278 
   97     -1.00000         1592         1516      0.93629 
   98     -2.00000         1629         1518      0.92660 
   99     -3.00000         1639         1516      0.92298 
  100     -4.00000         1655         1523      0.91945 
  101     -5.00000         1620         1495      0.92006 
  102     -6.00000         1572         1463      0.93180 
  103     -7.00000         1507         1432      0.95066 
  104     -8.00000         1460         1395      0.96252 
  105     -9.00000         1451         1371      0.96244 
  106    -10.00000         1444         1349      0.96312 
  107    -11.00000         1441         1335      0.96182 
  108    -12.00000         1445         1339      0.96193 
  109    -13.00000         1414         1316      0.96410 
  110    -14.00000         1379         1283      0.96394 
  111    -15.00000         1346         1260      0.96700 
  112    -16.00000         1302         1228      0.97075 
  113    -17.00000         1290         1218      0.97129 
  114    -18.00000         1274         1197      0.96884 
  115    -19.00000         1254         1172      0.96620 
  116    -20.00000         1226         1142      0.96453 
  117    -21.00000         1184         1102      0.96413 
  118    -22.00000         1157         1060      0.95625 
  119    -23.00000         1115         1035      0.96000 
  120    -24.00000         1075         1005      0.95962 
  121    -25.00000         1022          967      0.95827 
  122    -26.00000          947          905      0.95572 
  123    -27.00000          894          862      0.95900 
  124    -28.00000          872          919      0.91569 
  125    -29.00000          880          981      0.88662 
  126    -30.00000          876         1010      0.87381 
  127    -31.00000          848         1005      0.86131 
  128    -32.00000          829         1009      0.85854 
  129    -33.00000          821         1017      0.84766 
  130    -34.00000          801         1003      0.83925 
  131    -35.00000          781          992      0.82798 
  132    -36.00000          719          923      0.80755 
  133    -37.00000          679          873      0.78479 
  134    -38.00000          622          816      0.76773 
  135    -39.00000          558          749      0.74828 
  136    -40.00000          486          682      0.72603 
  137    -41.00000          422          600      0.71429 
  138    -42.00000          372          534      0.70861 
  139    -43.00000          325          499      0.76699 
  140    -44.00000          310          466      0.79381 
  141    -45.00000          300          446      0.80429 
  142    -46.00000          276          460      0.75000 
  143    -47.00000          256          492      0.68449 
  144    -48.00000          216          524      0.58378 
  145    -49.00000          180          538      0.50139 
  146    -50.00000          140          558      0.40115 
  147    -51.00000          180          558      0.48780 
  148    -52.00000          216          558      0.55814 
  149    -53.00000          256          546      0.63840 
  150    -54.00000          276          528      0.68657 
  151    -55.00000          296          504      0.74000 
  152    -56.00000          298          478      0.76804 
  153    -57.00000          282          427      0.79549 
  154    -58.00000          201          223      0.94811 
  155    -59.00000           38           39      0.98701 
  156    -60.00000            0            0      0.00000 
  157    -61.00000            0            0      0.00000 
  158    -62.00000            0            0      0.00000 
  159    -63.00000            0            0      0.00000 
  160    -64.00000            0            0      0.00000 
  161    -65.00000            0            0      0.00000 
  162    -66.00000            0            0      0.00000 
  163    -67.00000            0            0      0.00000 
  164    -68.00000            0            0      0.00000 
  165    -69.00000            0            0      0.00000 
  166    -70.00000            0            0      0.00000 
  167    -71.00000            0            0      0.00000 
  168    -72.00000            0            0      0.00000 
  169    -73.00000            0            0      0.00000 
  170    -74.00000            0            0      0.00000 
  171    -75.00000            0            0      0.00000 
  172    -76.00000            0            0      0.00000 
  173    -77.00000            0            0      0.00000 
  174    -78.00000            0            0      0.00000 
  175    -79.00000            0            0      0.00000 
  176    -80.00000            0            0      0.00000 
  177    -81.00000            0            0      0.00000 
  178    -82.00000            0            0      0.00000 
  179    -83.00000            0            0      0.00000 
  180    -84.00000            0            0      0.00000 
  181    -85.00000            0            0      0.00000 
  182    -86.00000            0            0      0.00000 
  183    -87.00000            0            0      0.00000 
  184    -88.00000            0            0      0.00000 
  185    -89.00000            0            0      0.00000 
  186    -90.00000            0            0      0.00000 
  187    -91.00000            0            0      0.00000 
  188    -92.00000            0            0      0.00000 
  189    -93.00000            0            0      0.00000 
  190    -94.00000            0            0      0.00000 
  191    -95.00000            0            0      0.00000 
  192    -96.00000            0            0      0.00000 
  193    -97.00000            0            0      0.00000 
  194    -98.00000            0            0      0.00000 
