# 3dSliceNDice -insetA 9m_1min_m1_binary+orig -insetB 9m_4min_m1_binary+orig -prefix 9m_1min_4min_m1
    0    134.00000            0            0      0.00000 
    1    133.00000            0            0      0.00000 
    2    132.00000            0            0      0.00000 
    3    131.00000            0            0      0.00000 
    4    130.00000            0            0      0.00000 
    5    129.00000            0            0      0.00000 
    6    128.00000            0            0      0.00000 
    7    127.00000            0            0      0.00000 
    8    126.00000            0            0      0.00000 
    9    125.00000            0            0      0.00000 
   10    124.00000            0            0      0.00000 
   11    123.00000            0            0      0.00000 
   12    122.00000            0            0      0.00000 
   13    121.00000            0            0      0.00000 
   14    120.00000            0            0      0.00000 
   15    119.00000            0            0      0.00000 
   16    118.00000            0            0      0.00000 
   17    117.00000            0            0      0.00000 
   18    116.00000            0            0      0.00000 
   19    115.00000            0            0      0.00000 
   20    114.00000            0            0      0.00000 
   21    113.00000            0            0      0.00000 
   22    112.00000            0            0      0.00000 
   23    111.00000            0            0      0.00000 
   24    110.00000            0            0      0.00000 
   25    109.00000            0            0      0.00000 
   26    108.00000            0            0      0.00000 
   27    107.00000            0            0      0.00000 
   28    106.00000            0            0      0.00000 
   29    105.00000            0            0      0.00000 
   30    104.00000            0            0      0.00000 
   31    103.00000            0            0      0.00000 
   32    102.00000            0            0      0.00000 
   33    101.00000            0            0      0.00000 
   34    100.00000            0            0      0.00000 
   35     99.00000            0            0      0.00000 
   36     98.00000            0            0      0.00000 
   37     97.00000            0            0      0.00000 
   38     96.00000            0            0      0.00000 
   39     95.00000            0            0      0.00000 
   40     94.00000            0            0      0.00000 
   41     93.00000            0            0      0.00000 
   42     92.00000            0            0      0.00000 
   43     91.00000            0            0      0.00000 
   44     90.00000            0            0      0.00000 
   45     89.00000            0            0      0.00000 
   46     88.00000            0            0      0.00000 
   47     87.00000            0            0      0.00000 
   48     86.00000            0            0      0.00000 
   49     85.00000            0            0      0.00000 
   50     84.00000           49           38      0.87356 
   51     83.00000          163          132      0.89492 
   52     82.00000          282          232      0.90272 
   53     81.00000          390          354      0.93817 
   54     80.00000          505          483      0.94939 
   55     79.00000          636          609      0.95904 
   56     78.00000          771          747      0.96838 
   57     77.00000          961          922      0.96867 
   58     76.00000         1207         1132      0.96109 
   59     75.00000         1478         1374      0.96143 
   60     74.00000         1753         1627      0.96213 
   61     73.00000         2038         1895      0.96313 
   62     72.00000         2406         2223      0.96047 
   63     71.00000         2685         2468      0.95789 
   64     70.00000         3001         2750      0.95636 
   65     69.00000         3207         2936      0.95588 
   66     68.00000         3396         3099      0.95427 
   67     67.00000         3570         3268      0.95525 
   68     66.00000         3714         3408      0.95675 
   69     65.00000         3840         3530      0.95658 
   70     64.00000         3933         3623      0.95341 
   71     63.00000         4018         3730      0.95534 
   72     62.00000         4020         3769      0.95596 
   73     61.00000         4064         3819      0.95421 
   74     60.00000         4081         3820      0.94925 
   75     59.00000         4014         3717      0.94140 
   76     58.00000         3890         3606      0.92556 
   77     57.00000         3686         3346      0.89590 
   78     56.00000         3660         3219      0.88181 
   79     55.00000         3614         3040      0.86414 
   80     54.00000         3448         2735      0.84037 
   81     53.00000         3286         2368      0.81288 
   82     52.00000         3028         1979      0.78890 
   83     51.00000         2864         1793      0.76702 
   84     50.00000         2636         1561      0.73767 
   85     49.00000         2270         1233      0.69312 
   86     48.00000         1781          804      0.61044 
   87     47.00000         1239          389      0.37961 
   88     46.00000         1219          380      0.38274 
   89     45.00000         1197          352      0.37185 
   90     44.00000         1101          305      0.36273 
   91     43.00000          950          230      0.34237 
   92     42.00000          848          175      0.34213 
   93     41.00000          932          191      0.34016 
   94     40.00000         1017          219      0.35437 
   95     39.00000         1078          232      0.35420 
   96     38.00000         1142          243      0.35090 
   97     37.00000         1180          252      0.35196 
   98     36.00000         1178          240      0.33850 
   99     35.00000         1191          252      0.34927 
  100     34.00000         1136          243      0.35243 
  101     33.00000         1069          234      0.35917 
  102     32.00000         1048          302      0.42370 
  103     31.00000         1091          363      0.48418 
  104     30.00000         1113          404      0.52736 
  105     29.00000         1071          425      0.56283 
  106     28.00000          983          439      0.61322 
  107     27.00000          852          454      0.68913 
  108     26.00000          793          445      0.71567 
  109     25.00000          738          449      0.74979 
  110     24.00000          620          417      0.79653 
  111     23.00000          465          379      0.88389 
  112     22.00000          430          348      0.87918 
  113     21.00000          526          348      0.78032 
  114     20.00000          596          344      0.71702 
  115     19.00000          638          334      0.68107 
  116     18.00000          667          326      0.65257 
  117     17.00000          683          303      0.61460 
  118     16.00000          664          275      0.58573 
  119     15.00000          674          254      0.54741 
  120     14.00000          649          222      0.50976 
  121     13.00000          639          209      0.49292 
  122     12.00000          616          185      0.46192 
  123     11.00000          586          160      0.42895 
  124     10.00000          553          134      0.39010 
  125      9.00000          476           88      0.31206 
  126      8.00000          399           32      0.14849 
  127      7.00000          318            0      0.00000 
  128      6.00000          281            0      0.00000 
  129      5.00000          233            0      0.00000 
  130      4.00000          172            0      0.00000 
  131      3.00000           88            0      0.00000 
  132      2.00000          120          200      0.42500 
  133      1.00000          254          388      0.57632 
  134      0.00000          346          524      0.62299 
  135     -1.00000          413          624      0.64417 
  136     -2.00000          469          696      0.65923 
  137     -3.00000          958         1231      0.79762 
  138     -4.00000         1314         1707      0.82886 
  139     -5.00000         1564         2070      0.83819 
  140     -6.00000         1737         2310      0.84211 
  141     -7.00000         1872         2482      0.84704 
  142     -8.00000         2312         2678      0.89379 
  143     -9.00000         2621         2810      0.91107 
  144    -10.00000         2860         2972      0.91564 
  145    -11.00000         3005         3059      0.91920 
  146    -12.00000         3120         3128      0.92254 
  147    -13.00000         3244         3207      0.92544 
  148    -14.00000         3287         3209      0.92826 
  149    -15.00000         3360         3236      0.92723 
  150    -16.00000         3375         3223      0.92301 
  151    -17.00000         3365         3196      0.91846 
  152    -18.00000         3332         3173      0.90822 
  153    -19.00000         3284         3155      0.89206 
  154    -20.00000         3303         3201      0.88192 
  155    -21.00000         3275         3191      0.87040 
  156    -22.00000         3259         3188      0.85869 
  157    -23.00000         3238         3172      0.85679 
  158    -24.00000         3212         3161      0.86364 
  159    -25.00000         3165         3148      0.86361 
  160    -26.00000         3034         3058      0.86179 
  161    -27.00000         2825         2983      0.85296 
  162    -28.00000         2492         2862      0.84423 
  163    -29.00000         2389         2830      0.85150 
  164    -30.00000         2297         2824      0.84788 
  165    -31.00000         2140         2741      0.84163 
  166    -32.00000         1945         2648      0.82430 
  167    -33.00000         1786         2538      0.81175 
  168    -34.00000         1742         2476      0.81176 
  169    -35.00000         1705         2406      0.81586 
  170    -36.00000         1615         2296      0.81360 
  171    -37.00000         1551         2223      0.81134 
  172    -38.00000         1480         2181      0.80197 
  173    -39.00000         1403         2085      0.79931 
  174    -40.00000         1349         2040      0.79551 
  175    -41.00000         1241         1955      0.77660 
  176    -42.00000         1154         1878      0.76121 
  177    -43.00000         1057         1805      0.73864 
  178    -44.00000         1000         1739      0.73019 
  179    -45.00000          962         1656      0.73491 
  180    -46.00000          893         1547      0.73197 
  181    -47.00000          820         1450      0.72247 
  182    -48.00000          734         1290      0.72530 
  183    -49.00000          669         1150      0.73557 
  184    -50.00000          604          982      0.76166 
  185    -51.00000          517          776      0.79969 
  186    -52.00000          452          578      0.87767 
  187    -53.00000          344          369      0.96494 
  188    -54.00000          278          309      0.94719 
  189    -55.00000          205          247      0.90708 
  190    -56.00000          121          176      0.81481 
  191    -57.00000           48          105      0.62745 
  192    -58.00000           12           47      0.40678 
  193    -59.00000            0           17      0.00000 
  194    -60.00000            0            0      0.00000 
  195    -61.00000            0            0      0.00000 
  196    -62.00000            0            0      0.00000 
  197    -63.00000            0            0      0.00000 
  198    -64.00000            0            0      0.00000 
  199    -65.00000            0            0      0.00000 
  200    -66.00000            0            0      0.00000 
  201    -67.00000            0            0      0.00000 
  202    -68.00000            0            0      0.00000 
  203    -69.00000            0            0      0.00000 
  204    -70.00000            0            0      0.00000 
  205    -71.00000            0            0      0.00000 
  206    -72.00000            0            0      0.00000 
  207    -73.00000            0            0      0.00000 
  208    -74.00000            0            0      0.00000 
  209    -75.00000            0            0      0.00000 
  210    -76.00000            0            0      0.00000 
  211    -77.00000            0            0      0.00000 
  212    -78.00000            0            0      0.00000 
  213    -79.00000            0            0      0.00000 
  214    -80.00000            0            0      0.00000 
  215    -81.00000            0            0      0.00000 
  216    -82.00000            0            0      0.00000 
  217    -83.00000            0            0      0.00000 
  218    -84.00000            0            0      0.00000 
  219    -85.00000            0            0      0.00000 
  220    -86.00000            0            0      0.00000 
  221    -87.00000            0            0      0.00000 
  222    -88.00000            0            0      0.00000 
  223    -89.00000            0            0      0.00000 
  224    -90.00000            0            0      0.00000 
  225    -91.00000            0            0      0.00000 
  226    -92.00000            0            0      0.00000 
  227    -93.00000            0            0      0.00000 
  228    -94.00000            0            0      0.00000 
  229    -95.00000            0            0      0.00000 
  230    -96.00000            0            0      0.00000 
  231    -97.00000            0            0      0.00000 
  232    -98.00000            0            0      0.00000 
