# 3dSliceNDice -insetA 9m_1min_m3_binary+orig -insetB 9m_4min_m3_binary+orig -prefix 9m_1min_4min_m3
    0     96.00000            0            0      0.00000 
    1     95.00000            0            0      0.00000 
    2     94.00000            0            0      0.00000 
    3     93.00000            0            0      0.00000 
    4     92.00000            0            0      0.00000 
    5     91.00000            0            0      0.00000 
    6     90.00000            0            0      0.00000 
    7     89.00000            0            0      0.00000 
    8     88.00000            0            0      0.00000 
    9     87.00000            0            0      0.00000 
   10     86.00000            0            0      0.00000 
   11     85.00000            0            0      0.00000 
   12     84.00000            0            0      0.00000 
   13     83.00000            0            0      0.00000 
   14     82.00000            0            0      0.00000 
   15     81.00000            0            0      0.00000 
   16     80.00000            0            0      0.00000 
   17     79.00000            0            0      0.00000 
   18     78.00000            0            0      0.00000 
   19     77.00000            0            0      0.00000 
   20     76.00000            0            0      0.00000 
   21     75.00000            0            0      0.00000 
   22     74.00000            0            0      0.00000 
   23     73.00000            0            0      0.00000 
   24     72.00000            0            0      0.00000 
   25     71.00000            0            0      0.00000 
   26     70.00000            0            0      0.00000 
   27     69.00000            0            0      0.00000 
   28     68.00000            0            0      0.00000 
   29     67.00000            0            0      0.00000 
   30     66.00000            0            0      0.00000 
   31     65.00000            0            0      0.00000 
   32     64.00000            0            0      0.00000 
   33     63.00000            0            0      0.00000 
   34     62.00000            0            0      0.00000 
   35     61.00000            0            0      0.00000 
   36     60.00000            0            0      0.00000 
   37     59.00000            0            0      0.00000 
   38     58.00000            0            0      0.00000 
   39     57.00000            0            0      0.00000 
   40     56.00000            0            0      0.00000 
   41     55.00000            0            0      0.00000 
   42     54.00000            0            0      0.00000 
   43     53.00000            0            0      0.00000 
   44     52.00000            0            0      0.00000 
   45     51.00000            0            0      0.00000 
   46     50.00000            0            0      0.00000 
   47     49.00000            0            0      0.00000 
   48     48.00000            0            0      0.00000 
   49     47.00000            0            0      0.00000 
   50     46.00000            0            0      0.00000 
   51     45.00000            0            0      0.00000 
   52     44.00000            0            0      0.00000 
   53     43.00000            0            0      0.00000 
   54     42.00000            0            0      0.00000 
   55     41.00000            0            0      0.00000 
   56     40.00000            0            0      0.00000 
   57     39.00000            0            0      0.00000 
   58     38.00000            0            0      0.00000 
   59     37.00000           32            0      0.00000 
   60     36.00000           88            0      0.00000 
   61     35.00000          140            0      0.00000 
   62     34.00000          180            0      0.00000 
   63     33.00000          216            0      0.00000 
   64     32.00000          383          200      0.52487 
   65     31.00000          548          393      0.66950 
   66     30.00000          679          539      0.72906 
   67     29.00000          776          648      0.75702 
   68     28.00000          852          735      0.77631 
   69     27.00000          980          946      0.79855 
   70     26.00000         1092         1155      0.80107 
   71     25.00000         1223         1349      0.81026 
   72     24.00000         1328         1491      0.81234 
   73     23.00000         1415         1591      0.81703 
   74     22.00000         1561         1759      0.83313 
   75     21.00000         1685         1896      0.86345 
   76     20.00000         1796         2034      0.88042 
   77     19.00000         1865         2113      0.89191 
   78     18.00000         1920         2163      0.90179 
   79     17.00000         2270         2430      0.90468 
   80     16.00000         2484         2629      0.91218 
   81     15.00000         2676         2825      0.91947 
   82     14.00000         2803         2963      0.92126 
   83     13.00000         2919         3091      0.92246 
   84     12.00000         3068         3247      0.92447 
   85     11.00000         3168         3338      0.92007 
   86     10.00000         3276         3441      0.92035 
   87      9.00000         3356         3510      0.92135 
   88      8.00000         3428         3582      0.91897 
   89      7.00000         3504         3659      0.91889 
   90      6.00000         3516         3657      0.91984 
   91      5.00000         3506         3658      0.91792 
   92      4.00000         3465         3641      0.91753 
   93      3.00000         3412         3620      0.91638 
   94      2.00000         3319         3548      0.91364 
   95      1.00000         3196         3431      0.91112 
   96      0.00000         3118         3370      0.90752 
   97     -1.00000         3079         3350      0.90434 
   98     -2.00000         3107         3396      0.90143 
   99     -3.00000         3060         3363      0.89647 
  100     -4.00000         3004         3304      0.88903 
  101     -5.00000         2910         3241      0.87888 
  102     -6.00000         2765         3144      0.86614 
  103     -7.00000         2556         3079      0.83727 
  104     -8.00000         2374         2995      0.80946 
  105     -9.00000         2370         2943      0.80971 
  106    -10.00000         2319         2843      0.80938 
  107    -11.00000         2238         2658      0.81127 
  108    -12.00000         2152         2425      0.82456 
  109    -13.00000         2021         2088      0.85860 
  110    -14.00000         2007         2053      0.85468 
  111    -15.00000         1992         2012      0.85215 
  112    -16.00000         1925         1922      0.84429 
  113    -17.00000         1847         1847      0.83757 
  114    -18.00000         1763         1777      0.82599 
  115    -19.00000         1709         1701      0.82287 
  116    -20.00000         1648         1619      0.82216 
  117    -21.00000         1529         1470      0.81227 
  118    -22.00000         1392         1288      0.77687 
  119    -23.00000         1167         1084      0.77299 
  120    -24.00000         1100          991      0.75466 
  121    -25.00000         1008          865      0.73038 
  122    -26.00000          893          725      0.69098 
  123    -27.00000          777          530      0.62739 
  124    -28.00000          694          443      0.62797 
  125    -29.00000          681          483      0.65808 
  126    -30.00000          661          513      0.70187 
  127    -31.00000          616          526      0.74606 
  128    -32.00000          530          530      0.81887 
  129    -33.00000          506          644      0.88000 
  130    -34.00000          588          731      0.89158 
  131    -35.00000          659          797      0.90522 
  132    -36.00000          704          832      0.91667 
  133    -37.00000          741          858      0.92683 
  134    -38.00000          781          975      0.88952 
  135    -39.00000          783         1063      0.84832 
  136    -40.00000          794         1137      0.82237 
  137    -41.00000          769         1154      0.78419 
  138    -42.00000          721         1143      0.74356 
  139    -43.00000          675         1137      0.69868 
  140    -44.00000          620         1095      0.66356 
  141    -45.00000          562         1066      0.61794 
  142    -46.00000          492          994      0.57470 
  143    -47.00000          408          930      0.52616 
  144    -48.00000          328          853      0.48095 
  145    -49.00000          244          776      0.43333 
  146    -50.00000          167          700      0.37832 
  147    -51.00000          116          620      0.31522 
  148    -52.00000           85          546      0.26941 
  149    -53.00000           54          444      0.21687 
  150    -54.00000           25          338      0.13774 
  151    -55.00000            2          246      0.01613 
  152    -56.00000            0          165      0.00000 
  153    -57.00000            0           70      0.00000 
  154    -58.00000            0           12      0.00000 
  155    -59.00000            0            0      0.00000 
  156    -60.00000            0            0      0.00000 
  157    -61.00000            0            0      0.00000 
  158    -62.00000            0            0      0.00000 
  159    -63.00000            0            0      0.00000 
  160    -64.00000            0            0      0.00000 
  161    -65.00000            0            0      0.00000 
  162    -66.00000            0            0      0.00000 
  163    -67.00000            0            0      0.00000 
  164    -68.00000            0            0      0.00000 
  165    -69.00000            0            0      0.00000 
  166    -70.00000            0            0      0.00000 
  167    -71.00000            0            0      0.00000 
  168    -72.00000            0            0      0.00000 
  169    -73.00000            0            0      0.00000 
  170    -74.00000            0            0      0.00000 
  171    -75.00000            0            0      0.00000 
  172    -76.00000            0            0      0.00000 
  173    -77.00000            0            0      0.00000 
  174    -78.00000            0            0      0.00000 
  175    -79.00000            0            0      0.00000 
  176    -80.00000            0            0      0.00000 
  177    -81.00000            0            0      0.00000 
  178    -82.00000            0            0      0.00000 
  179    -83.00000            0            0      0.00000 
  180    -84.00000            0            0      0.00000 
  181    -85.00000            0            0      0.00000 
  182    -86.00000            0            0      0.00000 
  183    -87.00000            0            0      0.00000 
  184    -88.00000            0            0      0.00000 
  185    -89.00000            0            0      0.00000 
  186    -90.00000            0            0      0.00000 
  187    -91.00000            0            0      0.00000 
  188    -92.00000            0            0      0.00000 
  189    -93.00000            0            0      0.00000 
  190    -94.00000            0            0      0.00000 
  191    -95.00000            0            0      0.00000 
  192    -96.00000            0            0      0.00000 
  193    -97.00000            0            0      0.00000 
  194    -98.00000            0            0      0.00000 
