# 3dSliceNDice -insetA 9m_1min_m5_binary+orig -insetB 9m_5min_m5_binary+orig -prefix 9m_1min_5min_m5
    0    -72.00000            0            0      0.00000 
    1    -71.00000            0            0      0.00000 
    2    -70.00000            0            0      0.00000 
    3    -69.00000            0            0      0.00000 
    4    -68.00000            0            0      0.00000 
    5    -67.00000            0            0      0.00000 
    6    -66.00000            0            0      0.00000 
    7    -65.00000            0            0      0.00000 
    8    -64.00000            0            0      0.00000 
    9    -63.00000            0            0      0.00000 
   10    -62.00000            0            0      0.00000 
   11    -61.00000            0            0      0.00000 
   12    -60.00000            0            0      0.00000 
   13    -59.00000            0            0      0.00000 
   14    -58.00000            0            0      0.00000 
   15    -57.00000            0            0      0.00000 
   16    -56.00000            0            0      0.00000 
   17    -55.00000            0            0      0.00000 
   18    -54.00000            0            0      0.00000 
   19    -53.00000            0            0      0.00000 
   20    -52.00000            0            0      0.00000 
   21    -51.00000            6            6      1.00000 
   22    -50.00000          137          137      1.00000 
   23    -49.00000          681          681      1.00000 
   24    -48.00000         1101         1101      1.00000 
   25    -47.00000         1342         1342      1.00000 
   26    -46.00000         1600         1598      0.99937 
   27    -45.00000         1862         1840      0.99406 
   28    -44.00000         2076         2042      0.99174 
   29    -43.00000         2295         2243      0.98854 
   30    -42.00000         2469         2412      0.98586 
   31    -41.00000         2591         2527      0.98320 
   32    -40.00000         2700         2631      0.98218 
   33    -39.00000         2786         2704      0.98179 
   34    -38.00000         2865         2771      0.97977 
   35    -37.00000         2923         2815      0.97700 
   36    -36.00000         2992         2875      0.97392 
   37    -35.00000         3046         2900      0.96805 
   38    -34.00000         3069         2894      0.95992 
   39    -33.00000         3093         2891      0.95722 
   40    -32.00000         3068         2867      0.95333 
   41    -31.00000         3023         2835      0.95288 
   42    -30.00000         2948         2771      0.95052 
   43    -29.00000         2843         2668      0.94429 
   44    -28.00000         2736         2588      0.93952 
   45    -27.00000         2644         2486      0.94347 
   46    -26.00000         2612         2495      0.94028 
   47    -25.00000         2522         2420      0.94253 
   48    -24.00000         2342         2262      0.94396 
   49    -23.00000         2049         2016      0.94071 
   50    -22.00000         1686         1743      0.91164 
   51    -21.00000         1596         1643      0.91077 
   52    -20.00000         1471         1506      0.90628 
   53    -19.00000         1290         1309      0.89650 
   54    -18.00000          980          979      0.85758 
   55    -17.00000          436          296      0.52186 
   56    -16.00000          382          254      0.48742 
   57    -15.00000          318          204      0.44061 
   58    -14.00000          232          138      0.34054 
   59    -13.00000          116           60      0.09091 
   60    -12.00000            0            0      0.00000 
   61    -11.00000            0            0      0.00000 
   62    -10.00000            0            0      0.00000 
   63     -9.00000            0            0      0.00000 
   64     -8.00000            0            0      0.00000 
   65     -7.00000            0            0      0.00000 
   66     -6.00000            0            0      0.00000 
   67     -5.00000            0            0      0.00000 
   68     -4.00000            0            0      0.00000 
   69     -3.00000            0            0      0.00000 
   70     -2.00000          144           60      0.35294 
   71     -1.00000          279          138      0.52758 
   72      0.00000          375          204      0.59413 
   73      1.00000          446          254      0.62571 
   74      2.00000          506          296      0.65087 
   75      3.00000          678          401      0.62836 
   76      4.00000          829          554      0.59436 
   77      5.00000          958          728      0.60973 
   78      6.00000         1046          865      0.62585 
   79      7.00000         1125          990      0.64113 
   80      8.00000         1237         1303      0.64882 
   81      9.00000         1333         1685      0.64877 
   82     10.00000         1443         2029      0.65035 
   83     11.00000         1504         2250      0.65104 
   84     12.00000         1560         2432      0.65381 
   85     13.00000         1760         2643      0.68135 
   86     14.00000         1965         2740      0.71073 
   87     15.00000         2135         2878      0.73449 
   88     16.00000         2232         2958      0.75029 
   89     17.00000         2306         3025      0.76496 
   90     18.00000         2365         3102      0.77520 
   91     19.00000         2394         3148      0.78203 
   92     20.00000         2439         3202      0.79206 
   93     21.00000         2437         3197      0.79020 
   94     22.00000         2459         3199      0.79039 
   95     23.00000         2444         3174      0.78960 
   96     24.00000         2386         3129      0.78368 
   97     25.00000         2341         3078      0.77948 
   98     26.00000         2218         2936      0.76251 
   99     27.00000         2111         2820      0.74914 
  100     28.00000         1965         2678      0.72625 
  101     29.00000         1834         2573      0.69889 
  102     30.00000         1675         2430      0.66894 
  103     31.00000         1475         2185      0.63552 
  104     32.00000         1263         1913      0.59005 
  105     33.00000         1084         1626      0.56015 
  106     34.00000         1004         1531      0.54517 
  107     35.00000          939         1435      0.52064 
  108     36.00000          838         1263      0.48358 
  109     37.00000          743         1025      0.39480 
  110     38.00000          596          754      0.14963 
  111     39.00000          501          725      0.12561 
  112     40.00000          392          701      0.09332 
  113     41.00000          266          665      0.04082 
  114     42.00000          120          620      0.00000 
  115     43.00000            0          574      0.00000 
  116     44.00000            0          531      0.00000 
  117     45.00000            0          494      0.00000 
  118     46.00000            0          437      0.00000 
  119     47.00000            0          387      0.00000 
  120     48.00000            0          342      0.00000 
  121     49.00000            0          297      0.00000 
  122     50.00000            0          234      0.00000 
  123     51.00000            0          154      0.00000 
  124     52.00000            0           87      0.00000 
  125     53.00000            0           29      0.00000 
  126     54.00000            0            3      0.00000 
  127     55.00000            0            0      0.00000 
  128     56.00000            0            0      0.00000 
  129     57.00000            0            0      0.00000 
  130     58.00000            0            0      0.00000 
  131     59.00000            0            0      0.00000 
  132     60.00000            0            0      0.00000 
  133     61.00000            0            0      0.00000 
  134     62.00000            0            0      0.00000 
  135     63.00000            0            0      0.00000 
  136     64.00000            0            0      0.00000 
  137     65.00000            0            0      0.00000 
  138     66.00000            0            0      0.00000 
  139     67.00000            0            0      0.00000 
  140     68.00000            0            0      0.00000 
  141     69.00000            0            0      0.00000 
  142     70.00000            0            0      0.00000 
  143     71.00000            0            0      0.00000 
  144     72.00000            0            0      0.00000 
  145     73.00000            0            0      0.00000 
  146     74.00000            0            0      0.00000 
  147     75.00000            0            0      0.00000 
  148     76.00000            0            0      0.00000 
  149     77.00000            0            0      0.00000 
  150     78.00000            0            0      0.00000 
  151     79.00000            0            0      0.00000 
  152     80.00000            0            0      0.00000 
  153     81.00000            0            0      0.00000 
  154     82.00000            0            0      0.00000 
  155     83.00000            0            0      0.00000 
  156     84.00000            0            0      0.00000 
  157     85.00000            0            0      0.00000 
  158     86.00000            0            0      0.00000 
