# 3dSliceNDice -insetA 9m_1min_m2_binary+orig -insetB 9m_3min_m2_binary+orig -prefix 9m_1min_3min_m2
    0    134.00000            0            0      0.00000 
    1    133.00000            0            0      0.00000 
    2    132.00000            0            0      0.00000 
    3    131.00000            0            0      0.00000 
    4    130.00000            0            0      0.00000 
    5    129.00000            0            0      0.00000 
    6    128.00000            0            0      0.00000 
    7    127.00000            0            0      0.00000 
    8    126.00000            0            0      0.00000 
    9    125.00000            0            0      0.00000 
   10    124.00000            0            0      0.00000 
   11    123.00000            0            0      0.00000 
   12    122.00000            0            0      0.00000 
   13    121.00000            0            0      0.00000 
   14    120.00000            0            0      0.00000 
   15    119.00000            0            0      0.00000 
   16    118.00000            0            0      0.00000 
   17    117.00000            0            0      0.00000 
   18    116.00000            0            0      0.00000 
   19    115.00000            0            0      0.00000 
   20    114.00000            0            0      0.00000 
   21    113.00000            0            0      0.00000 
   22    112.00000            0            0      0.00000 
   23    111.00000            0            0      0.00000 
   24    110.00000            0            0      0.00000 
   25    109.00000            0            0      0.00000 
   26    108.00000            0            0      0.00000 
   27    107.00000            0            0      0.00000 
   28    106.00000            0            0      0.00000 
   29    105.00000            0            0      0.00000 
   30    104.00000            0            0      0.00000 
   31    103.00000            0            0      0.00000 
   32    102.00000            0            0      0.00000 
   33    101.00000            0            0      0.00000 
   34    100.00000            0            0      0.00000 
   35     99.00000            0            0      0.00000 
   36     98.00000            0            0      0.00000 
   37     97.00000            0            0      0.00000 
   38     96.00000            0            0      0.00000 
   39     95.00000            0            0      0.00000 
   40     94.00000            0            0      0.00000 
   41     93.00000            0            0      0.00000 
   42     92.00000            0            0      0.00000 
   43     91.00000            0            0      0.00000 
   44     90.00000            0            0      0.00000 
   45     89.00000            0            0      0.00000 
   46     88.00000            0            0      0.00000 
   47     87.00000            0            0      0.00000 
   48     86.00000            0            0      0.00000 
   49     85.00000            0            0      0.00000 
   50     84.00000            7            0      0.00000 
   51     83.00000           51            0      0.00000 
   52     82.00000          112            0      0.00000 
   53     81.00000          197            0      0.00000 
   54     80.00000          283            0      0.00000 
   55     79.00000          370            0      0.00000 
   56     78.00000          461            0      0.00000 
   57     77.00000          526            0      0.00000 
   58     76.00000          543            0      0.00000 
   59     75.00000          556            0      0.00000 
   60     74.00000          542            0      0.00000 
   61     73.00000          529            0      0.00000 
   62     72.00000          487            0      0.00000 
   63     71.00000          446            0      0.00000 
   64     70.00000          400            0      0.00000 
   65     69.00000          338            0      0.00000 
   66     68.00000          278            0      0.00000 
   67     67.00000          216            0      0.00000 
   68     66.00000          195            0      0.00000 
   69     65.00000          174            0      0.00000 
   70     64.00000          144            0      0.00000 
   71     63.00000          117            0      0.00000 
   72     62.00000          197          151      0.68391 
   73     61.00000          362          345      0.72702 
   74     60.00000          506          506      0.72332 
   75     59.00000          638          644      0.72387 
   76     58.00000          730          752      0.72335 
   77     57.00000          883          949      0.75655 
   78     56.00000         1056         1134      0.78356 
   79     55.00000         1203         1288      0.79326 
   80     54.00000         1324         1407      0.80483 
   81     53.00000         1423         1509      0.81378 
   82     52.00000         1534         1613      0.82428 
   83     51.00000         1628         1728      0.84327 
   84     50.00000         1731         1841      0.85666 
   85     49.00000         1824         1930      0.87160 
   86     48.00000         1920         2017      0.88341 
   87     47.00000         2022         2139      0.91228 
   88     46.00000         2095         2224      0.93494 
   89     45.00000         2185         2303      0.95009 
   90     44.00000         2254         2336      0.96383 
   91     43.00000         2315         2351      0.97685 
   92     42.00000         2379         2397      0.98409 
   93     41.00000         2411         2441      0.98186 
   94     40.00000         2461         2508      0.97605 
   95     39.00000         2473         2535      0.97165 
   96     38.00000         2494         2563      0.96737 
   97     37.00000         2489         2603      0.95405 
   98     36.00000         2456         2621      0.94150 
   99     35.00000         2449         2663      0.93779 
  100     34.00000         2431         2678      0.93717 
  101     33.00000         2443         2707      0.93825 
  102     32.00000         2519         2865      0.92533 
  103     31.00000         2579         2951      0.92911 
  104     30.00000         2645         3019      0.93397 
  105     29.00000         2668         3028      0.93680 
  106     28.00000         2662         3010      0.93865 
  107     27.00000         2608         2944      0.93948 
  108     26.00000         2487         2822      0.93690 
  109     25.00000         2379         2710      0.93496 
  110     24.00000         2243         2574      0.93129 
  111     23.00000         2140         2470      0.92842 
  112     22.00000         2036         2368      0.92461 
  113     21.00000         1921         2251      0.92090 
  114     20.00000         1783         2112      0.91553 
  115     19.00000         1640         1985      0.90483 
  116     18.00000         1546         1901      0.89701 
  117     17.00000         1424         1807      0.88146 
  118     16.00000         1317         1724      0.86616 
  119     15.00000         1206         1643      0.84661 
  120     14.00000         1050         1515      0.81637 
  121     13.00000          883         1386      0.76950 
  122     12.00000          720         1209      0.74650 
  123     11.00000          646         1078      0.74942 
  124     10.00000          553          923      0.74932 
  125      9.00000          446          726      0.76109 
  126      8.00000          336          486      0.81752 
  127      7.00000          214          274      0.87705 
  128      6.00000          100          153      0.79051 
  129      5.00000           64           98      0.79012 
  130      4.00000           26           40      0.78788 
  131      3.00000            0            0      0.00000 
  132      2.00000            0           32      0.00000 
  133      1.00000            0           88      0.00000 
  134      0.00000            0          140      0.00000 
  135     -1.00000            0          178      0.00000 
  136     -2.00000            0          197      0.00000 
  137     -3.00000            0          229      0.00000 
  138     -4.00000            0          243      0.00000 
  139     -5.00000            0          263      0.00000 
  140     -6.00000            0          268      0.00000 
  141     -7.00000            0          267      0.00000 
  142     -8.00000            0          265      0.00000 
  143     -9.00000            0          249      0.00000 
  144    -10.00000            0          236      0.00000 
  145    -11.00000            0          224      0.00000 
  146    -12.00000            0          195      0.00000 
  147    -13.00000            0          178      0.00000 
  148    -14.00000            0          179      0.00000 
  149    -15.00000            0          177      0.00000 
  150    -16.00000            0          172      0.00000 
  151    -17.00000            0          155      0.00000 
  152    -18.00000            0          135      0.00000 
  153    -19.00000            0          106      0.00000 
  154    -20.00000            0           81      0.00000 
  155    -21.00000            0           53      0.00000 
  156    -22.00000            0           21      0.00000 
  157    -23.00000            0            0      0.00000 
  158    -24.00000            0            0      0.00000 
  159    -25.00000            0            0      0.00000 
  160    -26.00000            0            0      0.00000 
  161    -27.00000            0            0      0.00000 
  162    -28.00000            0            0      0.00000 
  163    -29.00000            0            0      0.00000 
  164    -30.00000            0            0      0.00000 
  165    -31.00000            0            0      0.00000 
  166    -32.00000            0            0      0.00000 
  167    -33.00000            0            0      0.00000 
  168    -34.00000            0            0      0.00000 
  169    -35.00000            0            0      0.00000 
  170    -36.00000            0            0      0.00000 
  171    -37.00000            0            0      0.00000 
  172    -38.00000            0            0      0.00000 
  173    -39.00000            0            0      0.00000 
  174    -40.00000            0            0      0.00000 
  175    -41.00000            0            0      0.00000 
  176    -42.00000            0            0      0.00000 
  177    -43.00000            0            0      0.00000 
  178    -44.00000            0            0      0.00000 
  179    -45.00000            0            0      0.00000 
  180    -46.00000            0            0      0.00000 
  181    -47.00000            0            0      0.00000 
  182    -48.00000            0            0      0.00000 
  183    -49.00000            0            0      0.00000 
  184    -50.00000            0            0      0.00000 
  185    -51.00000            0            0      0.00000 
  186    -52.00000            0            0      0.00000 
  187    -53.00000            0            0      0.00000 
  188    -54.00000            0            0      0.00000 
  189    -55.00000            0            0      0.00000 
  190    -56.00000            0            0      0.00000 
  191    -57.00000            0            0      0.00000 
  192    -58.00000            0            0      0.00000 
  193    -59.00000            0            0      0.00000 
  194    -60.00000            0            0      0.00000 
  195    -61.00000            0            0      0.00000 
  196    -62.00000            0            0      0.00000 
  197    -63.00000            0            0      0.00000 
  198    -64.00000            0            0      0.00000 
  199    -65.00000            0            0      0.00000 
  200    -66.00000            0            0      0.00000 
  201    -67.00000            0            0      0.00000 
  202    -68.00000            0            0      0.00000 
  203    -69.00000            0            0      0.00000 
  204    -70.00000            0            0      0.00000 
  205    -71.00000            0            0      0.00000 
  206    -72.00000            0            0      0.00000 
  207    -73.00000            0            0      0.00000 
  208    -74.00000            0            0      0.00000 
  209    -75.00000            0            0      0.00000 
  210    -76.00000            0            0      0.00000 
  211    -77.00000            0            0      0.00000 
  212    -78.00000            0            0      0.00000 
  213    -79.00000            0            0      0.00000 
  214    -80.00000            0            0      0.00000 
  215    -81.00000            0            0      0.00000 
  216    -82.00000            0            0      0.00000 
  217    -83.00000            0            0      0.00000 
  218    -84.00000            0            0      0.00000 
  219    -85.00000            0            0      0.00000 
  220    -86.00000            0            0      0.00000 
  221    -87.00000            0            0      0.00000 
  222    -88.00000            0            0      0.00000 
  223    -89.00000            0            0      0.00000 
  224    -90.00000            0            0      0.00000 
  225    -91.00000            0            0      0.00000 
  226    -92.00000            0            0      0.00000 
  227    -93.00000            0            0      0.00000 
  228    -94.00000            0            0      0.00000 
  229    -95.00000            0            0      0.00000 
  230    -96.00000            0            0      0.00000 
  231    -97.00000            0            0      0.00000 
  232    -98.00000            0            0      0.00000 
