# 3dSliceNDice -insetA 9m_1min_m3_binary+orig -insetB 9m_5min_m3_binary+orig -prefix 9m_1min_5min_m3
    0     96.00000            0            0      0.00000 
    1     95.00000            0            0      0.00000 
    2     94.00000            0            0      0.00000 
    3     93.00000            0            0      0.00000 
    4     92.00000            0            0      0.00000 
    5     91.00000            0            0      0.00000 
    6     90.00000            0            0      0.00000 
    7     89.00000            0            0      0.00000 
    8     88.00000            0            0      0.00000 
    9     87.00000            0            0      0.00000 
   10     86.00000            0            0      0.00000 
   11     85.00000            0            0      0.00000 
   12     84.00000            0            0      0.00000 
   13     83.00000            0            0      0.00000 
   14     82.00000            0            0      0.00000 
   15     81.00000            0            0      0.00000 
   16     80.00000            0            0      0.00000 
   17     79.00000            0            0      0.00000 
   18     78.00000            0            0      0.00000 
   19     77.00000            0            0      0.00000 
   20     76.00000            0            0      0.00000 
   21     75.00000            0            0      0.00000 
   22     74.00000            0            0      0.00000 
   23     73.00000            0            0      0.00000 
   24     72.00000            0            0      0.00000 
   25     71.00000            0            0      0.00000 
   26     70.00000            0            0      0.00000 
   27     69.00000            0            0      0.00000 
   28     68.00000            0            0      0.00000 
   29     67.00000            0            0      0.00000 
   30     66.00000            0            0      0.00000 
   31     65.00000            0            0      0.00000 
   32     64.00000            0            0      0.00000 
   33     63.00000            0            0      0.00000 
   34     62.00000            0            0      0.00000 
   35     61.00000            0            0      0.00000 
   36     60.00000            0            0      0.00000 
   37     59.00000            0            0      0.00000 
   38     58.00000            0            0      0.00000 
   39     57.00000            0            0      0.00000 
   40     56.00000            0            0      0.00000 
   41     55.00000            0            0      0.00000 
   42     54.00000            0            0      0.00000 
   43     53.00000            0            0      0.00000 
   44     52.00000            0            0      0.00000 
   45     51.00000            0            0      0.00000 
   46     50.00000            0            0      0.00000 
   47     49.00000            0            0      0.00000 
   48     48.00000            0            0      0.00000 
   49     47.00000            0            0      0.00000 
   50     46.00000            0            0      0.00000 
   51     45.00000            0            0      0.00000 
   52     44.00000            0            0      0.00000 
   53     43.00000            0            0      0.00000 
   54     42.00000            0            0      0.00000 
   55     41.00000            0            0      0.00000 
   56     40.00000            0            0      0.00000 
   57     39.00000            0            0      0.00000 
   58     38.00000            0            0      0.00000 
   59     37.00000           32           32      0.00000 
   60     36.00000           88           88      0.21591 
   61     35.00000          140          140      0.36429 
   62     34.00000          180          180      0.42778 
   63     33.00000          216          216      0.46759 
   64     32.00000          383          338      0.49376 
   65     31.00000          548          483      0.61688 
   66     30.00000          679          617      0.69907 
   67     29.00000          776          720      0.73930 
   68     28.00000          852          804      0.76208 
   69     27.00000          980         1024      0.78443 
   70     26.00000         1092         1181      0.82182 
   71     25.00000         1223         1336      0.85033 
   72     24.00000         1328         1444      0.86508 
   73     23.00000         1415         1527      0.87627 
   74     22.00000         1561         1677      0.89191 
   75     21.00000         1685         1801      0.90075 
   76     20.00000         1796         1919      0.90767 
   77     19.00000         1865         1998      0.90810 
   78     18.00000         1920         2059      0.90827 
   79     17.00000         2270         2322      0.90897 
   80     16.00000         2484         2562      0.92707 
   81     15.00000         2676         2754      0.93407 
   82     14.00000         2803         2882      0.93755 
   83     13.00000         2919         3001      0.94054 
   84     12.00000         3068         3112      0.93851 
   85     11.00000         3168         3168      0.92992 
   86     10.00000         3276         3246      0.92763 
   87      9.00000         3356         3302      0.92550 
   88      8.00000         3428         3368      0.92172 
   89      7.00000         3504         3437      0.91918 
   90      6.00000         3516         3445      0.91912 
   91      5.00000         3506         3456      0.91784 
   92      4.00000         3465         3427      0.92165 
   93      3.00000         3412         3390      0.92267 
   94      2.00000         3319         3306      0.92377 
   95      1.00000         3196         3187      0.92464 
   96      0.00000         3118         3112      0.92231 
   97     -1.00000         3079         3070      0.91690 
   98     -2.00000         3107         3096      0.91343 
   99     -3.00000         3060         3073      0.90983 
  100     -4.00000         3004         3033      0.90608 
  101     -5.00000         2910         2992      0.90139 
  102     -6.00000         2765         2888      0.89298 
  103     -7.00000         2556         2798      0.87710 
  104     -8.00000         2374         2757      0.86026 
  105     -9.00000         2370         2739      0.86044 
  106    -10.00000         2319         2674      0.86081 
  107    -11.00000         2238         2534      0.86253 
  108    -12.00000         2152         2354      0.87350 
  109    -13.00000         2021         2138      0.89829 
  110    -14.00000         2007         2087      0.89692 
  111    -15.00000         1992         2022      0.89437 
  112    -16.00000         1925         1909      0.88680 
  113    -17.00000         1847         1805      0.87349 
  114    -18.00000         1763         1719      0.86904 
  115    -19.00000         1709         1654      0.86768 
  116    -20.00000         1648         1568      0.86754 
  117    -21.00000         1529         1427      0.85792 
  118    -22.00000         1392         1243      0.82353 
  119    -23.00000         1167         1009      0.78125 
  120    -24.00000         1100          939      0.77685 
  121    -25.00000         1008          835      0.76180 
  122    -26.00000          893          704      0.73388 
  123    -27.00000          777          524      0.68870 
  124    -28.00000          694          422      0.63978 
  125    -29.00000          681          460      0.67134 
  126    -30.00000          661          491      0.71528 
  127    -31.00000          616          505      0.76004 
  128    -32.00000          530          518      0.82824 
  129    -33.00000          506          598      0.86594 
  130    -34.00000          588          712      0.82769 
  131    -35.00000          659          812      0.80897 
  132    -36.00000          704          868      0.80153 
  133    -37.00000          741          921      0.79543 
  134    -38.00000          781         1007      0.77293 
  135    -39.00000          783         1066      0.75608 
  136    -40.00000          794         1120      0.74608 
  137    -41.00000          769         1123      0.72516 
  138    -42.00000          721         1095      0.70485 
  139    -43.00000          675         1063      0.69045 
  140    -44.00000          620         1004      0.67857 
  141    -45.00000          562          956      0.66271 
  142    -46.00000          492          875      0.62473 
  143    -47.00000          408          810      0.57800 
  144    -48.00000          328          734      0.53484 
  145    -49.00000          244          652      0.49330 
  146    -50.00000          167          601      0.42708 
  147    -51.00000          116          541      0.35312 
  148    -52.00000           85          490      0.29565 
  149    -53.00000           54          389      0.24379 
  150    -54.00000           25          294      0.15674 
  151    -55.00000            2          191      0.02073 
  152    -56.00000            0          114      0.00000 
  153    -57.00000            0           41      0.00000 
  154    -58.00000            0            1      0.00000 
  155    -59.00000            0            0      0.00000 
  156    -60.00000            0            0      0.00000 
  157    -61.00000            0            0      0.00000 
  158    -62.00000            0            0      0.00000 
  159    -63.00000            0            0      0.00000 
  160    -64.00000            0            0      0.00000 
  161    -65.00000            0            0      0.00000 
  162    -66.00000            0            0      0.00000 
  163    -67.00000            0            0      0.00000 
  164    -68.00000            0            0      0.00000 
  165    -69.00000            0            0      0.00000 
  166    -70.00000            0            0      0.00000 
  167    -71.00000            0            0      0.00000 
  168    -72.00000            0            0      0.00000 
  169    -73.00000            0            0      0.00000 
  170    -74.00000            0            0      0.00000 
  171    -75.00000            0            0      0.00000 
  172    -76.00000            0            0      0.00000 
  173    -77.00000            0            0      0.00000 
  174    -78.00000            0            0      0.00000 
  175    -79.00000            0            0      0.00000 
  176    -80.00000            0            0      0.00000 
  177    -81.00000            0            0      0.00000 
  178    -82.00000            0            0      0.00000 
  179    -83.00000            0            0      0.00000 
  180    -84.00000            0            0      0.00000 
  181    -85.00000            0            0      0.00000 
  182    -86.00000            0            0      0.00000 
  183    -87.00000            0            0      0.00000 
  184    -88.00000            0            0      0.00000 
  185    -89.00000            0            0      0.00000 
  186    -90.00000            0            0      0.00000 
  187    -91.00000            0            0      0.00000 
  188    -92.00000            0            0      0.00000 
  189    -93.00000            0            0      0.00000 
  190    -94.00000            0            0      0.00000 
  191    -95.00000            0            0      0.00000 
  192    -96.00000            0            0      0.00000 
  193    -97.00000            0            0      0.00000 
  194    -98.00000            0            0      0.00000 
