# 3dSliceNDice -insetA 9m_1min_m4_binary+orig -insetB 9m_4min_m4_binary+orig -prefix 9m_1min_4min_m4
    0    -72.00000            0            0      0.00000 
    1    -71.00000            0            0      0.00000 
    2    -70.00000            0            0      0.00000 
    3    -69.00000            0            0      0.00000 
    4    -68.00000            0            0      0.00000 
    5    -67.00000            0            0      0.00000 
    6    -66.00000            0            0      0.00000 
    7    -65.00000            0            0      0.00000 
    8    -64.00000            0            0      0.00000 
    9    -63.00000            0            0      0.00000 
   10    -62.00000            0            0      0.00000 
   11    -61.00000            0            0      0.00000 
   12    -60.00000            0            0      0.00000 
   13    -59.00000            0            0      0.00000 
   14    -58.00000            0            0      0.00000 
   15    -57.00000            0            0      0.00000 
   16    -56.00000            0            0      0.00000 
   17    -55.00000            0            0      0.00000 
   18    -54.00000            0            0      0.00000 
   19    -53.00000            0            0      0.00000 
   20    -52.00000            0            0      0.00000 
   21    -51.00000            0            0      0.00000 
   22    -50.00000            0            0      0.00000 
   23    -49.00000            0            0      0.00000 
   24    -48.00000            0            0      0.00000 
   25    -47.00000            0            0      0.00000 
   26    -46.00000            0            0      0.00000 
   27    -45.00000            0            0      0.00000 
   28    -44.00000            0            0      0.00000 
   29    -43.00000            0            0      0.00000 
   30    -42.00000            0            0      0.00000 
   31    -41.00000            0            0      0.00000 
   32    -40.00000            0            0      0.00000 
   33    -39.00000            0            0      0.00000 
   34    -38.00000            0            0      0.00000 
   35    -37.00000            0            0      0.00000 
   36    -36.00000            0            0      0.00000 
   37    -35.00000            0            0      0.00000 
   38    -34.00000            0            0      0.00000 
   39    -33.00000            0            0      0.00000 
   40    -32.00000           57          330      0.29457 
   41    -31.00000          112          505      0.36305 
   42    -30.00000          158          612      0.41039 
   43    -29.00000          204          708      0.44737 
   44    -28.00000          252          797      0.48046 
   45    -27.00000          318          891      0.52605 
   46    -26.00000          372          954      0.55204 
   47    -25.00000          429         1040      0.55956 
   48    -24.00000          465         1086      0.55835 
   49    -23.00000          503         1128      0.56039 
   50    -22.00000          530         1169      0.54620 
   51    -21.00000          564         1226      0.54078 
   52    -20.00000          632         1345      0.54021 
   53    -19.00000          646         1412      0.51895 
   54    -18.00000          655         1469      0.49812 
   55    -17.00000          629         1491      0.45566 
   56    -16.00000          586         1487      0.41100 
   57    -15.00000          521         1467      0.34507 
   58    -14.00000          420         1375      0.25181 
   59    -13.00000          316         1293      0.11436 
   60    -12.00000          216         1198      0.00000 
   61    -11.00000          180         1136      0.00000 
   62    -10.00000          140         1052      0.00000 
   63     -9.00000           88          919      0.00000 
   64     -8.00000           32          722      0.00000 
   65     -7.00000            0          336      0.00000 
   66     -6.00000            0          368      0.00000 
   67     -5.00000            0          389      0.00000 
   68     -4.00000            0          381      0.00000 
   69     -3.00000            0          369      0.00000 
   70     -2.00000            0          370      0.00000 
   71     -1.00000            0          359      0.00000 
   72      0.00000            0          348      0.00000 
   73      1.00000            0          318      0.00000 
   74      2.00000            0          282      0.00000 
   75      3.00000            0          251      0.00000 
   76      4.00000            0          242      0.00000 
   77      5.00000            0          232      0.00000 
   78      6.00000            0          214      0.00000 
   79      7.00000            0          198      0.00000 
   80      8.00000            0          168      0.00000 
   81      9.00000            0          141      0.00000 
   82     10.00000            0          112      0.00000 
   83     11.00000            0           75      0.00000 
   84     12.00000            0           32      0.00000 
   85     13.00000          456           96      0.26087 
   86     14.00000          849          264      0.42408 
   87     15.00000         1103          410      0.50892 
   88     16.00000         1282          520      0.55161 
   89     17.00000         1421          618      0.58558 
   90     18.00000         1663         1108      0.76651 
   91     19.00000         1858         1417      0.83847 
   92     20.00000         2051         1638      0.86311 
   93     21.00000         2171         1792      0.88014 
   94     22.00000         2262         1913      0.89437 
   95     23.00000         2524         2117      0.89420 
   96     24.00000         2700         2271      0.89922 
   97     25.00000         2865         2437      0.90607 
   98     26.00000         2977         2542      0.90596 
   99     27.00000         3073         2632      0.90552 
  100     28.00000         3256         3025      0.91259 
  101     29.00000         3457         3354      0.92174 
  102     30.00000         3662         3629      0.92882 
  103     31.00000         3787         3802      0.93398 
  104     32.00000         3865         3927      0.93840 
  105     33.00000         4077         4090      0.96388 
  106     34.00000         4294         4227      0.97313 
  107     35.00000         4532         4456      0.97908 
  108     36.00000         4714         4620      0.97879 
  109     37.00000         4873         4765      0.97800 
  110     38.00000         5023         4909      0.97684 
  111     39.00000         5064         4956      0.97725 
  112     40.00000         5111         5021      0.97927 
  113     41.00000         5108         5019      0.98074 
  114     42.00000         5046         4973      0.98313 
  115     43.00000         4895         4871      0.98505 
  116     44.00000         4671         4701      0.98762 
  117     45.00000         4452         4515      0.98494 
  118     46.00000         4245         4334      0.98193 
  119     47.00000         4005         4111      0.97881 
  120     48.00000         3697         3821      0.97340 
  121     49.00000         3309         3444      0.96875 
  122     50.00000         2973         3114      0.96501 
  123     51.00000         2545         2680      0.96153 
  124     52.00000         2106         2228      0.96262 
  125     53.00000         1703         1788      0.96247 
  126     54.00000         1250         1294      0.96305 
  127     55.00000          940          955      0.97414 
  128     56.00000          643          659      0.98618 
  129     57.00000          405          415      0.98780 
  130     58.00000          125          125      1.00000 
  131     59.00000            0            0      0.00000 
  132     60.00000            0            0      0.00000 
  133     61.00000            0            0      0.00000 
  134     62.00000            0            0      0.00000 
  135     63.00000            0            0      0.00000 
  136     64.00000            0            0      0.00000 
  137     65.00000            0            0      0.00000 
  138     66.00000            0            0      0.00000 
  139     67.00000            0            0      0.00000 
  140     68.00000            0            0      0.00000 
  141     69.00000            0            0      0.00000 
  142     70.00000            0            0      0.00000 
  143     71.00000            0            0      0.00000 
  144     72.00000            0            0      0.00000 
  145     73.00000            0            0      0.00000 
  146     74.00000            0            0      0.00000 
  147     75.00000            0            0      0.00000 
  148     76.00000            0            0      0.00000 
  149     77.00000            0            0      0.00000 
  150     78.00000            0            0      0.00000 
  151     79.00000            0            0      0.00000 
  152     80.00000            0            0      0.00000 
  153     81.00000            0            0      0.00000 
  154     82.00000            0            0      0.00000 
  155     83.00000            0            0      0.00000 
  156     84.00000            0            0      0.00000 
  157     85.00000            0            0      0.00000 
  158     86.00000            0            0      0.00000 
