# 3dSliceNDice -insetA 9m_1min_m1_binary+orig -insetB 9m_5min_m1_binary+orig -prefix 9m_1min_5min_m1
    0    134.00000            0            0      0.00000 
    1    133.00000            0            0      0.00000 
    2    132.00000            0            0      0.00000 
    3    131.00000            0            0      0.00000 
    4    130.00000            0            0      0.00000 
    5    129.00000            0            0      0.00000 
    6    128.00000            0            0      0.00000 
    7    127.00000            0            0      0.00000 
    8    126.00000            0            0      0.00000 
    9    125.00000            0            0      0.00000 
   10    124.00000            0            0      0.00000 
   11    123.00000            0            0      0.00000 
   12    122.00000            0            0      0.00000 
   13    121.00000            0            0      0.00000 
   14    120.00000            0            0      0.00000 
   15    119.00000            0            0      0.00000 
   16    118.00000            0            0      0.00000 
   17    117.00000            0            0      0.00000 
   18    116.00000            0            0      0.00000 
   19    115.00000            0            0      0.00000 
   20    114.00000            0            0      0.00000 
   21    113.00000            0            0      0.00000 
   22    112.00000            0            0      0.00000 
   23    111.00000            0            0      0.00000 
   24    110.00000            0            0      0.00000 
   25    109.00000            0            0      0.00000 
   26    108.00000            0            0      0.00000 
   27    107.00000            0            0      0.00000 
   28    106.00000            0            0      0.00000 
   29    105.00000            0            0      0.00000 
   30    104.00000            0            0      0.00000 
   31    103.00000            0            0      0.00000 
   32    102.00000            0            0      0.00000 
   33    101.00000            0            0      0.00000 
   34    100.00000            0            0      0.00000 
   35     99.00000            0            0      0.00000 
   36     98.00000            0            0      0.00000 
   37     97.00000            0            0      0.00000 
   38     96.00000            0            0      0.00000 
   39     95.00000            0            0      0.00000 
   40     94.00000            0            0      0.00000 
   41     93.00000            0            0      0.00000 
   42     92.00000            0            0      0.00000 
   43     91.00000            0            0      0.00000 
   44     90.00000            0            0      0.00000 
   45     89.00000            0            0      0.00000 
   46     88.00000            0            0      0.00000 
   47     87.00000            0            0      0.00000 
   48     86.00000            0            0      0.00000 
   49     85.00000            0            0      0.00000 
   50     84.00000           49           36      0.84706 
   51     83.00000          163          119      0.84397 
   52     82.00000          282          205      0.84189 
   53     81.00000          390          314      0.87784 
   54     80.00000          505          440      0.90159 
   55     79.00000          636          560      0.91639 
   56     78.00000          771          684      0.92371 
   57     77.00000          961          861      0.93414 
   58     76.00000         1207         1044      0.92048 
   59     75.00000         1478         1300      0.93377 
   60     74.00000         1753         1572      0.94496 
   61     73.00000         2038         1853      0.95194 
   62     72.00000         2406         2204      0.95618 
   63     71.00000         2685         2472      0.95831 
   64     70.00000         3001         2776      0.96036 
   65     69.00000         3207         2983      0.96317 
   66     68.00000         3396         3164      0.96311 
   67     67.00000         3570         3342      0.96267 
   68     66.00000         3714         3502      0.96397 
   69     65.00000         3840         3640      0.96444 
   70     64.00000         3933         3740      0.96260 
   71     63.00000         4018         3850      0.96695 
   72     62.00000         4020         3892      0.96840 
   73     61.00000         4064         3942      0.96478 
   74     60.00000         4081         3949      0.96065 
   75     59.00000         4014         3858      0.95300 
   76     58.00000         3890         3762      0.93936 
   77     57.00000         3686         3565      0.90801 
   78     56.00000         3660         3447      0.89517 
   79     55.00000         3614         3289      0.88049 
   80     54.00000         3448         2973      0.85688 
   81     53.00000         3286         2605      0.83619 
   82     52.00000         3028         2201      0.81698 
   83     51.00000         2864         2025      0.80262 
   84     50.00000         2636         1795      0.78086 
   85     49.00000         2270         1461      0.74725 
   86     48.00000         1781          990      0.68062 
   87     47.00000         1239          415      0.50181 
   88     46.00000         1219          372      0.46763 
   89     45.00000         1197          317      0.41876 
   90     44.00000         1101          232      0.34809 
   91     43.00000          950          116      0.21764 
   92     42.00000          848           15      0.03476 
   93     41.00000          932           64      0.12851 
   94     40.00000         1017          115      0.20318 
   95     39.00000         1078          152      0.24715 
   96     38.00000         1142          181      0.27362 
   97     37.00000         1180          217      0.31067 
   98     36.00000         1178          221      0.31594 
   99     35.00000         1191          252      0.34927 
  100     34.00000         1136          261      0.37366 
  101     33.00000         1069          265      0.39730 
  102     32.00000         1048          308      0.45428 
  103     31.00000         1091          363      0.49931 
  104     30.00000         1113          413      0.54128 
  105     29.00000         1071          434      0.57674 
  106     28.00000          983          451      0.62901 
  107     27.00000          852          451      0.69225 
  108     26.00000          793          440      0.71371 
  109     25.00000          738          435      0.74169 
  110     24.00000          620          388      0.76984 
  111     23.00000          465          326      0.82427 
  112     22.00000          430          265      0.76259 
  113     21.00000          526          263      0.66667 
  114     20.00000          596          260      0.60748 
  115     19.00000          638          266      0.58850 
  116     18.00000          667          267      0.57173 
  117     17.00000          683          261      0.55297 
  118     16.00000          664          247      0.54226 
  119     15.00000          674          237      0.52031 
  120     14.00000          649          216      0.49942 
  121     13.00000          639          209      0.49292 
  122     12.00000          616          185      0.46192 
  123     11.00000          586          160      0.42895 
  124     10.00000          553          134      0.39010 
  125      9.00000          476           88      0.31206 
  126      8.00000          399           32      0.14849 
  127      7.00000          318            0      0.00000 
  128      6.00000          281            0      0.00000 
  129      5.00000          233            0      0.00000 
  130      4.00000          172            0      0.00000 
  131      3.00000           88            0      0.00000 
  132      2.00000          120          172      0.65753 
  133      1.00000          254          332      0.78157 
  134      0.00000          346          446      0.81061 
  135     -1.00000          413          530      0.82291 
  136     -2.00000          469          596      0.83380 
  137     -3.00000          958         1116      0.77242 
  138     -4.00000         1314         1571      0.77574 
  139     -5.00000         1564         1903      0.78512 
  140     -6.00000         1737         2135      0.78874 
  141     -7.00000         1872         2307      0.79206 
  142     -8.00000         2312         2572      0.85586 
  143     -9.00000         2621         2743      0.88740 
  144    -10.00000         2860         2928      0.89634 
  145    -11.00000         3005         3022      0.90393 
  146    -12.00000         3120         3084      0.91199 
  147    -13.00000         3244         3162      0.92164 
  148    -14.00000         3287         3181      0.92641 
  149    -15.00000         3360         3226      0.92621 
  150    -16.00000         3375         3227      0.92063 
  151    -17.00000         3365         3212      0.91592 
  152    -18.00000         3332         3160      0.90912 
  153    -19.00000         3284         3090      0.90179 
  154    -20.00000         3303         3046      0.90093 
  155    -21.00000         3275         2986      0.89794 
  156    -22.00000         3259         2960      0.89371 
  157    -23.00000         3238         2966      0.88556 
  158    -24.00000         3212         2997      0.87969 
  159    -25.00000         3165         3000      0.87397 
  160    -26.00000         3034         2931      0.86505 
  161    -27.00000         2825         2850      0.85181 
  162    -28.00000         2492         2778      0.84288 
  163    -29.00000         2389         2764      0.85271 
  164    -30.00000         2297         2758      0.85500 
  165    -31.00000         2140         2663      0.84822 
  166    -32.00000         1945         2504      0.83210 
  167    -33.00000         1786         2387      0.81955 
  168    -34.00000         1742         2373      0.81847 
  169    -35.00000         1705         2361      0.82095 
  170    -36.00000         1615         2288      0.80758 
  171    -37.00000         1551         2252      0.79884 
  172    -38.00000         1480         2207      0.78329 
  173    -39.00000         1403         2108      0.77699 
  174    -40.00000         1349         2044      0.76982 
  175    -41.00000         1241         1936      0.75732 
  176    -42.00000         1154         1839      0.74240 
  177    -43.00000         1057         1754      0.72643 
  178    -44.00000         1000         1678      0.72143 
  179    -45.00000          962         1589      0.73618 
  180    -46.00000          893         1479      0.73440 
  181    -47.00000          820         1384      0.73321 
  182    -48.00000          734         1237      0.74480 
  183    -49.00000          669         1108      0.75295 
  184    -50.00000          604          959      0.77287 
  185    -51.00000          517          765      0.80655 
  186    -52.00000          452          585      0.87175 
  187    -53.00000          344          403      0.92102 
  188    -54.00000          278          341      0.89822 
  189    -55.00000          205          274      0.85595 
  190    -56.00000          121          195      0.76582 
  191    -57.00000           48          118      0.57831 
  192    -58.00000           12           48      0.40000 
  193    -59.00000            0           17      0.00000 
  194    -60.00000            0            0      0.00000 
  195    -61.00000            0            0      0.00000 
  196    -62.00000            0            0      0.00000 
  197    -63.00000            0            0      0.00000 
  198    -64.00000            0            0      0.00000 
  199    -65.00000            0            0      0.00000 
  200    -66.00000            0            0      0.00000 
  201    -67.00000            0            0      0.00000 
  202    -68.00000            0            0      0.00000 
  203    -69.00000            0            0      0.00000 
  204    -70.00000            0            0      0.00000 
  205    -71.00000            0            0      0.00000 
  206    -72.00000            0            0      0.00000 
  207    -73.00000            0            0      0.00000 
  208    -74.00000            0            0      0.00000 
  209    -75.00000            0            0      0.00000 
  210    -76.00000            0            0      0.00000 
  211    -77.00000            0            0      0.00000 
  212    -78.00000            0            0      0.00000 
  213    -79.00000            0            0      0.00000 
  214    -80.00000            0            0      0.00000 
  215    -81.00000            0            0      0.00000 
  216    -82.00000            0            0      0.00000 
  217    -83.00000            0            0      0.00000 
  218    -84.00000            0            0      0.00000 
  219    -85.00000            0            0      0.00000 
  220    -86.00000            0            0      0.00000 
  221    -87.00000            0            0      0.00000 
  222    -88.00000            0            0      0.00000 
  223    -89.00000            0            0      0.00000 
  224    -90.00000            0            0      0.00000 
  225    -91.00000            0            0      0.00000 
  226    -92.00000            0            0      0.00000 
  227    -93.00000            0            0      0.00000 
  228    -94.00000            0            0      0.00000 
  229    -95.00000            0            0      0.00000 
  230    -96.00000            0            0      0.00000 
  231    -97.00000            0            0      0.00000 
  232    -98.00000            0            0      0.00000 
