# 3dSliceNDice -insetA 9m_1min_m3_binary+orig -insetB 9m_2min_m3_binary+orig -prefix 9m_1min_2min_m3
    0    -72.00000            0            0      0.00000 
    1    -71.00000            0            0      0.00000 
    2    -70.00000            0            0      0.00000 
    3    -69.00000            0            0      0.00000 
    4    -68.00000            0            0      0.00000 
    5    -67.00000            0            0      0.00000 
    6    -66.00000            0            0      0.00000 
    7    -65.00000            0            0      0.00000 
    8    -64.00000            0            0      0.00000 
    9    -63.00000            0            0      0.00000 
   10    -62.00000            0            0      0.00000 
   11    -61.00000            0            0      0.00000 
   12    -60.00000            0            0      0.00000 
   13    -59.00000            0            0      0.00000 
   14    -58.00000            0            0      0.00000 
   15    -57.00000            0            0      0.00000 
   16    -56.00000            0            0      0.00000 
   17    -55.00000            0            0      0.00000 
   18    -54.00000            0            0      0.00000 
   19    -53.00000            0            0      0.00000 
   20    -52.00000            0            0      0.00000 
   21    -51.00000            6            6      1.00000 
   22    -50.00000          137          137      1.00000 
   23    -49.00000          681          649      0.97594 
   24    -48.00000         1094          973      0.94146 
   25    -47.00000         1292         1098      0.91632 
   26    -46.00000         1485         1220      0.89908 
   27    -45.00000         1636         1327      0.89571 
   28    -44.00000         1686         1363      0.89406 
   29    -43.00000         1744         1422      0.89829 
   30    -42.00000         1767         1456      0.90289 
   31    -41.00000         1768         1472      0.90556 
   32    -40.00000         1775         1504      0.91125 
   33    -39.00000         1778         1503      0.91070 
   34    -38.00000         1778         1477      0.90323 
   35    -37.00000         1788         1470      0.89994 
   36    -36.00000         1814         1487      0.89852 
   37    -35.00000         1851         1508      0.89789 
   38    -34.00000         1874         1529      0.89862 
   39    -33.00000         1881         1540      0.90032 
   40    -32.00000         1862         1540      0.89888 
   41    -31.00000         1822         1533      0.90075 
   42    -30.00000         1772         1540      0.89915 
   43    -29.00000         1691         1533      0.89516 
   44    -28.00000         1653         1558      0.90128 
   45    -27.00000         1636         1735      0.87986 
   46    -26.00000         1646         1888      0.86022 
   47    -25.00000         1642         2012      0.84729 
   48    -24.00000         1599         2072      0.82866 
   49    -23.00000         1575         2118      0.80856 
   50    -22.00000         1686         2197      0.83080 
   51    -21.00000         1840         2262      0.86933 
   52    -20.00000         1943         2346      0.88272 
   53    -19.00000         2014         2412      0.89155 
   54    -18.00000         2086         2462      0.90237 
   55    -17.00000         2160         2539      0.91041 
   56    -16.00000         2241         2610      0.92063 
   57    -15.00000         2371         2733      0.92359 
   58    -14.00000         2447         2831      0.91701 
   59    -13.00000         2496         2905      0.91094 
   60    -12.00000         2538         2933      0.90989 
   61    -11.00000         2548         2928      0.90942 
   62    -10.00000         2577         2941      0.90975 
   63     -9.00000         2554         2897      0.91176 
   64     -8.00000         2549         2879      0.91452 
   65     -7.00000         2496         2820      0.91385 
   66     -6.00000         2434         2747      0.91295 
   67     -5.00000         2374         2679      0.91312 
   68     -4.00000         2273         2555      0.91591 
   69     -3.00000         2176         2450      0.91224 
   70     -2.00000         2048         2314      0.91151 
   71     -1.00000         1954         2186      0.91498 
   72      0.00000         1847         2034      0.92296 
   73      1.00000         1696         1848      0.93059 
   74      2.00000         1545         1667      0.94334 
   75      3.00000         1401         1536      0.93701 
   76      4.00000         1299         1428      0.93436 
   77      5.00000         1170         1295      0.92901 
   78      6.00000          992         1111      0.91964 
   79      7.00000          700          812      0.89418 
   80      8.00000           32          216      0.00000 
   81      9.00000           88          180      0.00000 
   82     10.00000          140          140      0.00000 
   83     11.00000          180           88      0.00000 
   84     12.00000          216           32      0.00000 
   85     13.00000          310          176      0.58848 
   86     14.00000          420          370      0.75949 
   87     15.00000          522          522      0.81801 
   88     16.00000          590          632      0.84943 
   89     17.00000          645          719      0.86804 
   90     18.00000          730          810      0.87403 
   91     19.00000          833          860      0.87773 
   92     20.00000          942          941      0.89432 
   93     21.00000         1026          982      0.90239 
   94     22.00000         1096         1022      0.90840 
   95     23.00000         1254         1104      0.89228 
   96     24.00000         1374         1173      0.89831 
   97     25.00000         1466         1232      0.91105 
   98     26.00000         1479         1267      0.90823 
   99     27.00000         1489         1294      0.90478 
  100     28.00000         1545         1434      0.88553 
  101     29.00000         1561         1481      0.87837 
  102     30.00000         1570         1535      0.87472 
  103     31.00000         1566         1559      0.87488 
  104     32.00000         1584         1589      0.88371 
  105     33.00000         1587         1627      0.88301 
  106     34.00000         1526         1618      0.86959 
  107     35.00000         1496         1634      0.86645 
  108     36.00000         1441         1612      0.86341 
  109     37.00000         1396         1602      0.85257 
  110     38.00000         1314         1556      0.84321 
  111     39.00000         1212         1470      0.83147 
  112     40.00000         1100         1365      0.82191 
  113     41.00000          976         1257      0.80251 
  114     42.00000          867         1184      0.80351 
  115     43.00000          771         1091      0.79699 
  116     44.00000          670          951      0.78223 
  117     45.00000          581          817      0.77396 
  118     46.00000          464          661      0.75911 
  119     47.00000          328          481      0.70952 
  120     48.00000          182          284      0.63090 
  121     49.00000          103          141      0.55738 
  122     50.00000           71           71      0.54930 
  123     51.00000           27           16      0.32558 
  124     52.00000            3            0      0.00000 
  125     53.00000            0            0      0.00000 
  126     54.00000            0            0      0.00000 
  127     55.00000            0            0      0.00000 
  128     56.00000            0            0      0.00000 
  129     57.00000            0            0      0.00000 
  130     58.00000            0            0      0.00000 
  131     59.00000            0            0      0.00000 
  132     60.00000            0            0      0.00000 
  133     61.00000            0            0      0.00000 
  134     62.00000            0            0      0.00000 
  135     63.00000            0            0      0.00000 
  136     64.00000            0            0      0.00000 
  137     65.00000            0            0      0.00000 
  138     66.00000            0            0      0.00000 
  139     67.00000            0            0      0.00000 
  140     68.00000            0            0      0.00000 
  141     69.00000            0            0      0.00000 
  142     70.00000            0            0      0.00000 
  143     71.00000            0            0      0.00000 
  144     72.00000            0            0      0.00000 
  145     73.00000            0            0      0.00000 
  146     74.00000            0            0      0.00000 
  147     75.00000            0            0      0.00000 
  148     76.00000            0            0      0.00000 
  149     77.00000            0            0      0.00000 
  150     78.00000            0            0      0.00000 
  151     79.00000            0            0      0.00000 
  152     80.00000            0            0      0.00000 
  153     81.00000            0            0      0.00000 
  154     82.00000            0            0      0.00000 
  155     83.00000            0            0      0.00000 
  156     84.00000            0            0      0.00000 
  157     85.00000            0            0      0.00000 
  158     86.00000            0            0      0.00000 
