# 3dSliceNDice -insetA 9m_1min_m4_binary+orig -insetB 9m_5min_m4_binary+orig -prefix 9m_1min_5min_m4
    0    -72.00000            0            0      0.00000 
    1    -71.00000            0            0      0.00000 
    2    -70.00000            0            0      0.00000 
    3    -69.00000            0            0      0.00000 
    4    -68.00000            0            0      0.00000 
    5    -67.00000            0            0      0.00000 
    6    -66.00000            0            0      0.00000 
    7    -65.00000            0            0      0.00000 
    8    -64.00000            0            0      0.00000 
    9    -63.00000            0            0      0.00000 
   10    -62.00000            0            0      0.00000 
   11    -61.00000            0            0      0.00000 
   12    -60.00000            0            0      0.00000 
   13    -59.00000            0            0      0.00000 
   14    -58.00000            0            0      0.00000 
   15    -57.00000            0            0      0.00000 
   16    -56.00000            0            0      0.00000 
   17    -55.00000            0            0      0.00000 
   18    -54.00000            0            0      0.00000 
   19    -53.00000            0            0      0.00000 
   20    -52.00000            0            0      0.00000 
   21    -51.00000            0            0      0.00000 
   22    -50.00000            0            0      0.00000 
   23    -49.00000            0            0      0.00000 
   24    -48.00000            0            0      0.00000 
   25    -47.00000            0            0      0.00000 
   26    -46.00000            0            0      0.00000 
   27    -45.00000            0            0      0.00000 
   28    -44.00000            0            0      0.00000 
   29    -43.00000            0            0      0.00000 
   30    -42.00000            0            0      0.00000 
   31    -41.00000            0            0      0.00000 
   32    -40.00000            0            0      0.00000 
   33    -39.00000            0            0      0.00000 
   34    -38.00000            0            0      0.00000 
   35    -37.00000            0            0      0.00000 
   36    -36.00000            0            0      0.00000 
   37    -35.00000            0            0      0.00000 
   38    -34.00000            0            0      0.00000 
   39    -33.00000            0            0      0.00000 
   40    -32.00000           57          326      0.29765 
   41    -31.00000          112          494      0.36964 
   42    -30.00000          158          602      0.41316 
   43    -29.00000          204          694      0.43653 
   44    -28.00000          252          764      0.44488 
   45    -27.00000          318          852      0.48034 
   46    -26.00000          372          946      0.50683 
   47    -25.00000          429         1055      0.52291 
   48    -24.00000          465         1125      0.52704 
   49    -23.00000          503         1195      0.53239 
   50    -22.00000          530         1275      0.52521 
   51    -21.00000          564         1344      0.51677 
   52    -20.00000          632         1476      0.50380 
   53    -19.00000          646         1572      0.48332 
   54    -18.00000          655         1657      0.46540 
   55    -17.00000          629         1728      0.43275 
   56    -16.00000          586         1762      0.39864 
   57    -15.00000          521         1794      0.35335 
   58    -14.00000          420         1751      0.29848 
   59    -13.00000          316         1720      0.22200 
   60    -12.00000          216         1599      0.14986 
   61    -11.00000          180         1484      0.12740 
   62    -10.00000          140         1335      0.10305 
   63     -9.00000           88         1125      0.06265 
   64     -8.00000           32          812      0.00948 
   65     -7.00000            0          205      0.00000 
   66     -6.00000            0          201      0.00000 
   67     -5.00000            0          198      0.00000 
   68     -4.00000            0          202      0.00000 
   69     -3.00000            0          207      0.00000 
   70     -2.00000            0          207      0.00000 
   71     -1.00000            0          201      0.00000 
   72      0.00000            0          194      0.00000 
   73      1.00000            0          180      0.00000 
   74      2.00000            0          168      0.00000 
   75      3.00000            0          146      0.00000 
   76      4.00000            0          121      0.00000 
   77      5.00000            0           94      0.00000 
   78      6.00000            0           62      0.00000 
   79      7.00000            0           24      0.00000 
   80      8.00000            0            0      0.00000 
   81      9.00000            0            0      0.00000 
   82     10.00000            0            0      0.00000 
   83     11.00000            0            0      0.00000 
   84     12.00000            0            0      0.00000 
   85     13.00000          456           92      0.24818 
   86     14.00000          849          226      0.37395 
   87     15.00000         1103          344      0.44091 
   88     16.00000         1282          434      0.47669 
   89     17.00000         1421          512      0.50388 
   90     18.00000         1663          852      0.62823 
   91     19.00000         1858         1148      0.68862 
   92     20.00000         2051         1388      0.72637 
   93     21.00000         2171         1563      0.75522 
   94     22.00000         2262         1691      0.77207 
   95     23.00000         2524         1909      0.80487 
   96     24.00000         2700         2133      0.81316 
   97     25.00000         2865         2391      0.82230 
   98     26.00000         2977         2574      0.82688 
   99     27.00000         3073         2726      0.82945 
  100     28.00000         3256         3091      0.85458 
  101     29.00000         3457         3399      0.87806 
  102     30.00000         3662         3693      0.89572 
  103     31.00000         3787         3891      0.90961 
  104     32.00000         3865         4058      0.92263 
  105     33.00000         4077         4275      0.94468 
  106     34.00000         4294         4444      0.95651 
  107     35.00000         4532         4683      0.96517 
  108     36.00000         4714         4846      0.96653 
  109     37.00000         4873         4979      0.96793 
  110     38.00000         5023         5104      0.96969 
  111     39.00000         5064         5122      0.97153 
  112     40.00000         5111         5137      0.97639 
  113     41.00000         5108         5087      0.97695 
  114     42.00000         5046         5016      0.97754 
  115     43.00000         4895         4883      0.97893 
  116     44.00000         4671         4688      0.98258 
  117     45.00000         4452         4494      0.98659 
  118     46.00000         4245         4300      0.98795 
  119     47.00000         4005         4059      0.98884 
  120     48.00000         3697         3742      0.98696 
  121     49.00000         3309         3337      0.98495 
  122     50.00000         2973         2991      0.98156 
  123     51.00000         2545         2541      0.98191 
  124     52.00000         2106         2100      0.98193 
  125     53.00000         1703         1680      0.98138 
  126     54.00000         1250         1213      0.97848 
  127     55.00000          940          903      0.97992 
  128     56.00000          643          622      0.98340 
  129     57.00000          405          403      0.99752 
  130     58.00000          125          125      1.00000 
  131     59.00000            0            0      0.00000 
  132     60.00000            0            0      0.00000 
  133     61.00000            0            0      0.00000 
  134     62.00000            0            0      0.00000 
  135     63.00000            0            0      0.00000 
  136     64.00000            0            0      0.00000 
  137     65.00000            0            0      0.00000 
  138     66.00000            0            0      0.00000 
  139     67.00000            0            0      0.00000 
  140     68.00000            0            0      0.00000 
  141     69.00000            0            0      0.00000 
  142     70.00000            0            0      0.00000 
  143     71.00000            0            0      0.00000 
  144     72.00000            0            0      0.00000 
  145     73.00000            0            0      0.00000 
  146     74.00000            0            0      0.00000 
  147     75.00000            0            0      0.00000 
  148     76.00000            0            0      0.00000 
  149     77.00000            0            0      0.00000 
  150     78.00000            0            0      0.00000 
  151     79.00000            0            0      0.00000 
  152     80.00000            0            0      0.00000 
  153     81.00000            0            0      0.00000 
  154     82.00000            0            0      0.00000 
  155     83.00000            0            0      0.00000 
  156     84.00000            0            0      0.00000 
  157     85.00000            0            0      0.00000 
  158     86.00000            0            0      0.00000 
