# 3dSliceNDice -insetA 9m_1min_m1_binary+orig -insetB 9m_2min_m1_binary+orig -prefix 9m_1min_2min_m1
    0    134.00000            0            0      0.00000 
    1    133.00000            0            0      0.00000 
    2    132.00000            0            0      0.00000 
    3    131.00000            0            0      0.00000 
    4    130.00000            0            0      0.00000 
    5    129.00000            0            0      0.00000 
    6    128.00000            0            0      0.00000 
    7    127.00000            0            0      0.00000 
    8    126.00000            0            0      0.00000 
    9    125.00000            0            0      0.00000 
   10    124.00000            0            0      0.00000 
   11    123.00000            0            0      0.00000 
   12    122.00000            0            0      0.00000 
   13    121.00000            0            0      0.00000 
   14    120.00000            0            0      0.00000 
   15    119.00000            0            0      0.00000 
   16    118.00000            0            0      0.00000 
   17    117.00000            0            0      0.00000 
   18    116.00000            0            0      0.00000 
   19    115.00000            0            0      0.00000 
   20    114.00000            0            0      0.00000 
   21    113.00000            0            0      0.00000 
   22    112.00000            0            0      0.00000 
   23    111.00000            0            0      0.00000 
   24    110.00000            0            0      0.00000 
   25    109.00000            0            0      0.00000 
   26    108.00000            0            0      0.00000 
   27    107.00000            0            0      0.00000 
   28    106.00000            0            0      0.00000 
   29    105.00000            0            0      0.00000 
   30    104.00000            0            0      0.00000 
   31    103.00000            0            0      0.00000 
   32    102.00000            0            0      0.00000 
   33    101.00000            0            0      0.00000 
   34    100.00000            0            0      0.00000 
   35     99.00000            0            0      0.00000 
   36     98.00000            0            0      0.00000 
   37     97.00000            0            0      0.00000 
   38     96.00000            0            0      0.00000 
   39     95.00000            0            0      0.00000 
   40     94.00000            0            0      0.00000 
   41     93.00000            0            0      0.00000 
   42     92.00000            0            0      0.00000 
   43     91.00000            0            0      0.00000 
   44     90.00000            0            0      0.00000 
   45     89.00000            0            0      0.00000 
   46     88.00000            0            0      0.00000 
   47     87.00000            0            0      0.00000 
   48     86.00000            0            0      0.00000 
   49     85.00000            0            0      0.00000 
   50     84.00000           49           38      0.87356 
   51     83.00000          163          132      0.89492 
   52     82.00000          282          235      0.90522 
   53     81.00000          390          374      0.92670 
   54     80.00000          505          520      0.92098 
   55     79.00000          636          661      0.93601 
   56     78.00000          771          810      0.94497 
   57     77.00000          961         1002      0.95568 
   58     76.00000         1207         1221      0.96293 
   59     75.00000         1478         1491      0.97541 
   60     74.00000         1753         1751      0.97945 
   61     73.00000         2038         2021      0.98300 
   62     72.00000         2406         2364      0.98532 
   63     71.00000         2685         2624      0.98437 
   64     70.00000         3001         2921      0.98345 
   65     69.00000         3207         3110      0.97958 
   66     68.00000         3396         3266      0.97268 
   67     67.00000         3570         3422      0.96596 
   68     66.00000         3714         3548      0.96227 
   69     65.00000         3840         3647      0.95739 
   70     64.00000         3933         3715      0.95136 
   71     63.00000         4018         3804      0.95372 
   72     62.00000         4020         3827      0.95400 
   73     61.00000         4064         3860      0.94952 
   74     60.00000         4081         3856      0.94444 
   75     59.00000         4014         3784      0.93819 
   76     58.00000         3890         3722      0.92853 
   77     57.00000         3686         3578      0.91079 
   78     56.00000         3660         3521      0.90210 
   79     55.00000         3614         3435      0.89233 
   80     54.00000         3448         3237      0.88317 
   81     53.00000         3286         3016      0.86830 
   82     52.00000         3028         2756      0.86342 
   83     51.00000         2864         2575      0.85714 
   84     50.00000         2636         2323      0.84654 
   85     49.00000         2270         1951      0.82966 
   86     48.00000         1781         1443      0.77481 
   87     47.00000         1239          931      0.65530 
   88     46.00000         1219          960      0.69573 
   89     45.00000         1197          967      0.72921 
   90     44.00000         1101          914      0.76427 
   91     43.00000          950          806      0.82232 
   92     42.00000          848          772      0.95309 
   93     41.00000          932          873      0.96731 
   94     40.00000         1017          979      0.98096 
   95     39.00000         1078         1037      0.98061 
   96     38.00000         1142         1102      0.98217 
   97     37.00000         1180         1140      0.98276 
   98     36.00000         1178         1131      0.97964 
   99     35.00000         1191         1138      0.97724 
  100     34.00000         1136         1081      0.97519 
  101     33.00000         1069         1007      0.97013 
  102     32.00000         1048         1002      0.96195 
  103     31.00000         1091         1037      0.96429 
  104     30.00000         1113         1047      0.96574 
  105     29.00000         1071          999      0.96135 
  106     28.00000          983          930      0.96916 
  107     27.00000          852          856      0.99766 
  108     26.00000          793          795      0.99874 
  109     25.00000          738          742      0.99730 
  110     24.00000          620          624      0.99678 
  111     23.00000          465          471      0.99359 
  112     22.00000          430          348      0.87918 
  113     21.00000          526          348      0.78032 
  114     20.00000          596          344      0.71702 
  115     19.00000          638          334      0.68107 
  116     18.00000          667          326      0.65257 
  117     17.00000          683          303      0.61460 
  118     16.00000          664          275      0.58573 
  119     15.00000          674          254      0.54741 
  120     14.00000          649          222      0.50976 
  121     13.00000          639          209      0.49292 
  122     12.00000          616          185      0.46192 
  123     11.00000          586          160      0.42895 
  124     10.00000          553          134      0.39010 
  125      9.00000          476           88      0.31206 
  126      8.00000          399           32      0.14849 
  127      7.00000          318            0      0.00000 
  128      6.00000          281            0      0.00000 
  129      5.00000          233            0      0.00000 
  130      4.00000          172            0      0.00000 
  131      3.00000           88            0      0.00000 
  132      2.00000          120          144      0.72727 
  133      1.00000          254          282      0.85448 
  134      0.00000          346          382      0.88187 
  135     -1.00000          413          456      0.89298 
  136     -2.00000          469          516      0.90152 
  137     -3.00000          958         1071      0.91966 
  138     -4.00000         1314         1473      0.92429 
  139     -5.00000         1564         1740      0.92736 
  140     -6.00000         1737         1917      0.92939 
  141     -7.00000         1872         2043      0.93231 
  142     -8.00000         2312         2438      0.91747 
  143     -9.00000         2621         2645      0.91796 
  144    -10.00000         2860         2830      0.92091 
  145    -11.00000         3005         2927      0.92313 
  146    -12.00000         3120         2999      0.92564 
  147    -13.00000         3244         3079      0.92867 
  148    -14.00000         3287         3074      0.93130 
  149    -15.00000         3360         3101      0.92927 
  150    -16.00000         3375         3104      0.92391 
  151    -17.00000         3365         3089      0.91850 
  152    -18.00000         3332         3077      0.91808 
  153    -19.00000         3284         3056      0.91703 
  154    -20.00000         3303         3092      0.91947 
  155    -21.00000         3275         3076      0.91797 
  156    -22.00000         3259         3067      0.91653 
  157    -23.00000         3238         3018      0.91081 
  158    -24.00000         3212         2957      0.90063 
  159    -25.00000         3165         2902      0.89171 
  160    -26.00000         3034         2790      0.88084 
  161    -27.00000         2825         2684      0.86186 
  162    -28.00000         2492         2492      0.83026 
  163    -29.00000         2389         2408      0.82927 
  164    -30.00000         2297         2319      0.82322 
  165    -31.00000         2140         2145      0.81634 
  166    -32.00000         1945         1902      0.80478 
  167    -33.00000         1786         1635      0.81614 
  168    -34.00000         1742         1590      0.80432 
  169    -35.00000         1705         1513      0.79988 
  170    -36.00000         1615         1414      0.79828 
  171    -37.00000         1551         1342      0.79848 
  172    -38.00000         1480         1289      0.80101 
  173    -39.00000         1403         1231      0.81017 
  174    -40.00000         1349         1201      0.82588 
  175    -41.00000         1241         1144      0.84696 
  176    -42.00000         1154         1095      0.86349 
  177    -43.00000         1057         1054      0.87541 
  178    -44.00000         1000         1026      0.89536 
  179    -45.00000          962          989      0.92465 
  180    -46.00000          893          934      0.93158 
  181    -47.00000          820          877      0.93105 
  182    -48.00000          734          793      0.92600 
  183    -49.00000          669          712      0.93411 
  184    -50.00000          604          619      0.94685 
  185    -51.00000          517          512      0.96599 
  186    -52.00000          452          432      0.97738 
  187    -53.00000          344          329      0.97771 
  188    -54.00000          278          266      0.97794 
  189    -55.00000          205          197      0.98010 
  190    -56.00000          121          116      0.97890 
  191    -57.00000           48           48      1.00000 
  192    -58.00000           12           12      1.00000 
  193    -59.00000            0            0      0.00000 
  194    -60.00000            0            0      0.00000 
  195    -61.00000            0            0      0.00000 
  196    -62.00000            0            0      0.00000 
  197    -63.00000            0            0      0.00000 
  198    -64.00000            0            0      0.00000 
  199    -65.00000            0            0      0.00000 
  200    -66.00000            0            0      0.00000 
  201    -67.00000            0            0      0.00000 
  202    -68.00000            0            0      0.00000 
  203    -69.00000            0            0      0.00000 
  204    -70.00000            0            0      0.00000 
  205    -71.00000            0            0      0.00000 
  206    -72.00000            0            0      0.00000 
  207    -73.00000            0            0      0.00000 
  208    -74.00000            0            0      0.00000 
  209    -75.00000            0            0      0.00000 
  210    -76.00000            0            0      0.00000 
  211    -77.00000            0            0      0.00000 
  212    -78.00000            0            0      0.00000 
  213    -79.00000            0            0      0.00000 
  214    -80.00000            0            0      0.00000 
  215    -81.00000            0            0      0.00000 
  216    -82.00000            0            0      0.00000 
  217    -83.00000            0            0      0.00000 
  218    -84.00000            0            0      0.00000 
  219    -85.00000            0            0      0.00000 
  220    -86.00000            0            0      0.00000 
  221    -87.00000            0            0      0.00000 
  222    -88.00000            0            0      0.00000 
  223    -89.00000            0            0      0.00000 
  224    -90.00000            0            0      0.00000 
  225    -91.00000            0            0      0.00000 
  226    -92.00000            0            0      0.00000 
  227    -93.00000            0            0      0.00000 
  228    -94.00000            0            0      0.00000 
  229    -95.00000            0            0      0.00000 
  230    -96.00000            0            0      0.00000 
  231    -97.00000            0            0      0.00000 
  232    -98.00000            0            0      0.00000 
