# 3dSliceNDice -insetA 9m_1min_m5_binary+orig -insetB 9m_3min_m5_binary+orig -prefix 9m_1min_3min_m5
    0    134.00000            0            0      0.00000 
    1    133.00000            0            0      0.00000 
    2    132.00000            0            0      0.00000 
    3    131.00000            0            0      0.00000 
    4    130.00000            0            0      0.00000 
    5    129.00000            0            0      0.00000 
    6    128.00000            0            0      0.00000 
    7    127.00000            0            0      0.00000 
    8    126.00000            0            0      0.00000 
    9    125.00000            0            0      0.00000 
   10    124.00000            0            0      0.00000 
   11    123.00000            0            0      0.00000 
   12    122.00000            0            0      0.00000 
   13    121.00000            0            0      0.00000 
   14    120.00000            0            0      0.00000 
   15    119.00000            0            0      0.00000 
   16    118.00000            0            0      0.00000 
   17    117.00000            0            0      0.00000 
   18    116.00000            0            0      0.00000 
   19    115.00000            0            0      0.00000 
   20    114.00000            0            0      0.00000 
   21    113.00000            0            0      0.00000 
   22    112.00000            0            0      0.00000 
   23    111.00000            0            0      0.00000 
   24    110.00000            0            0      0.00000 
   25    109.00000            0            0      0.00000 
   26    108.00000            0            0      0.00000 
   27    107.00000            0            0      0.00000 
   28    106.00000            0            0      0.00000 
   29    105.00000            0            0      0.00000 
   30    104.00000            0            0      0.00000 
   31    103.00000            0            0      0.00000 
   32    102.00000            0            0      0.00000 
   33    101.00000            0            0      0.00000 
   34    100.00000            0            0      0.00000 
   35     99.00000            0            0      0.00000 
   36     98.00000            0            0      0.00000 
   37     97.00000            0            0      0.00000 
   38     96.00000            0            0      0.00000 
   39     95.00000            0            0      0.00000 
   40     94.00000            0            0      0.00000 
   41     93.00000            0            0      0.00000 
   42     92.00000            0            0      0.00000 
   43     91.00000            0            0      0.00000 
   44     90.00000            0            0      0.00000 
   45     89.00000            0            0      0.00000 
   46     88.00000            0            0      0.00000 
   47     87.00000            0            0      0.00000 
   48     86.00000            0            0      0.00000 
   49     85.00000            0            0      0.00000 
   50     84.00000            0            0      0.00000 
   51     83.00000            0            0      0.00000 
   52     82.00000            0            0      0.00000 
   53     81.00000            0            0      0.00000 
   54     80.00000            0            0      0.00000 
   55     79.00000            0            0      0.00000 
   56     78.00000            0            0      0.00000 
   57     77.00000            0            0      0.00000 
   58     76.00000            0            0      0.00000 
   59     75.00000           38            0      0.00000 
   60     74.00000          105            0      0.00000 
   61     73.00000          166            0      0.00000 
   62     72.00000          238           32      0.23704 
   63     71.00000          288           83      0.44744 
   64     70.00000          354          143      0.57545 
   65     69.00000          390          192      0.65979 
   66     68.00000          423          230      0.70444 
   67     67.00000          580          326      0.71965 
   68     66.00000          720          414      0.73016 
   69     65.00000          833          505      0.75486 
   70     64.00000          937          580      0.76467 
   71     63.00000         1018          649      0.77864 
   72     62.00000         1309          831      0.77664 
   73     61.00000         1528         1017      0.79921 
   74     60.00000         1727         1192      0.81672 
   75     59.00000         1865         1331      0.83292 
   76     58.00000         1968         1441      0.84541 
   77     57.00000         2055         1581      0.86964 
   78     56.00000         2140         1708      0.88773 
   79     55.00000         2231         1850      0.90664 
   80     54.00000         2302         1959      0.91950 
   81     53.00000         2383         2045      0.92367 
   82     52.00000         2459         2156      0.92481 
   83     51.00000         2513         2279      0.92654 
   84     50.00000         2567         2426      0.93491 
   85     49.00000         2629         2563      0.93760 
   86     48.00000         2709         2700      0.93733 
   87     47.00000         2781         2854      0.93771 
   88     46.00000         2815         2937      0.92733 
   89     45.00000         2898         3057      0.91620 
   90     44.00000         2927         3100      0.90559 
   91     43.00000         2968         3149      0.89456 
   92     42.00000         2995         3176      0.88154 
   93     41.00000         2988         3173      0.87453 
   94     40.00000         3004         3216      0.87010 
   95     39.00000         2975         3196      0.87117 
   96     38.00000         2964         3212      0.87144 
   97     37.00000         2917         3188      0.87305 
   98     36.00000         2842         3103      0.87199 
   99     35.00000         2780         3046      0.87024 
  100     34.00000         2698         2942      0.86418 
  101     33.00000         2647         2853      0.85527 
  102     32.00000         2573         2960      0.84258 
  103     31.00000         2468         3083      0.81499 
  104     30.00000         2359         3122      0.79693 
  105     29.00000         2212         3129      0.77663 
  106     28.00000         2010         3111      0.74595 
  107     27.00000         1950         3105      0.74026 
  108     26.00000         2001         3059      0.75889 
  109     25.00000         2012         3023      0.77021 
  110     24.00000         1970         2897      0.78364 
  111     23.00000         1952         2753      0.80553 
  112     22.00000         1945         2647      0.82753 
  113     21.00000         1897         2561      0.83625 
  114     20.00000         1838         2475      0.84442 
  115     19.00000         1766         2376      0.84935 
  116     18.00000         1735         2333      0.85152 
  117     17.00000         1704         2294      0.85243 
  118     16.00000         1668         2264      0.84842 
  119     15.00000         1673         2257      0.85140 
  120     14.00000         1663         2215      0.85044 
  121     13.00000         1643         2189      0.84656 
  122     12.00000         1604         2140      0.84241 
  123     11.00000         1538         2062      0.83833 
  124     10.00000         1464         1990      0.83324 
  125      9.00000         1332         1850      0.82275 
  126      8.00000         1223         1695      0.82659 
  127      7.00000         1090         1517      0.82547 
  128      6.00000         1014         1379      0.83911 
  129      5.00000          959         1323      0.83173 
  130      4.00000          855         1217      0.81178 
  131      3.00000          766         1143      0.78156 
  132      2.00000          647         1045      0.71631 
  133      1.00000          584          954      0.68401 
  134      0.00000          513          848      0.62748 
  135     -1.00000          416          696      0.53058 
  136     -2.00000          303          523      0.30024 
  137     -3.00000          219          372      0.00000 
  138     -4.00000          222          320      0.00000 
  139     -5.00000          228          260      0.00000 
  140     -6.00000          221          176      0.00000 
  141     -7.00000          210           64      0.00000 
  142     -8.00000          194            0      0.00000 
  143     -9.00000          176            0      0.00000 
  144    -10.00000          160            0      0.00000 
  145    -11.00000          131            0      0.00000 
  146    -12.00000          105            0      0.00000 
  147    -13.00000           72            0      0.00000 
  148    -14.00000           52            0      0.00000 
  149    -15.00000           40            0      0.00000 
  150    -16.00000           23            0      0.00000 
  151    -17.00000            4            0      0.00000 
  152    -18.00000            0            0      0.00000 
  153    -19.00000            0            0      0.00000 
  154    -20.00000            0            0      0.00000 
  155    -21.00000            0            0      0.00000 
  156    -22.00000            0            0      0.00000 
  157    -23.00000            0            0      0.00000 
  158    -24.00000            0            0      0.00000 
  159    -25.00000            0            0      0.00000 
  160    -26.00000            0            0      0.00000 
  161    -27.00000            0            0      0.00000 
  162    -28.00000            0            0      0.00000 
  163    -29.00000            0            0      0.00000 
  164    -30.00000            0            0      0.00000 
  165    -31.00000            0            0      0.00000 
  166    -32.00000            0            0      0.00000 
  167    -33.00000            0            0      0.00000 
  168    -34.00000            0            0      0.00000 
  169    -35.00000            0            0      0.00000 
  170    -36.00000            0            0      0.00000 
  171    -37.00000            0            0      0.00000 
  172    -38.00000            0            0      0.00000 
  173    -39.00000            0            0      0.00000 
  174    -40.00000            0            0      0.00000 
  175    -41.00000            0            0      0.00000 
  176    -42.00000            0            0      0.00000 
  177    -43.00000            0            0      0.00000 
  178    -44.00000            0            0      0.00000 
  179    -45.00000            0            0      0.00000 
  180    -46.00000            0            0      0.00000 
  181    -47.00000            0            0      0.00000 
  182    -48.00000            0            0      0.00000 
  183    -49.00000            0            0      0.00000 
  184    -50.00000            0            0      0.00000 
  185    -51.00000            0            0      0.00000 
  186    -52.00000            0            0      0.00000 
  187    -53.00000            0            0      0.00000 
  188    -54.00000            0            0      0.00000 
  189    -55.00000            0            0      0.00000 
  190    -56.00000            0            0      0.00000 
  191    -57.00000            0            0      0.00000 
  192    -58.00000            0            0      0.00000 
  193    -59.00000            0            0      0.00000 
  194    -60.00000            0            0      0.00000 
  195    -61.00000            0            0      0.00000 
  196    -62.00000            0            0      0.00000 
  197    -63.00000            0            0      0.00000 
  198    -64.00000            0            0      0.00000 
  199    -65.00000            0            0      0.00000 
  200    -66.00000            0            0      0.00000 
  201    -67.00000            0            0      0.00000 
  202    -68.00000            0            0      0.00000 
  203    -69.00000            0            0      0.00000 
  204    -70.00000            0            0      0.00000 
  205    -71.00000            0            0      0.00000 
  206    -72.00000            0            0      0.00000 
  207    -73.00000            0            0      0.00000 
  208    -74.00000            0            0      0.00000 
  209    -75.00000            0            0      0.00000 
  210    -76.00000            0            0      0.00000 
  211    -77.00000            0            0      0.00000 
  212    -78.00000            0            0      0.00000 
  213    -79.00000            0            0      0.00000 
  214    -80.00000            0            0      0.00000 
  215    -81.00000            0            0      0.00000 
  216    -82.00000            0            0      0.00000 
  217    -83.00000            0            0      0.00000 
  218    -84.00000            0            0      0.00000 
  219    -85.00000            0            0      0.00000 
  220    -86.00000            0            0      0.00000 
  221    -87.00000            0            0      0.00000 
  222    -88.00000            0            0      0.00000 
  223    -89.00000            0            0      0.00000 
  224    -90.00000            0            0      0.00000 
  225    -91.00000            0            0      0.00000 
  226    -92.00000            0            0      0.00000 
  227    -93.00000            0            0      0.00000 
  228    -94.00000            0            0      0.00000 
  229    -95.00000            0            0      0.00000 
  230    -96.00000            0            0      0.00000 
  231    -97.00000            0            0      0.00000 
  232    -98.00000            0            0      0.00000 
