# 3dSliceNDice -insetA 9m_1min_m4_binary+orig -insetB 9m_4min_m4_binary+orig -prefix 9m_1min_4min_m4
    0    134.00000            0            0      0.00000 
    1    133.00000            0            0      0.00000 
    2    132.00000            0            0      0.00000 
    3    131.00000            0            0      0.00000 
    4    130.00000            0            0      0.00000 
    5    129.00000            0            0      0.00000 
    6    128.00000            0            0      0.00000 
    7    127.00000            0            0      0.00000 
    8    126.00000            0            0      0.00000 
    9    125.00000            0            0      0.00000 
   10    124.00000            0            0      0.00000 
   11    123.00000            0            0      0.00000 
   12    122.00000            0            0      0.00000 
   13    121.00000            0            0      0.00000 
   14    120.00000            0            0      0.00000 
   15    119.00000            0            0      0.00000 
   16    118.00000            0            0      0.00000 
   17    117.00000            0            0      0.00000 
   18    116.00000            0            0      0.00000 
   19    115.00000            0            0      0.00000 
   20    114.00000            0            0      0.00000 
   21    113.00000            0            0      0.00000 
   22    112.00000            0            0      0.00000 
   23    111.00000            0            0      0.00000 
   24    110.00000            0            0      0.00000 
   25    109.00000            0            0      0.00000 
   26    108.00000            0            0      0.00000 
   27    107.00000            0            0      0.00000 
   28    106.00000            0            0      0.00000 
   29    105.00000            0            0      0.00000 
   30    104.00000            0            0      0.00000 
   31    103.00000            0            0      0.00000 
   32    102.00000            0            0      0.00000 
   33    101.00000            0            0      0.00000 
   34    100.00000            0            0      0.00000 
   35     99.00000            0            0      0.00000 
   36     98.00000            0            0      0.00000 
   37     97.00000            0            0      0.00000 
   38     96.00000            0            0      0.00000 
   39     95.00000            0            0      0.00000 
   40     94.00000            0            0      0.00000 
   41     93.00000            0            0      0.00000 
   42     92.00000            0            0      0.00000 
   43     91.00000            0            0      0.00000 
   44     90.00000            0            0      0.00000 
   45     89.00000            0            0      0.00000 
   46     88.00000            0            0      0.00000 
   47     87.00000            0            0      0.00000 
   48     86.00000            0            0      0.00000 
   49     85.00000            0            0      0.00000 
   50     84.00000            0           26      0.00000 
   51     83.00000            0          109      0.00000 
   52     82.00000            0          253      0.00000 
   53     81.00000            0          395      0.00000 
   54     80.00000            0          547      0.00000 
   55     79.00000            0          666      0.00000 
   56     78.00000            0          767      0.00000 
   57     77.00000            0          861      0.00000 
   58     76.00000           10          908      0.02179 
   59     75.00000           28          977      0.05572 
   60     74.00000           50         1015      0.09390 
   61     73.00000           79         1055      0.13933 
   62     72.00000          194         1145      0.28977 
   63     71.00000          267         1217      0.35984 
   64     70.00000          342         1263      0.42617 
   65     69.00000          365         1251      0.45173 
   66     68.00000          390         1231      0.48118 
   67     67.00000          404         1220      0.49754 
   68     66.00000          408         1234      0.49695 
   69     65.00000          398         1220      0.49197 
   70     64.00000          366         1215      0.46300 
   71     63.00000          346         1212      0.44416 
   72     62.00000          296         1196      0.39678 
   73     61.00000          254         1176      0.35524 
   74     60.00000          204         1147      0.30200 
   75     59.00000          138         1076      0.22735 
   76     58.00000           60         1046      0.10850 
   77     57.00000           50         1006      0.09470 
   78     56.00000          139         1022      0.23945 
   79     55.00000          220         1010      0.35772 
   80     54.00000          281          934      0.46255 
   81     53.00000          343          795      0.60281 
   82     52.00000          550          803      0.77753 
   83     51.00000          673          935      0.80597 
   84     50.00000          793         1060      0.82893 
   85     49.00000          902         1148      0.85561 
   86     48.00000          997         1201      0.88444 
   87     47.00000         1197         1319      0.91653 
   88     46.00000         1351         1443      0.92913 
   89     45.00000         1498         1567      0.94029 
   90     44.00000         1587         1639      0.94668 
   91     43.00000         1652         1695      0.95130 
   92     42.00000         1773         1782      0.95302 
   93     41.00000         1896         1884      0.94603 
   94     40.00000         2003         1964      0.94479 
   95     39.00000         2107         2056      0.94499 
   96     38.00000         2223         2162      0.94595 
   97     37.00000         2341         2243      0.94110 
   98     36.00000         2459         2294      0.93457 
   99     35.00000         2562         2357      0.92905 
  100     34.00000         2590         2360      0.92444 
  101     33.00000         2627         2380      0.91871 
  102     32.00000         2616         2379      0.92052 
  103     31.00000         2592         2382      0.92682 
  104     30.00000         2597         2384      0.92592 
  105     29.00000         2590         2363      0.92510 
  106     28.00000         2488         2280      0.91695 
  107     27.00000         2396         2168      0.91367 
  108     26.00000         2363         2130      0.91209 
  109     25.00000         2321         2092      0.91502 
  110     24.00000         2219         2022      0.91771 
  111     23.00000         2080         1897      0.93236 
  112     22.00000         2192         2018      0.93444 
  113     21.00000         2333         2171      0.92407 
  114     20.00000         2404         2251      0.92546 
  115     19.00000         2416         2255      0.92400 
  116     18.00000         2451         2278      0.91986 
  117     17.00000         2490         2370      0.93621 
  118     16.00000         2497         2394      0.94623 
  119     15.00000         2509         2410      0.95385 
  120     14.00000         2505         2389      0.95341 
  121     13.00000         2489         2351      0.95785 
  122     12.00000         2482         2319      0.96563 
  123     11.00000         2479         2293      0.96102 
  124     10.00000         2469         2267      0.95735 
  125      9.00000         2448         2231      0.95362 
  126      8.00000         2434         2208      0.95131 
  127      7.00000         2401         2174      0.95038 
  128      6.00000         2359         2132      0.94945 
  129      5.00000         2320         2091      0.94808 
  130      4.00000         2292         2061      0.94555 
  131      3.00000         2278         2038      0.94300 
  132      2.00000         2248         2002      0.94024 
  133      1.00000         2199         1950      0.93806 
  134      0.00000         2160         1895      0.93268 
  135     -1.00000         2094         1818      0.92843 
  136     -2.00000         2039         1767      0.92591 
  137     -3.00000         1970         1691      0.92051 
  138     -4.00000         1874         1619      0.92070 
  139     -5.00000         1745         1532      0.92402 
  140     -6.00000         1570         1418      0.93039 
  141     -7.00000         1339         1209      0.93014 
  142     -8.00000          884          799      0.94949 
  143     -9.00000          871          804      0.96000 
  144    -10.00000          844          801      0.97386 
  145    -11.00000          856          811      0.97301 
  146    -12.00000          857          814      0.97427 
  147    -13.00000          852          809      0.97411 
  148    -14.00000          840          795      0.97248 
  149    -15.00000          818          775      0.97301 
  150    -16.00000          804          750      0.96525 
  151    -17.00000          796          731      0.95743 
  152    -18.00000          769          695      0.94945 
  153    -19.00000          744          660      0.94017 
  154    -20.00000          710          618      0.93072 
  155    -21.00000          654          555      0.91811 
  156    -22.00000          620          520      0.91228 
  157    -23.00000          561          467      0.90856 
  158    -24.00000          521          430      0.90431 
  159    -25.00000          460          376      0.89952 
  160    -26.00000          383          314      0.90100 
  161    -27.00000          315          258      0.90052 
  162    -28.00000          250          208      0.90830 
  163    -29.00000          213          172      0.89351 
  164    -30.00000          169          135      0.88816 
  165    -31.00000          113           85      0.85859 
  166    -32.00000           48           32      0.80000 
  167    -33.00000            0            0      0.00000 
  168    -34.00000            0            0      0.00000 
  169    -35.00000            0            0      0.00000 
  170    -36.00000            0            0      0.00000 
  171    -37.00000            0            0      0.00000 
  172    -38.00000            0            0      0.00000 
  173    -39.00000            0            0      0.00000 
  174    -40.00000            0            0      0.00000 
  175    -41.00000            0            0      0.00000 
  176    -42.00000            0            0      0.00000 
  177    -43.00000            0            0      0.00000 
  178    -44.00000            0            0      0.00000 
  179    -45.00000            0            0      0.00000 
  180    -46.00000            0            0      0.00000 
  181    -47.00000            0            0      0.00000 
  182    -48.00000            0            0      0.00000 
  183    -49.00000            0            0      0.00000 
  184    -50.00000            0            0      0.00000 
  185    -51.00000            0            0      0.00000 
  186    -52.00000            0            0      0.00000 
  187    -53.00000            0            0      0.00000 
  188    -54.00000            0            0      0.00000 
  189    -55.00000            0            0      0.00000 
  190    -56.00000            0            0      0.00000 
  191    -57.00000            0            0      0.00000 
  192    -58.00000            0            0      0.00000 
  193    -59.00000            0            0      0.00000 
  194    -60.00000            0            0      0.00000 
  195    -61.00000            0            0      0.00000 
  196    -62.00000            0            0      0.00000 
  197    -63.00000            0            0      0.00000 
  198    -64.00000            0            0      0.00000 
  199    -65.00000            0            0      0.00000 
  200    -66.00000            0            0      0.00000 
  201    -67.00000            0            0      0.00000 
  202    -68.00000            0            0      0.00000 
  203    -69.00000            0            0      0.00000 
  204    -70.00000            0            0      0.00000 
  205    -71.00000            0            0      0.00000 
  206    -72.00000            0            0      0.00000 
  207    -73.00000            0            0      0.00000 
  208    -74.00000            0            0      0.00000 
  209    -75.00000            0            0      0.00000 
  210    -76.00000            0            0      0.00000 
  211    -77.00000            0            0      0.00000 
  212    -78.00000            0            0      0.00000 
  213    -79.00000            0            0      0.00000 
  214    -80.00000            0            0      0.00000 
  215    -81.00000            0            0      0.00000 
  216    -82.00000            0            0      0.00000 
  217    -83.00000            0            0      0.00000 
  218    -84.00000            0            0      0.00000 
  219    -85.00000            0            0      0.00000 
  220    -86.00000            0            0      0.00000 
  221    -87.00000            0            0      0.00000 
  222    -88.00000            0            0      0.00000 
  223    -89.00000            0            0      0.00000 
  224    -90.00000            0            0      0.00000 
  225    -91.00000            0            0      0.00000 
  226    -92.00000            0            0      0.00000 
  227    -93.00000            0            0      0.00000 
  228    -94.00000            0            0      0.00000 
  229    -95.00000            0            0      0.00000 
  230    -96.00000            0            0      0.00000 
  231    -97.00000            0            0      0.00000 
  232    -98.00000            0            0      0.00000 
