# 3dSliceNDice -insetA 9m_1min_m5_binary+orig -insetB 9m_2min_m5_binary+orig -prefix 9m_1min_2min_m5
    0     96.00000            0            0      0.00000 
    1     95.00000            0            0      0.00000 
    2     94.00000            0            0      0.00000 
    3     93.00000            0            0      0.00000 
    4     92.00000            0            0      0.00000 
    5     91.00000            0            0      0.00000 
    6     90.00000            0            0      0.00000 
    7     89.00000            0            0      0.00000 
    8     88.00000            0            0      0.00000 
    9     87.00000            0            0      0.00000 
   10     86.00000            0            0      0.00000 
   11     85.00000            0            0      0.00000 
   12     84.00000            0            0      0.00000 
   13     83.00000            0            0      0.00000 
   14     82.00000            0            0      0.00000 
   15     81.00000            0            0      0.00000 
   16     80.00000            0            0      0.00000 
   17     79.00000            0            0      0.00000 
   18     78.00000            0            0      0.00000 
   19     77.00000            0            0      0.00000 
   20     76.00000            0            0      0.00000 
   21     75.00000            0            0      0.00000 
   22     74.00000            0            0      0.00000 
   23     73.00000            0            0      0.00000 
   24     72.00000            0            0      0.00000 
   25     71.00000            0            0      0.00000 
   26     70.00000            0            0      0.00000 
   27     69.00000            0            0      0.00000 
   28     68.00000            0            0      0.00000 
   29     67.00000            0            0      0.00000 
   30     66.00000            0            0      0.00000 
   31     65.00000            0            0      0.00000 
   32     64.00000            0            0      0.00000 
   33     63.00000            0            0      0.00000 
   34     62.00000            0            0      0.00000 
   35     61.00000            0            0      0.00000 
   36     60.00000            0            0      0.00000 
   37     59.00000            0            0      0.00000 
   38     58.00000            0            0      0.00000 
   39     57.00000            0            0      0.00000 
   40     56.00000            0            0      0.00000 
   41     55.00000            0            0      0.00000 
   42     54.00000            0            0      0.00000 
   43     53.00000            0            0      0.00000 
   44     52.00000            0            0      0.00000 
   45     51.00000            0            0      0.00000 
   46     50.00000            0            0      0.00000 
   47     49.00000            0            0      0.00000 
   48     48.00000            0            0      0.00000 
   49     47.00000            0            0      0.00000 
   50     46.00000            0            0      0.00000 
   51     45.00000            0            0      0.00000 
   52     44.00000            0            0      0.00000 
   53     43.00000            0            0      0.00000 
   54     42.00000           24           24      1.00000 
   55     41.00000           85           85      1.00000 
   56     40.00000          156          156      1.00000 
   57     39.00000          215          215      1.00000 
   58     38.00000          269          269      1.00000 
   59     37.00000          331          331      1.00000 
   60     36.00000          381          391      0.98705 
   61     35.00000          459          479      0.97868 
   62     34.00000          525          555      0.97222 
   63     33.00000          573          609      0.96954 
   64     32.00000          629          672      0.96695 
   65     31.00000          667          725      0.95833 
   66     30.00000          707          789      0.94519 
   67     29.00000          737          848      0.92997 
   68     28.00000          771          907      0.91895 
   69     27.00000          832         1026      0.89559 
   70     26.00000          907         1139      0.88661 
   71     25.00000          987         1243      0.88520 
   72     24.00000         1057         1316      0.88917 
   73     23.00000         1111         1371      0.89363 
   74     22.00000         1273         1462      0.90238 
   75     21.00000         1444         1529      0.89472 
   76     20.00000         1601         1608      0.88750 
   77     19.00000         1722         1675      0.87901 
   78     18.00000         1822         1725      0.87116 
   79     17.00000         2286         2097      0.87520 
   80     16.00000         2522         2320      0.87898 
   81     15.00000         2717         2516      0.87904 
   82     14.00000         2850         2639      0.87885 
   83     13.00000         2970         2748      0.87898 
   84     12.00000         3076         2843      0.87920 
   85     11.00000         3130         2881      0.88005 
   86     10.00000         3203         2951      0.88333 
   87      9.00000         3230         2959      0.88609 
   88      8.00000         3270         2985      0.88601 
   89      7.00000         3296         2984      0.88694 
   90      6.00000         3284         2921      0.88187 
   91      5.00000         3263         2850      0.87846 
   92      4.00000         3188         2722      0.86971 
   93      3.00000         3117         2577      0.85915 
   94      2.00000         2992         2454      0.86192 
   95      1.00000         2849         2380      0.86862 
   96      0.00000         2729         2332      0.87572 
   97     -1.00000         2633         2304      0.88718 
   98     -2.00000         2580         2315      0.89847 
   99     -3.00000         2473         2269      0.91396 
  100     -4.00000         2480         2225      0.90925 
  101     -5.00000         2450         2128      0.89952 
  102     -6.00000         2395         1982      0.87777 
  103     -7.00000         2352         1803      0.85006 
  104     -8.00000         2274         1605      0.81774 
  105     -9.00000         2194         1537      0.81855 
  106    -10.00000         2083         1454      0.82047 
  107    -11.00000         1932         1380      0.83333 
  108    -12.00000         1670         1294      0.87314 
  109    -13.00000         1222         1177      0.98124 
  110    -14.00000         1202         1160      0.98222 
  111    -15.00000         1183         1149      0.98542 
  112    -16.00000         1154         1128      0.98861 
  113    -17.00000         1151         1125      0.98858 
  114    -18.00000         1146         1208      0.95157 
  115    -19.00000         1134         1293      0.91306 
  116    -20.00000         1113         1348      0.88338 
  117    -21.00000         1074         1382      0.85586 
  118    -22.00000         1046         1419      0.83489 
  119    -23.00000         1033         1453      0.82060 
  120    -24.00000         1052         1457      0.83141 
  121    -25.00000         1054         1466      0.83413 
  122    -26.00000         1031         1435      0.83617 
  123    -27.00000         1035         1419      0.84352 
  124    -28.00000         1048         1381      0.86291 
  125    -29.00000         1058         1340      0.88240 
  126    -30.00000         1072         1308      0.90084 
  127    -31.00000         1067         1257      0.91824 
  128    -32.00000         1066         1220      0.93263 
  129    -33.00000         1052         1185      0.94055 
  130    -34.00000         1033         1145      0.94307 
  131    -35.00000         1020         1105      0.94588 
  132    -36.00000          955         1023      0.93933 
  133    -37.00000          918          983      0.92583 
  134    -38.00000          865          916      0.91072 
  135    -39.00000          803          846      0.89509 
  136    -40.00000          732          758      0.87517 
  137    -41.00000          625          629      0.84689 
  138    -42.00000          549          538      0.81877 
  139    -43.00000          512          503      0.82956 
  140    -44.00000          547          545      0.85348 
  141    -45.00000          568          563      0.86649 
  142    -46.00000          565          552      0.87198 
  143    -47.00000          552          518      0.87664 
  144    -48.00000          537          468      0.87164 
  145    -49.00000          534          494      0.89689 
  146    -50.00000          518          518      0.91313 
  147    -51.00000          437          474      0.91548 
  148    -52.00000          364          439      0.90660 
  149    -53.00000          287          386      0.85290 
  150    -54.00000          193          290      0.79917 
  151    -55.00000          110          201      0.70740 
  152    -56.00000           62          140      0.61386 
  153    -57.00000           26           84      0.47273 
  154    -58.00000            0           13      0.00000 
  155    -59.00000            0            0      0.00000 
  156    -60.00000            0            0      0.00000 
  157    -61.00000            0            0      0.00000 
  158    -62.00000            0            0      0.00000 
  159    -63.00000            0            0      0.00000 
  160    -64.00000            0            0      0.00000 
  161    -65.00000            0            0      0.00000 
  162    -66.00000            0            0      0.00000 
  163    -67.00000            0            0      0.00000 
  164    -68.00000            0            0      0.00000 
  165    -69.00000            0            0      0.00000 
  166    -70.00000            0            0      0.00000 
  167    -71.00000            0            0      0.00000 
  168    -72.00000            0            0      0.00000 
  169    -73.00000            0            0      0.00000 
  170    -74.00000            0            0      0.00000 
  171    -75.00000            0            0      0.00000 
  172    -76.00000            0            0      0.00000 
  173    -77.00000            0            0      0.00000 
  174    -78.00000            0            0      0.00000 
  175    -79.00000            0            0      0.00000 
  176    -80.00000            0            0      0.00000 
  177    -81.00000            0            0      0.00000 
  178    -82.00000            0            0      0.00000 
  179    -83.00000            0            0      0.00000 
  180    -84.00000            0            0      0.00000 
  181    -85.00000            0            0      0.00000 
  182    -86.00000            0            0      0.00000 
  183    -87.00000            0            0      0.00000 
  184    -88.00000            0            0      0.00000 
  185    -89.00000            0            0      0.00000 
  186    -90.00000            0            0      0.00000 
  187    -91.00000            0            0      0.00000 
  188    -92.00000            0            0      0.00000 
  189    -93.00000            0            0      0.00000 
  190    -94.00000            0            0      0.00000 
  191    -95.00000            0            0      0.00000 
  192    -96.00000            0            0      0.00000 
  193    -97.00000            0            0      0.00000 
  194    -98.00000            0            0      0.00000 
