# 3dSliceNDice -insetA 9m_1min_m2_binary+orig -insetB 9m_4min_m2_binary+orig -prefix 9m_1min_4min_m2
    0    134.00000            0            0      0.00000 
    1    133.00000            0            0      0.00000 
    2    132.00000            0            0      0.00000 
    3    131.00000            0            0      0.00000 
    4    130.00000            0            0      0.00000 
    5    129.00000            0            0      0.00000 
    6    128.00000            0            0      0.00000 
    7    127.00000            0            0      0.00000 
    8    126.00000            0            0      0.00000 
    9    125.00000            0            0      0.00000 
   10    124.00000            0            0      0.00000 
   11    123.00000            0            0      0.00000 
   12    122.00000            0            0      0.00000 
   13    121.00000            0            0      0.00000 
   14    120.00000            0            0      0.00000 
   15    119.00000            0            0      0.00000 
   16    118.00000            0            0      0.00000 
   17    117.00000            0            0      0.00000 
   18    116.00000            0            0      0.00000 
   19    115.00000            0            0      0.00000 
   20    114.00000            0            0      0.00000 
   21    113.00000            0            0      0.00000 
   22    112.00000            0            0      0.00000 
   23    111.00000            0            0      0.00000 
   24    110.00000            0            0      0.00000 
   25    109.00000            0            0      0.00000 
   26    108.00000            0            0      0.00000 
   27    107.00000            0            0      0.00000 
   28    106.00000            0            0      0.00000 
   29    105.00000            0            0      0.00000 
   30    104.00000            0            0      0.00000 
   31    103.00000            0            0      0.00000 
   32    102.00000            0            0      0.00000 
   33    101.00000            0            0      0.00000 
   34    100.00000            0            0      0.00000 
   35     99.00000            0            0      0.00000 
   36     98.00000            0            0      0.00000 
   37     97.00000            0            0      0.00000 
   38     96.00000            0            0      0.00000 
   39     95.00000            0            0      0.00000 
   40     94.00000            0            0      0.00000 
   41     93.00000            0            0      0.00000 
   42     92.00000            0            0      0.00000 
   43     91.00000            0            0      0.00000 
   44     90.00000            0            0      0.00000 
   45     89.00000            0            0      0.00000 
   46     88.00000            0            0      0.00000 
   47     87.00000            0            0      0.00000 
   48     86.00000            0            0      0.00000 
   49     85.00000            0            0      0.00000 
   50     84.00000            7            0      0.00000 
   51     83.00000           51            0      0.00000 
   52     82.00000          112            0      0.00000 
   53     81.00000          197            0      0.00000 
   54     80.00000          283            0      0.00000 
   55     79.00000          370            4      0.00000 
   56     78.00000          461           32      0.00000 
   57     77.00000          526           73      0.00000 
   58     76.00000          543          109      0.00000 
   59     75.00000          556          159      0.00000 
   60     74.00000          542          218      0.00000 
   61     73.00000          529          276      0.00000 
   62     72.00000          487          335      0.00000 
   63     71.00000          446          390      0.00000 
   64     70.00000          400          450      0.00000 
   65     69.00000          338          471      0.00000 
   66     68.00000          278          487      0.00000 
   67     67.00000          216          494      0.00000 
   68     66.00000          195          499      0.00000 
   69     65.00000          174          508      0.00000 
   70     64.00000          144          500      0.00000 
   71     63.00000          117          508      0.00000 
   72     62.00000          197          553      0.12000 
   73     61.00000          362          625      0.25937 
   74     60.00000          506          675      0.33023 
   75     59.00000          638          701      0.38237 
   76     58.00000          730          714      0.40997 
   77     57.00000          883          967      0.61730 
   78     56.00000         1056         1149      0.70567 
   79     55.00000         1203         1272      0.74909 
   80     54.00000         1324         1345      0.78306 
   81     53.00000         1423         1400      0.80694 
   82     52.00000         1534         1506      0.84868 
   83     51.00000         1628         1596      0.87841 
   84     50.00000         1731         1671      0.89947 
   85     49.00000         1824         1720      0.91874 
   86     48.00000         1920         1767      0.93735 
   87     47.00000         2022         1850      0.94886 
   88     46.00000         2095         1956      0.95631 
   89     45.00000         2185         2066      0.95883 
   90     44.00000         2254         2143      0.96247 
   91     43.00000         2315         2212      0.96532 
   92     42.00000         2379         2300      0.97029 
   93     41.00000         2411         2396      0.97982 
   94     40.00000         2461         2496      0.97922 
   95     39.00000         2473         2555      0.97733 
   96     38.00000         2494         2605      0.97549 
   97     37.00000         2489         2695      0.95949 
   98     36.00000         2456         2757      0.94226 
   99     35.00000         2449         2815      0.93047 
  100     34.00000         2431         2838      0.92276 
  101     33.00000         2443         2873      0.91911 
  102     32.00000         2519         2993      0.91401 
  103     31.00000         2579         3041      0.91779 
  104     30.00000         2645         3101      0.92064 
  105     29.00000         2668         3115      0.92270 
  106     28.00000         2662         3107      0.92286 
  107     27.00000         2608         3048      0.92221 
  108     26.00000         2487         2923      0.91941 
  109     25.00000         2379         2822      0.91482 
  110     24.00000         2243         2695      0.90846 
  111     23.00000         2140         2597      0.90353 
  112     22.00000         2036         2508      0.89613 
  113     21.00000         1921         2407      0.88771 
  114     20.00000         1783         2280      0.87768 
  115     19.00000         1640         2140      0.86772 
  116     18.00000         1546         2055      0.85865 
  117     17.00000         1424         1943      0.84586 
  118     16.00000         1317         1848      0.83223 
  119     15.00000         1206         1761      0.81294 
  120     14.00000         1050         1625      0.78505 
  121     13.00000          883         1471      0.75021 
  122     12.00000          720         1250      0.73096 
  123     11.00000          646         1145      0.72138 
  124     10.00000          553         1010      0.70761 
  125      9.00000          446          829      0.69961 
  126      8.00000          336          549      0.75932 
  127      7.00000          214          299      0.83431 
  128      6.00000          100          178      0.71942 
  129      5.00000           64          120      0.69565 
  130      4.00000           26           53      0.65823 
  131      3.00000            0            0      0.00000 
  132      2.00000            0           32      0.00000 
  133      1.00000            0           88      0.00000 
  134      0.00000            0          140      0.00000 
  135     -1.00000            0          178      0.00000 
  136     -2.00000            0          195      0.00000 
  137     -3.00000            0          219      0.00000 
  138     -4.00000            0          233      0.00000 
  139     -5.00000            0          255      0.00000 
  140     -6.00000            0          260      0.00000 
  141     -7.00000            0          257      0.00000 
  142     -8.00000            0          285      0.00000 
  143     -9.00000            0          326      0.00000 
  144    -10.00000            0          346      0.00000 
  145    -11.00000            0          362      0.00000 
  146    -12.00000            0          355      0.00000 
  147    -13.00000            0          356      0.00000 
  148    -14.00000            0          359      0.00000 
  149    -15.00000            0          370      0.00000 
  150    -16.00000            0          355      0.00000 
  151    -17.00000            0          341      0.00000 
  152    -18.00000            0          307      0.00000 
  153    -19.00000            0          273      0.00000 
  154    -20.00000            0          233      0.00000 
  155    -21.00000            0          185      0.00000 
  156    -22.00000            0          136      0.00000 
  157    -23.00000            0           99      0.00000 
  158    -24.00000            0           75      0.00000 
  159    -25.00000            0           50      0.00000 
  160    -26.00000            0           24      0.00000 
  161    -27.00000            0            3      0.00000 
  162    -28.00000            0            0      0.00000 
  163    -29.00000            0            0      0.00000 
  164    -30.00000            0            0      0.00000 
  165    -31.00000            0            0      0.00000 
  166    -32.00000            0            0      0.00000 
  167    -33.00000            0            0      0.00000 
  168    -34.00000            0            0      0.00000 
  169    -35.00000            0            0      0.00000 
  170    -36.00000            0            0      0.00000 
  171    -37.00000            0            0      0.00000 
  172    -38.00000            0            0      0.00000 
  173    -39.00000            0            0      0.00000 
  174    -40.00000            0            0      0.00000 
  175    -41.00000            0            0      0.00000 
  176    -42.00000            0            0      0.00000 
  177    -43.00000            0            0      0.00000 
  178    -44.00000            0            0      0.00000 
  179    -45.00000            0            0      0.00000 
  180    -46.00000            0            0      0.00000 
  181    -47.00000            0            0      0.00000 
  182    -48.00000            0            0      0.00000 
  183    -49.00000            0            0      0.00000 
  184    -50.00000            0            0      0.00000 
  185    -51.00000            0            0      0.00000 
  186    -52.00000            0            0      0.00000 
  187    -53.00000            0            0      0.00000 
  188    -54.00000            0            0      0.00000 
  189    -55.00000            0            0      0.00000 
  190    -56.00000            0            0      0.00000 
  191    -57.00000            0            0      0.00000 
  192    -58.00000            0            0      0.00000 
  193    -59.00000            0            0      0.00000 
  194    -60.00000            0            0      0.00000 
  195    -61.00000            0            0      0.00000 
  196    -62.00000            0            0      0.00000 
  197    -63.00000            0            0      0.00000 
  198    -64.00000            0            0      0.00000 
  199    -65.00000            0            0      0.00000 
  200    -66.00000            0            0      0.00000 
  201    -67.00000            0            0      0.00000 
  202    -68.00000            0            0      0.00000 
  203    -69.00000            0            0      0.00000 
  204    -70.00000            0            0      0.00000 
  205    -71.00000            0            0      0.00000 
  206    -72.00000            0            0      0.00000 
  207    -73.00000            0            0      0.00000 
  208    -74.00000            0            0      0.00000 
  209    -75.00000            0            0      0.00000 
  210    -76.00000            0            0      0.00000 
  211    -77.00000            0            0      0.00000 
  212    -78.00000            0            0      0.00000 
  213    -79.00000            0            0      0.00000 
  214    -80.00000            0            0      0.00000 
  215    -81.00000            0            0      0.00000 
  216    -82.00000            0            0      0.00000 
  217    -83.00000            0            0      0.00000 
  218    -84.00000            0            0      0.00000 
  219    -85.00000            0            0      0.00000 
  220    -86.00000            0            0      0.00000 
  221    -87.00000            0            0      0.00000 
  222    -88.00000            0            0      0.00000 
  223    -89.00000            0            0      0.00000 
  224    -90.00000            0            0      0.00000 
  225    -91.00000            0            0      0.00000 
  226    -92.00000            0            0      0.00000 
  227    -93.00000            0            0      0.00000 
  228    -94.00000            0            0      0.00000 
  229    -95.00000            0            0      0.00000 
  230    -96.00000            0            0      0.00000 
  231    -97.00000            0            0      0.00000 
  232    -98.00000            0            0      0.00000 
