# 3dSliceNDice -insetA 9m_1min_m4_binary+orig -insetB 9m_2min_m4_binary+orig -prefix 9m_1min_2min_m4
    0    134.00000            0            0      0.00000 
    1    133.00000            0            0      0.00000 
    2    132.00000            0            0      0.00000 
    3    131.00000            0            0      0.00000 
    4    130.00000            0            0      0.00000 
    5    129.00000            0            0      0.00000 
    6    128.00000            0            0      0.00000 
    7    127.00000            0            0      0.00000 
    8    126.00000            0            0      0.00000 
    9    125.00000            0            0      0.00000 
   10    124.00000            0            0      0.00000 
   11    123.00000            0            0      0.00000 
   12    122.00000            0            0      0.00000 
   13    121.00000            0            0      0.00000 
   14    120.00000            0            0      0.00000 
   15    119.00000            0            0      0.00000 
   16    118.00000            0            0      0.00000 
   17    117.00000            0            0      0.00000 
   18    116.00000            0            0      0.00000 
   19    115.00000            0            0      0.00000 
   20    114.00000            0            0      0.00000 
   21    113.00000            0            0      0.00000 
   22    112.00000            0            0      0.00000 
   23    111.00000            0            0      0.00000 
   24    110.00000            0            0      0.00000 
   25    109.00000            0            0      0.00000 
   26    108.00000            0            0      0.00000 
   27    107.00000            0            0      0.00000 
   28    106.00000            0            0      0.00000 
   29    105.00000            0            0      0.00000 
   30    104.00000            0            0      0.00000 
   31    103.00000            0            0      0.00000 
   32    102.00000            0            0      0.00000 
   33    101.00000            0            0      0.00000 
   34    100.00000            0            0      0.00000 
   35     99.00000            0            0      0.00000 
   36     98.00000            0            0      0.00000 
   37     97.00000            0            0      0.00000 
   38     96.00000            0            0      0.00000 
   39     95.00000            0            0      0.00000 
   40     94.00000            0            0      0.00000 
   41     93.00000            0            0      0.00000 
   42     92.00000            0            0      0.00000 
   43     91.00000            0            0      0.00000 
   44     90.00000            0            0      0.00000 
   45     89.00000            0            0      0.00000 
   46     88.00000            0            0      0.00000 
   47     87.00000            0            0      0.00000 
   48     86.00000            0            0      0.00000 
   49     85.00000            0            0      0.00000 
   50     84.00000            0            0      0.00000 
   51     83.00000            0            0      0.00000 
   52     82.00000            0            0      0.00000 
   53     81.00000            0           18      0.00000 
   54     80.00000            0           58      0.00000 
   55     79.00000            0          103      0.00000 
   56     78.00000            0          141      0.00000 
   57     77.00000            0          202      0.00000 
   58     76.00000           10          255      0.07547 
   59     75.00000           28          313      0.16422 
   60     74.00000           50          376      0.23474 
   61     73.00000           79          450      0.29868 
   62     72.00000          194          575      0.42653 
   63     71.00000          267          672      0.44302 
   64     70.00000          342          727      0.44153 
   65     69.00000          365          740      0.44344 
   66     68.00000          390          760      0.46087 
   67     67.00000          404          756      0.47586 
   68     66.00000          408          742      0.48522 
   69     65.00000          398          713      0.47885 
   70     64.00000          366          648      0.45168 
   71     63.00000          346          602      0.43671 
   72     62.00000          296          512      0.38119 
   73     61.00000          254          434      0.34302 
   74     60.00000          204          344      0.30292 
   75     59.00000          138          226      0.22527 
   76     58.00000           60           92      0.05263 
   77     57.00000           50           77      0.78740 
   78     56.00000          139          184      0.86068 
   79     55.00000          220          275      0.88889 
   80     54.00000          281          346      0.89633 
   81     53.00000          343          416      0.90382 
   82     52.00000          550          589      0.89025 
   83     51.00000          673          711      0.90029 
   84     50.00000          793          840      0.90998 
   85     49.00000          902          956      0.91712 
   86     48.00000          997         1053      0.92390 
   87     47.00000         1197         1266      0.94681 
   88     46.00000         1351         1425      0.95533 
   89     45.00000         1498         1572      0.95961 
   90     44.00000         1587         1667      0.96005 
   91     43.00000         1652         1738      0.95988 
   92     42.00000         1773         1824      0.95246 
   93     41.00000         1896         1907      0.93768 
   94     40.00000         2003         1993      0.93293 
   95     39.00000         2107         2081      0.93123 
   96     38.00000         2223         2177      0.93091 
   97     37.00000         2341         2257      0.92562 
   98     36.00000         2459         2316      0.91937 
   99     35.00000         2562         2390      0.91599 
  100     34.00000         2590         2410      0.91160 
  101     33.00000         2627         2450      0.90368 
  102     32.00000         2616         2470      0.90366 
  103     31.00000         2592         2500      0.90731 
  104     30.00000         2597         2538      0.90750 
  105     29.00000         2590         2540      0.90760 
  106     28.00000         2488         2451      0.90747 
  107     27.00000         2396         2276      0.92423 
  108     26.00000         2363         2249      0.92585 
  109     25.00000         2321         2227      0.92876 
  110     24.00000         2219         2157      0.93464 
  111     23.00000         2080         2036      0.94995 
  112     22.00000         2192         2166      0.96879 
  113     21.00000         2333         2321      0.96777 
  114     20.00000         2404         2394      0.96957 
  115     19.00000         2416         2417      0.97621 
  116     18.00000         2451         2456      0.98023 
  117     17.00000         2490         2488      0.97790 
  118     16.00000         2497         2495      0.97356 
  119     15.00000         2509         2508      0.97389 
  120     14.00000         2505         2496      0.97261 
  121     13.00000         2489         2467      0.97175 
  122     12.00000         2482         2446      0.96916 
  123     11.00000         2479         2439      0.96665 
  124     10.00000         2469         2439      0.96210 
  125      9.00000         2448         2427      0.96000 
  126      8.00000         2434         2415      0.96144 
  127      7.00000         2401         2389      0.95866 
  128      6.00000         2359         2353      0.95501 
  129      5.00000         2320         2313      0.95273 
  130      4.00000         2292         2289      0.95350 
  131      3.00000         2278         2277      0.95807 
  132      2.00000         2248         2252      0.96267 
  133      1.00000         2199         2211      0.96417 
  134      0.00000         2160         2168      0.96673 
  135     -1.00000         2094         2104      0.96617 
  136     -2.00000         2039         2052      0.95967 
  137     -3.00000         1970         2009      0.94999 
  138     -4.00000         1874         1973      0.93060 
  139     -5.00000         1745         1911      0.91247 
  140     -6.00000         1570         1801      0.89113 
  141     -7.00000         1339         1592      0.87206 
  142     -8.00000          884         1113      0.85829 
  143     -9.00000          871         1127      0.85185 
  144    -10.00000          844         1144      0.84909 
  145    -11.00000          856         1161      0.84581 
  146    -12.00000          857         1170      0.84262 
  147    -13.00000          852         1164      0.84127 
  148    -14.00000          840         1145      0.84332 
  149    -15.00000          818         1116      0.84385 
  150    -16.00000          804         1085      0.85124 
  151    -17.00000          796         1057      0.85915 
  152    -18.00000          769          995      0.87188 
  153    -19.00000          744          937      0.88519 
  154    -20.00000          710          867      0.90044 
  155    -21.00000          654          758      0.92068 
  156    -22.00000          620          674      0.95363 
  157    -23.00000          561          582      0.97463 
  158    -24.00000          521          542      0.97272 
  159    -25.00000          460          480      0.97021 
  160    -26.00000          383          400      0.97318 
  161    -27.00000          315          315      0.98413 
  162    -28.00000          250          246      0.99194 
  163    -29.00000          213          209      0.99052 
  164    -30.00000          169          167      0.99405 
  165    -31.00000          113          112      0.99556 
  166    -32.00000           48           48      1.00000 
  167    -33.00000            0            0      0.00000 
  168    -34.00000            0            0      0.00000 
  169    -35.00000            0            0      0.00000 
  170    -36.00000            0            0      0.00000 
  171    -37.00000            0            0      0.00000 
  172    -38.00000            0            0      0.00000 
  173    -39.00000            0            0      0.00000 
  174    -40.00000            0            0      0.00000 
  175    -41.00000            0            0      0.00000 
  176    -42.00000            0            0      0.00000 
  177    -43.00000            0            0      0.00000 
  178    -44.00000            0            0      0.00000 
  179    -45.00000            0            0      0.00000 
  180    -46.00000            0            0      0.00000 
  181    -47.00000            0            0      0.00000 
  182    -48.00000            0            0      0.00000 
  183    -49.00000            0            0      0.00000 
  184    -50.00000            0            0      0.00000 
  185    -51.00000            0            0      0.00000 
  186    -52.00000            0            0      0.00000 
  187    -53.00000            0            0      0.00000 
  188    -54.00000            0            0      0.00000 
  189    -55.00000            0            0      0.00000 
  190    -56.00000            0            0      0.00000 
  191    -57.00000            0            0      0.00000 
  192    -58.00000            0            0      0.00000 
  193    -59.00000            0            0      0.00000 
  194    -60.00000            0            0      0.00000 
  195    -61.00000            0            0      0.00000 
  196    -62.00000            0            0      0.00000 
  197    -63.00000            0            0      0.00000 
  198    -64.00000            0            0      0.00000 
  199    -65.00000            0            0      0.00000 
  200    -66.00000            0            0      0.00000 
  201    -67.00000            0            0      0.00000 
  202    -68.00000            0            0      0.00000 
  203    -69.00000            0            0      0.00000 
  204    -70.00000            0            0      0.00000 
  205    -71.00000            0            0      0.00000 
  206    -72.00000            0            0      0.00000 
  207    -73.00000            0            0      0.00000 
  208    -74.00000            0            0      0.00000 
  209    -75.00000            0            0      0.00000 
  210    -76.00000            0            0      0.00000 
  211    -77.00000            0            0      0.00000 
  212    -78.00000            0            0      0.00000 
  213    -79.00000            0            0      0.00000 
  214    -80.00000            0            0      0.00000 
  215    -81.00000            0            0      0.00000 
  216    -82.00000            0            0      0.00000 
  217    -83.00000            0            0      0.00000 
  218    -84.00000            0            0      0.00000 
  219    -85.00000            0            0      0.00000 
  220    -86.00000            0            0      0.00000 
  221    -87.00000            0            0      0.00000 
  222    -88.00000            0            0      0.00000 
  223    -89.00000            0            0      0.00000 
  224    -90.00000            0            0      0.00000 
  225    -91.00000            0            0      0.00000 
  226    -92.00000            0            0      0.00000 
  227    -93.00000            0            0      0.00000 
  228    -94.00000            0            0      0.00000 
  229    -95.00000            0            0      0.00000 
  230    -96.00000            0            0      0.00000 
  231    -97.00000            0            0      0.00000 
  232    -98.00000            0            0      0.00000 
