# 3dSliceNDice -insetA 9m_1min_m1_binary+orig -insetB 9m_5min_m1_binary+orig -prefix 9m_1min_5min_m1
    0    -72.00000            0            0      0.00000 
    1    -71.00000            0            0      0.00000 
    2    -70.00000            0            0      0.00000 
    3    -69.00000            0            0      0.00000 
    4    -68.00000            0            0      0.00000 
    5    -67.00000            0            0      0.00000 
    6    -66.00000            0            0      0.00000 
    7    -65.00000            0            0      0.00000 
    8    -64.00000            0            0      0.00000 
    9    -63.00000            0            0      0.00000 
   10    -62.00000            0            0      0.00000 
   11    -61.00000            0            0      0.00000 
   12    -60.00000            0            0      0.00000 
   13    -59.00000            0            0      0.00000 
   14    -58.00000            0            0      0.00000 
   15    -57.00000            0            0      0.00000 
   16    -56.00000            0            0      0.00000 
   17    -55.00000            0            0      0.00000 
   18    -54.00000            0            0      0.00000 
   19    -53.00000            0            0      0.00000 
   20    -52.00000            0            0      0.00000 
   21    -51.00000            0            0      0.00000 
   22    -50.00000            0            0      0.00000 
   23    -49.00000            0            0      0.00000 
   24    -48.00000            0            0      0.00000 
   25    -47.00000            0            0      0.00000 
   26    -46.00000            0            0      0.00000 
   27    -45.00000            0            0      0.00000 
   28    -44.00000            0            0      0.00000 
   29    -43.00000            0            0      0.00000 
   30    -42.00000            0            0      0.00000 
   31    -41.00000            0            0      0.00000 
   32    -40.00000            0            0      0.00000 
   33    -39.00000            0            0      0.00000 
   34    -38.00000            0            0      0.00000 
   35    -37.00000            0            0      0.00000 
   36    -36.00000            0            0      0.00000 
   37    -35.00000            0            0      0.00000 
   38    -34.00000            0            0      0.00000 
   39    -33.00000            0            0      0.00000 
   40    -32.00000          395          253      0.78086 
   41    -31.00000          690          495      0.83544 
   42    -30.00000          874          665      0.86420 
   43    -29.00000         1020          795      0.87603 
   44    -28.00000         1163          933      0.89027 
   45    -27.00000         1316         1066      0.89505 
   46    -26.00000         1467         1180      0.87344 
   47    -25.00000         1643         1314      0.85763 
   48    -24.00000         1745         1399      0.84606 
   49    -23.00000         1857         1481      0.84002 
   50    -22.00000         2074         1612      0.84753 
   51    -21.00000         2337         1867      0.84539 
   52    -20.00000         2796         2299      0.84750 
   53    -19.00000         3136         2627      0.84817 
   54    -18.00000         3420         2915      0.84704 
   55    -17.00000         3828         3397      0.84152 
   56    -16.00000         4122         3835      0.83348 
   57    -15.00000         4429         4300      0.83125 
   58    -14.00000         4446         4480      0.82478 
   59    -13.00000         4445         4571      0.82121 
   60    -12.00000         4548         4751      0.83471 
   61    -11.00000         4586         4786      0.84913 
   62    -10.00000         4515         4772      0.85711 
   63     -9.00000         4269         4598      0.86252 
   64     -8.00000         3888         4222      0.86091 
   65     -7.00000         3414         3753      0.86145 
   66     -6.00000         3389         3808      0.87592 
   67     -5.00000         3400         3887      0.88322 
   68     -4.00000         3351         3933      0.88111 
   69     -3.00000         3301         3975      0.87713 
   70     -2.00000         3309         4009      0.86772 
   71     -1.00000         3316         4022      0.86045 
   72      0.00000         3289         4012      0.85851 
   73      1.00000         3190         3909      0.85646 
   74      2.00000         3068         3766      0.85806 
   75      3.00000         3023         3667      0.86218 
   76      4.00000         3032         3736      0.85254 
   77      5.00000         2994         3750      0.84520 
   78      6.00000         2872         3654      0.83267 
   79      7.00000         2759         3502      0.82223 
   80      8.00000         2829         3288      0.83243 
   81      9.00000         3082         3275      0.84631 
   82     10.00000         3258         3261      0.85197 
   83     11.00000         3339         3162      0.85095 
   84     12.00000         3443         3076      0.85136 
   85     13.00000         3782         3159      0.85492 
   86     14.00000         3955         3238      0.85917 
   87     15.00000         4140         3285      0.85387 
   88     16.00000         4207         3253      0.84209 
   89     17.00000         4252         3196      0.82223 
   90     18.00000         4429         3298      0.81222 
   91     19.00000         4484         3397      0.81842 
   92     20.00000         4547         3468      0.81921 
   93     21.00000         4537         3423      0.81332 
   94     22.00000         4522         3337      0.80137 
   95     23.00000         4463         3242      0.79195 
   96     24.00000         4319         3159      0.79192 
   97     25.00000         4192         3109      0.79304 
   98     26.00000         3916         2983      0.79693 
   99     27.00000         3598         2850      0.81079 
  100     28.00000         3319         2707      0.83140 
  101     29.00000         3146         2563      0.83622 
  102     30.00000         2983         2420      0.84398 
  103     31.00000         2786         2243      0.85464 
  104     32.00000         2600         2073      0.87182 
  105     33.00000         2414         1941      0.89001 
  106     34.00000         2218         1790      0.89172 
  107     35.00000         2035         1660      0.89689 
  108     36.00000         1809         1513      0.91030 
  109     37.00000         1571         1391      0.93788 
  110     38.00000         1378         1259      0.95260 
  111     39.00000         1298         1134      0.92681 
  112     40.00000         1236         1032      0.90123 
  113     41.00000         1191          952      0.88101 
  114     42.00000         1167          883      0.85463 
  115     43.00000         1087          752      0.81240 
  116     44.00000         1002          623      0.76185 
  117     45.00000          946          496      0.68516 
  118     46.00000          849          358      0.58824 
  119     47.00000          775          249      0.48633 
  120     48.00000          731          217      0.45781 
  121     49.00000          684          190      0.43478 
  122     50.00000          659          161      0.39268 
  123     51.00000          608          144      0.38298 
  124     52.00000          507           95      0.31561 
  125     53.00000          401           53      0.23348 
  126     54.00000          268            2      0.01481 
  127     55.00000          172            0      0.00000 
  128     56.00000           85            0      0.00000 
  129     57.00000           61            0      0.00000 
  130     58.00000           16            0      0.00000 
  131     59.00000            0            0      0.00000 
  132     60.00000            0            0      0.00000 
  133     61.00000            0            0      0.00000 
  134     62.00000            0            0      0.00000 
  135     63.00000            0            0      0.00000 
  136     64.00000            0            0      0.00000 
  137     65.00000            0            0      0.00000 
  138     66.00000            0            0      0.00000 
  139     67.00000            0            0      0.00000 
  140     68.00000            0            0      0.00000 
  141     69.00000            0            0      0.00000 
  142     70.00000            0            0      0.00000 
  143     71.00000            0            0      0.00000 
  144     72.00000            0            0      0.00000 
  145     73.00000            0            0      0.00000 
  146     74.00000            0            0      0.00000 
  147     75.00000            0            0      0.00000 
  148     76.00000            0            0      0.00000 
  149     77.00000            0            0      0.00000 
  150     78.00000            0            0      0.00000 
  151     79.00000            0            0      0.00000 
  152     80.00000            0            0      0.00000 
  153     81.00000            0            0      0.00000 
  154     82.00000            0            0      0.00000 
  155     83.00000            0            0      0.00000 
  156     84.00000            0            0      0.00000 
  157     85.00000            0            0      0.00000 
  158     86.00000            0            0      0.00000 
