# 3dSliceNDice -insetA 9m_1min_m1_binary+orig -insetB 9m_3min_m1_binary+orig -prefix 9m_1min_3min_m1
    0    -72.00000            0            0      0.00000 
    1    -71.00000            0            0      0.00000 
    2    -70.00000            0            0      0.00000 
    3    -69.00000            0            0      0.00000 
    4    -68.00000            0            0      0.00000 
    5    -67.00000            0            0      0.00000 
    6    -66.00000            0            0      0.00000 
    7    -65.00000            0            0      0.00000 
    8    -64.00000            0            0      0.00000 
    9    -63.00000            0            0      0.00000 
   10    -62.00000            0            0      0.00000 
   11    -61.00000            0            0      0.00000 
   12    -60.00000            0            0      0.00000 
   13    -59.00000            0            0      0.00000 
   14    -58.00000            0            0      0.00000 
   15    -57.00000            0            0      0.00000 
   16    -56.00000            0            0      0.00000 
   17    -55.00000            0            0      0.00000 
   18    -54.00000            0            0      0.00000 
   19    -53.00000            0            0      0.00000 
   20    -52.00000            0            0      0.00000 
   21    -51.00000            0            0      0.00000 
   22    -50.00000            0            0      0.00000 
   23    -49.00000            0            0      0.00000 
   24    -48.00000            0            0      0.00000 
   25    -47.00000            0            0      0.00000 
   26    -46.00000            0            0      0.00000 
   27    -45.00000            0            0      0.00000 
   28    -44.00000            0            0      0.00000 
   29    -43.00000            0            0      0.00000 
   30    -42.00000            0            0      0.00000 
   31    -41.00000            0            0      0.00000 
   32    -40.00000            0            0      0.00000 
   33    -39.00000            0            0      0.00000 
   34    -38.00000            0            0      0.00000 
   35    -37.00000            0            0      0.00000 
   36    -36.00000            0            0      0.00000 
   37    -35.00000            0            0      0.00000 
   38    -34.00000            0            0      0.00000 
   39    -33.00000            0            0      0.00000 
   40    -32.00000          395          270      0.81203 
   41    -31.00000          690          530      0.86885 
   42    -30.00000          874          703      0.89157 
   43    -29.00000         1020          838      0.90205 
   44    -28.00000         1163          981      0.91511 
   45    -27.00000         1316         1107      0.91374 
   46    -26.00000         1467         1180      0.88704 
   47    -25.00000         1643         1299      0.87492 
   48    -24.00000         1745         1374      0.86823 
   49    -23.00000         1857         1465      0.86514 
   50    -22.00000         2074         1635      0.86223 
   51    -21.00000         2337         1891      0.86566 
   52    -20.00000         2796         2310      0.87074 
   53    -19.00000         3136         2631      0.87637 
   54    -18.00000         3420         2899      0.87894 
   55    -17.00000         3828         3405      0.86797 
   56    -16.00000         4122         3870      0.85435 
   57    -15.00000         4429         4298      0.84771 
   58    -14.00000         4446         4484      0.83695 
   59    -13.00000         4445         4550      0.83246 
   60    -12.00000         4548         4599      0.85493 
   61    -11.00000         4586         4628      0.87259 
   62    -10.00000         4515         4645      0.87969 
   63     -9.00000         4269         4492      0.88711 
   64     -8.00000         3888         4168      0.89598 
   65     -7.00000         3414         3794      0.89956 
   66     -6.00000         3389         3846      0.89758 
   67     -5.00000         3400         3941      0.89525 
   68     -4.00000         3351         3995      0.88892 
   69     -3.00000         3301         4043      0.88235 
   70     -2.00000         3309         4099      0.87338 
   71     -1.00000         3316         4123      0.87108 
   72      0.00000         3289         4128      0.86855 
   73      1.00000         3190         4039      0.86374 
   74      2.00000         3068         3900      0.86022 
   75      3.00000         3023         3806      0.85547 
   76      4.00000         3032         3825      0.83914 
   77      5.00000         2994         3798      0.82420 
   78      6.00000         2872         3692      0.80896 
   79      7.00000         2759         3603      0.79912 
   80      8.00000         2829         3444      0.82353 
   81      9.00000         3082         3458      0.84832 
   82     10.00000         3258         3434      0.85386 
   83     11.00000         3339         3291      0.85339 
   84     12.00000         3443         3091      0.85706 
   85     13.00000         3782         3094      0.85428 
   86     14.00000         3955         3232      0.85905 
   87     15.00000         4140         3296      0.85691 
   88     16.00000         4207         3295      0.84911 
   89     17.00000         4252         3265      0.83890 
   90     18.00000         4429         3360      0.83194 
   91     19.00000         4484         3491      0.83812 
   92     20.00000         4547         3582      0.83897 
   93     21.00000         4537         3570      0.83434 
   94     22.00000         4522         3506      0.82312 
   95     23.00000         4463         3412      0.81244 
   96     24.00000         4319         3364      0.81453 
   97     25.00000         4192         3335      0.81945 
   98     26.00000         3916         3179      0.82340 
   99     27.00000         3598         3017      0.83991 
  100     28.00000         3319         2893      0.86124 
  101     29.00000         3146         2769      0.86289 
  102     30.00000         2983         2659      0.86707 
  103     31.00000         2786         2494      0.87235 
  104     32.00000         2600         2341      0.88120 
  105     33.00000         2414         2169      0.89636 
  106     34.00000         2218         1973      0.89907 
  107     35.00000         2035         1793      0.90543 
  108     36.00000         1809         1573      0.91425 
  109     37.00000         1571         1404      0.93378 
  110     38.00000         1378         1222      0.93231 
  111     39.00000         1298         1092      0.90460 
  112     40.00000         1236          988      0.87860 
  113     41.00000         1191          918      0.86297 
  114     42.00000         1167          858      0.84049 
  115     43.00000         1087          747      0.80916 
  116     44.00000         1002          641      0.77541 
  117     45.00000          946          545      0.72837 
  118     46.00000          849          418      0.65509 
  119     47.00000          775          314      0.57668 
  120     48.00000          731          253      0.51423 
  121     49.00000          684          200      0.45249 
  122     50.00000          659          166      0.40242 
  123     51.00000          608          144      0.38298 
  124     52.00000          507           95      0.31561 
  125     53.00000          401           53      0.23348 
  126     54.00000          268            2      0.01481 
  127     55.00000          172            0      0.00000 
  128     56.00000           85            0      0.00000 
  129     57.00000           61            0      0.00000 
  130     58.00000           16            0      0.00000 
  131     59.00000            0            0      0.00000 
  132     60.00000            0            0      0.00000 
  133     61.00000            0            0      0.00000 
  134     62.00000            0            0      0.00000 
  135     63.00000            0            0      0.00000 
  136     64.00000            0            0      0.00000 
  137     65.00000            0            0      0.00000 
  138     66.00000            0            0      0.00000 
  139     67.00000            0            0      0.00000 
  140     68.00000            0            0      0.00000 
  141     69.00000            0            0      0.00000 
  142     70.00000            0            0      0.00000 
  143     71.00000            0            0      0.00000 
  144     72.00000            0            0      0.00000 
  145     73.00000            0            0      0.00000 
  146     74.00000            0            0      0.00000 
  147     75.00000            0            0      0.00000 
  148     76.00000            0            0      0.00000 
  149     77.00000            0            0      0.00000 
  150     78.00000            0            0      0.00000 
  151     79.00000            0            0      0.00000 
  152     80.00000            0            0      0.00000 
  153     81.00000            0            0      0.00000 
  154     82.00000            0            0      0.00000 
  155     83.00000            0            0      0.00000 
  156     84.00000            0            0      0.00000 
  157     85.00000            0            0      0.00000 
  158     86.00000            0            0      0.00000 
