# 3dSliceNDice -insetA 9m_1min_m5_binary+orig -insetB 9m_3min_m5_binary+orig -prefix 9m_1min_3min_m5
    0     96.00000            0            0      0.00000 
    1     95.00000            0            0      0.00000 
    2     94.00000            0            0      0.00000 
    3     93.00000            0            0      0.00000 
    4     92.00000            0            0      0.00000 
    5     91.00000            0            0      0.00000 
    6     90.00000            0            0      0.00000 
    7     89.00000            0            0      0.00000 
    8     88.00000            0            0      0.00000 
    9     87.00000            0            0      0.00000 
   10     86.00000            0            0      0.00000 
   11     85.00000            0            0      0.00000 
   12     84.00000            0            0      0.00000 
   13     83.00000            0            0      0.00000 
   14     82.00000            0            0      0.00000 
   15     81.00000            0            0      0.00000 
   16     80.00000            0            0      0.00000 
   17     79.00000            0            0      0.00000 
   18     78.00000            0            0      0.00000 
   19     77.00000            0            0      0.00000 
   20     76.00000            0            0      0.00000 
   21     75.00000            0            0      0.00000 
   22     74.00000            0            0      0.00000 
   23     73.00000            0            0      0.00000 
   24     72.00000            0            0      0.00000 
   25     71.00000            0            0      0.00000 
   26     70.00000            0            0      0.00000 
   27     69.00000            0            0      0.00000 
   28     68.00000            0            0      0.00000 
   29     67.00000            0            0      0.00000 
   30     66.00000            0            0      0.00000 
   31     65.00000            0            0      0.00000 
   32     64.00000            0            0      0.00000 
   33     63.00000            0            0      0.00000 
   34     62.00000            0            0      0.00000 
   35     61.00000            0            0      0.00000 
   36     60.00000            0            0      0.00000 
   37     59.00000            0            0      0.00000 
   38     58.00000            0            0      0.00000 
   39     57.00000            0            0      0.00000 
   40     56.00000            0            0      0.00000 
   41     55.00000            0            0      0.00000 
   42     54.00000            0            0      0.00000 
   43     53.00000            0            0      0.00000 
   44     52.00000            0            0      0.00000 
   45     51.00000            0            0      0.00000 
   46     50.00000            0            0      0.00000 
   47     49.00000            0            0      0.00000 
   48     48.00000            0            0      0.00000 
   49     47.00000            0            0      0.00000 
   50     46.00000            0            0      0.00000 
   51     45.00000            0            0      0.00000 
   52     44.00000            0            7      0.00000 
   53     43.00000            0           23      0.00000 
   54     42.00000           24           57      0.59259 
   55     41.00000           85          114      0.85427 
   56     40.00000          156          185      0.91496 
   57     39.00000          215          237      0.95133 
   58     38.00000          269          285      0.97112 
   59     37.00000          331          337      0.99102 
   60     36.00000          381          386      0.99348 
   61     35.00000          459          465      0.98701 
   62     34.00000          525          528      0.98006 
   63     33.00000          573          574      0.97646 
   64     32.00000          629          630      0.97220 
   65     31.00000          667          661      0.96988 
   66     30.00000          707          705      0.97025 
   67     29.00000          737          742      0.97498 
   68     28.00000          771          782      0.97746 
   69     27.00000          832         1093      0.85610 
   70     26.00000          907         1437      0.77218 
   71     25.00000          987         1647      0.74943 
   72     24.00000         1057         1790      0.74254 
   73     23.00000         1111         1901      0.73772 
   74     22.00000         1273         2022      0.75326 
   75     21.00000         1444         2093      0.76675 
   76     20.00000         1601         2190      0.76919 
   77     19.00000         1722         2242      0.77346 
   78     18.00000         1822         2278      0.77805 
   79     17.00000         2286         2579      0.79260 
   80     16.00000         2522         2763      0.81060 
   81     15.00000         2717         2900      0.82250 
   82     14.00000         2850         2991      0.83479 
   83     13.00000         2970         3081      0.84746 
   84     12.00000         3076         3138      0.86096 
   85     11.00000         3130         3185      0.87284 
   86     10.00000         3203         3239      0.88761 
   87      9.00000         3230         3264      0.89683 
   88      8.00000         3270         3310      0.90426 
   89      7.00000         3296         3366      0.90724 
   90      6.00000         3284         3349      0.90396 
   91      5.00000         3263         3331      0.90264 
   92      4.00000         3188         3256      0.89727 
   93      3.00000         3117         3194      0.89051 
   94      2.00000         2992         3099      0.88623 
   95      1.00000         2849         2981      0.88542 
   96      0.00000         2729         2882      0.88184 
   97     -1.00000         2633         2773      0.88235 
   98     -2.00000         2580         2731      0.86914 
   99     -3.00000         2473         2621      0.84963 
  100     -4.00000         2480         2524      0.84972 
  101     -5.00000         2450         2372      0.84820 
  102     -6.00000         2395         2162      0.84485 
  103     -7.00000         2352         1881      0.83345 
  104     -8.00000         2274         1578      0.81931 
  105     -9.00000         2194         1501      0.81245 
  106    -10.00000         2083         1408      0.80665 
  107    -11.00000         1932         1310      0.80814 
  108    -12.00000         1670         1205      0.83826 
  109    -13.00000         1222         1125      0.95867 
  110    -14.00000         1202         1096      0.95387 
  111    -15.00000         1183         1074      0.95171 
  112    -16.00000         1154         1055      0.95518 
  113    -17.00000         1151         1054      0.95601 
  114    -18.00000         1146         1137      0.91897 
  115    -19.00000         1134         1220      0.87935 
  116    -20.00000         1113         1281      0.85213 
  117    -21.00000         1074         1322      0.83306 
  118    -22.00000         1046         1357      0.81981 
  119    -23.00000         1033         1487      0.78651 
  120    -24.00000         1052         1624      0.76383 
  121    -25.00000         1054         1743      0.74365 
  122    -26.00000         1031         1790      0.72811 
  123    -27.00000         1035         1823      0.71798 
  124    -28.00000         1048         1849      0.71591 
  125    -29.00000         1058         1832      0.72318 
  126    -30.00000         1072         1828      0.73103 
  127    -31.00000         1067         1773      0.73803 
  128    -32.00000         1066         1737      0.74848 
  129    -33.00000         1052         1691      0.75173 
  130    -34.00000         1033         1631      0.75526 
  131    -35.00000         1020         1571      0.76187 
  132    -36.00000          955         1438      0.77142 
  133    -37.00000          918         1355      0.78575 
  134    -38.00000          865         1231      0.80916 
  135    -39.00000          803         1123      0.82451 
  136    -40.00000          732          993      0.84638 
  137    -41.00000          625          829      0.85970 
  138    -42.00000          549          688      0.88763 
  139    -43.00000          512          573      0.84608 
  140    -44.00000          547          539      0.78453 
  141    -45.00000          568          513      0.74376 
  142    -46.00000          565          467      0.69574 
  143    -47.00000          552          417      0.65015 
  144    -48.00000          537          362      0.58954 
  145    -49.00000          534          340      0.54920 
  146    -50.00000          518          318      0.50239 
  147    -51.00000          437          282      0.47288 
  148    -52.00000          364          256      0.41290 
  149    -53.00000          287          216      0.35785 
  150    -54.00000          193          180      0.39678 
  151    -55.00000          110          140      0.46400 
  152    -56.00000           62           87      0.41611 
  153    -57.00000           26           30      0.28571 
  154    -58.00000            0            0      0.00000 
  155    -59.00000            0            0      0.00000 
  156    -60.00000            0            0      0.00000 
  157    -61.00000            0            0      0.00000 
  158    -62.00000            0            0      0.00000 
  159    -63.00000            0            0      0.00000 
  160    -64.00000            0            0      0.00000 
  161    -65.00000            0            0      0.00000 
  162    -66.00000            0            0      0.00000 
  163    -67.00000            0            0      0.00000 
  164    -68.00000            0            0      0.00000 
  165    -69.00000            0            0      0.00000 
  166    -70.00000            0            0      0.00000 
  167    -71.00000            0            0      0.00000 
  168    -72.00000            0            0      0.00000 
  169    -73.00000            0            0      0.00000 
  170    -74.00000            0            0      0.00000 
  171    -75.00000            0            0      0.00000 
  172    -76.00000            0            0      0.00000 
  173    -77.00000            0            0      0.00000 
  174    -78.00000            0            0      0.00000 
  175    -79.00000            0            0      0.00000 
  176    -80.00000            0            0      0.00000 
  177    -81.00000            0            0      0.00000 
  178    -82.00000            0            0      0.00000 
  179    -83.00000            0            0      0.00000 
  180    -84.00000            0            0      0.00000 
  181    -85.00000            0            0      0.00000 
  182    -86.00000            0            0      0.00000 
  183    -87.00000            0            0      0.00000 
  184    -88.00000            0            0      0.00000 
  185    -89.00000            0            0      0.00000 
  186    -90.00000            0            0      0.00000 
  187    -91.00000            0            0      0.00000 
  188    -92.00000            0            0      0.00000 
  189    -93.00000            0            0      0.00000 
  190    -94.00000            0            0      0.00000 
  191    -95.00000            0            0      0.00000 
  192    -96.00000            0            0      0.00000 
  193    -97.00000            0            0      0.00000 
  194    -98.00000            0            0      0.00000 
