# 3dSliceNDice -insetA 9m_1min_m1_binary+orig -insetB 9m_3min_m1_binary+orig -prefix 9m_1min_3min_m1
    0    134.00000            0            0      0.00000 
    1    133.00000            0            0      0.00000 
    2    132.00000            0            0      0.00000 
    3    131.00000            0            0      0.00000 
    4    130.00000            0            0      0.00000 
    5    129.00000            0            0      0.00000 
    6    128.00000            0            0      0.00000 
    7    127.00000            0            0      0.00000 
    8    126.00000            0            0      0.00000 
    9    125.00000            0            0      0.00000 
   10    124.00000            0            0      0.00000 
   11    123.00000            0            0      0.00000 
   12    122.00000            0            0      0.00000 
   13    121.00000            0            0      0.00000 
   14    120.00000            0            0      0.00000 
   15    119.00000            0            0      0.00000 
   16    118.00000            0            0      0.00000 
   17    117.00000            0            0      0.00000 
   18    116.00000            0            0      0.00000 
   19    115.00000            0            0      0.00000 
   20    114.00000            0            0      0.00000 
   21    113.00000            0            0      0.00000 
   22    112.00000            0            0      0.00000 
   23    111.00000            0            0      0.00000 
   24    110.00000            0            0      0.00000 
   25    109.00000            0            0      0.00000 
   26    108.00000            0            0      0.00000 
   27    107.00000            0            0      0.00000 
   28    106.00000            0            0      0.00000 
   29    105.00000            0            0      0.00000 
   30    104.00000            0            0      0.00000 
   31    103.00000            0            0      0.00000 
   32    102.00000            0            0      0.00000 
   33    101.00000            0            0      0.00000 
   34    100.00000            0            0      0.00000 
   35     99.00000            0            0      0.00000 
   36     98.00000            0            0      0.00000 
   37     97.00000            0            0      0.00000 
   38     96.00000            0            0      0.00000 
   39     95.00000            0            0      0.00000 
   40     94.00000            0            0      0.00000 
   41     93.00000            0            0      0.00000 
   42     92.00000            0            0      0.00000 
   43     91.00000            0            0      0.00000 
   44     90.00000            0            0      0.00000 
   45     89.00000            0            0      0.00000 
   46     88.00000            0            0      0.00000 
   47     87.00000            0            0      0.00000 
   48     86.00000            0            0      0.00000 
   49     85.00000            0            0      0.00000 
   50     84.00000           49           49      1.00000 
   51     83.00000          163          163      1.00000 
   52     82.00000          282          282      1.00000 
   53     81.00000          390          395      0.99363 
   54     80.00000          505          519      0.98633 
   55     79.00000          636          648      0.99065 
   56     78.00000          771          783      0.99228 
   57     77.00000          961          949      0.98325 
   58     76.00000         1207         1171      0.97813 
   59     75.00000         1478         1431      0.98178 
   60     74.00000         1753         1677      0.97726 
   61     73.00000         2038         1936      0.97383 
   62     72.00000         2406         2258      0.96827 
   63     71.00000         2685         2516      0.96635 
   64     70.00000         3001         2810      0.96403 
   65     69.00000         3207         3005      0.96233 
   66     68.00000         3396         3180      0.95925 
   67     67.00000         3570         3356      0.95611 
   68     66.00000         3714         3524      0.95772 
   69     65.00000         3840         3671      0.95726 
   70     64.00000         3933         3797      0.95834 
   71     63.00000         4018         3915      0.96080 
   72     62.00000         4020         3968      0.96345 
   73     61.00000         4064         4017      0.96028 
   74     60.00000         4081         4029      0.95808 
   75     59.00000         4014         3929      0.95002 
   76     58.00000         3890         3802      0.94046 
   77     57.00000         3686         3543      0.91520 
   78     56.00000         3660         3410      0.90184 
   79     55.00000         3614         3239      0.88604 
   80     54.00000         3448         2922      0.86562 
   81     53.00000         3286         2594      0.84796 
   82     52.00000         3028         2263      0.83236 
   83     51.00000         2864         2100      0.82353 
   84     50.00000         2636         1893      0.81298 
   85     49.00000         2270         1591      0.79772 
   86     48.00000         1781         1149      0.73584 
   87     47.00000         1239          685      0.55613 
   88     46.00000         1219          691      0.57906 
   89     45.00000         1197          673      0.59037 
   90     44.00000         1101          610      0.59965 
   91     43.00000          950          474      0.58708 
   92     42.00000          848          395      0.63556 
   93     41.00000          932          412      0.61310 
   94     40.00000         1017          439      0.60302 
   95     39.00000         1078          439      0.57877 
   96     38.00000         1142          445      0.56081 
   97     37.00000         1180          430      0.53416 
   98     36.00000         1178          394      0.50127 
   99     35.00000         1191          377      0.48087 
  100     34.00000         1136          345      0.46590 
  101     33.00000         1069          297      0.43485 
  102     32.00000         1048          324      0.44898 
  103     31.00000         1091          377      0.49864 
  104     30.00000         1113          422      0.54463 
  105     29.00000         1071          443      0.57992 
  106     28.00000          983          455      0.62865 
  107     27.00000          852          457      0.69213 
  108     26.00000          793          443      0.71359 
  109     25.00000          738          441      0.74131 
  110     24.00000          620          394      0.76923 
  111     23.00000          465          334      0.82103 
  112     22.00000          430          275      0.76312 
  113     21.00000          526          274      0.66750 
  114     20.00000          596          271      0.60900 
  115     19.00000          638          270      0.58811 
  116     18.00000          667          270      0.57204 
  117     17.00000          683          261      0.55297 
  118     16.00000          664          247      0.54226 
  119     15.00000          674          237      0.52031 
  120     14.00000          649          216      0.49942 
  121     13.00000          639          209      0.49292 
  122     12.00000          616          185      0.46192 
  123     11.00000          586          160      0.42895 
  124     10.00000          553          134      0.39010 
  125      9.00000          476           88      0.31206 
  126      8.00000          399           32      0.14849 
  127      7.00000          318            0      0.00000 
  128      6.00000          281            0      0.00000 
  129      5.00000          233            0      0.00000 
  130      4.00000          172            0      0.00000 
  131      3.00000           88            0      0.00000 
  132      2.00000          120          220      0.70588 
  133      1.00000          254          385      0.79499 
  134      0.00000          346          503      0.81508 
  135     -1.00000          413          590      0.82353 
  136     -2.00000          469          656      0.83378 
  137     -3.00000          958         1288      0.78896 
  138     -4.00000         1314         1818      0.79310 
  139     -5.00000         1564         2188      0.79744 
  140     -6.00000         1737         2439      0.80077 
  141     -7.00000         1872         2617      0.80552 
  142     -8.00000         2312         2821      0.85642 
  143     -9.00000         2621         2942      0.88010 
  144    -10.00000         2860         3101      0.88978 
  145    -11.00000         3005         3167      0.89793 
  146    -12.00000         3120         3215      0.90387 
  147    -13.00000         3244         3273      0.90901 
  148    -14.00000         3287         3259      0.91353 
  149    -15.00000         3360         3262      0.91453 
  150    -16.00000         3375         3238      0.91214 
  151    -17.00000         3365         3206      0.90945 
  152    -18.00000         3332         3161      0.90898 
  153    -19.00000         3284         3123      0.90869 
  154    -20.00000         3303         3138      0.91073 
  155    -21.00000         3275         3127      0.91128 
  156    -22.00000         3259         3123      0.91100 
  157    -23.00000         3238         3093      0.90507 
  158    -24.00000         3212         3031      0.89572 
  159    -25.00000         3165         2975      0.88567 
  160    -26.00000         3034         2857      0.87116 
  161    -27.00000         2825         2733      0.84995 
  162    -28.00000         2492         2620      0.83372 
  163    -29.00000         2389         2630      0.83802 
  164    -30.00000         2297         2638      0.83080 
  165    -31.00000         2140         2564      0.82313 
  166    -32.00000         1945         2472      0.80235 
  167    -33.00000         1786         2373      0.78480 
  168    -34.00000         1742         2307      0.78340 
  169    -35.00000         1705         2230      0.78983 
  170    -36.00000         1615         2114      0.79485 
  171    -37.00000         1551         2020      0.79754 
  172    -38.00000         1480         1896      0.78436 
  173    -39.00000         1403         1813      0.78420 
  174    -40.00000         1349         1755      0.79188 
  175    -41.00000         1241         1648      0.78920 
  176    -42.00000         1154         1544      0.79170 
  177    -43.00000         1057         1433      0.80402 
  178    -44.00000         1000         1352      0.80102 
  179    -45.00000          962         1265      0.81185 
  180    -46.00000          893         1195      0.79885 
  181    -47.00000          820         1150      0.80305 
  182    -48.00000          734         1069      0.80089 
  183    -49.00000          669          984      0.79250 
  184    -50.00000          604          894      0.78104 
  185    -51.00000          517          772      0.76804 
  186    -52.00000          452          676      0.75000 
  187    -53.00000          344          533      0.72976 
  188    -54.00000          278          428      0.72521 
  189    -55.00000          205          315      0.74231 
  190    -56.00000          121          191      0.74359 
  191    -57.00000           48           73      0.79339 
  192    -58.00000           12           12      1.00000 
  193    -59.00000            0            0      0.00000 
  194    -60.00000            0            0      0.00000 
  195    -61.00000            0            0      0.00000 
  196    -62.00000            0            0      0.00000 
  197    -63.00000            0            0      0.00000 
  198    -64.00000            0            0      0.00000 
  199    -65.00000            0            0      0.00000 
  200    -66.00000            0            0      0.00000 
  201    -67.00000            0            0      0.00000 
  202    -68.00000            0            0      0.00000 
  203    -69.00000            0            0      0.00000 
  204    -70.00000            0            0      0.00000 
  205    -71.00000            0            0      0.00000 
  206    -72.00000            0            0      0.00000 
  207    -73.00000            0            0      0.00000 
  208    -74.00000            0            0      0.00000 
  209    -75.00000            0            0      0.00000 
  210    -76.00000            0            0      0.00000 
  211    -77.00000            0            0      0.00000 
  212    -78.00000            0            0      0.00000 
  213    -79.00000            0            0      0.00000 
  214    -80.00000            0            0      0.00000 
  215    -81.00000            0            0      0.00000 
  216    -82.00000            0            0      0.00000 
  217    -83.00000            0            0      0.00000 
  218    -84.00000            0            0      0.00000 
  219    -85.00000            0            0      0.00000 
  220    -86.00000            0            0      0.00000 
  221    -87.00000            0            0      0.00000 
  222    -88.00000            0            0      0.00000 
  223    -89.00000            0            0      0.00000 
  224    -90.00000            0            0      0.00000 
  225    -91.00000            0            0      0.00000 
  226    -92.00000            0            0      0.00000 
  227    -93.00000            0            0      0.00000 
  228    -94.00000            0            0      0.00000 
  229    -95.00000            0            0      0.00000 
  230    -96.00000            0            0      0.00000 
  231    -97.00000            0            0      0.00000 
  232    -98.00000            0            0      0.00000 
