# 3dSliceNDice -insetA 9m_1min_m3_binary+orig -insetB 9m_2min_m3_binary+orig -prefix 9m_1min_2min_m3
    0     96.00000            0            0      0.00000 
    1     95.00000            0            0      0.00000 
    2     94.00000            0            0      0.00000 
    3     93.00000            0            0      0.00000 
    4     92.00000            0            0      0.00000 
    5     91.00000            0            0      0.00000 
    6     90.00000            0            0      0.00000 
    7     89.00000            0            0      0.00000 
    8     88.00000            0            0      0.00000 
    9     87.00000            0            0      0.00000 
   10     86.00000            0            0      0.00000 
   11     85.00000            0            0      0.00000 
   12     84.00000            0            0      0.00000 
   13     83.00000            0            0      0.00000 
   14     82.00000            0            0      0.00000 
   15     81.00000            0            0      0.00000 
   16     80.00000            0            0      0.00000 
   17     79.00000            0            0      0.00000 
   18     78.00000            0            0      0.00000 
   19     77.00000            0            0      0.00000 
   20     76.00000            0            0      0.00000 
   21     75.00000            0            0      0.00000 
   22     74.00000            0            0      0.00000 
   23     73.00000            0            0      0.00000 
   24     72.00000            0            0      0.00000 
   25     71.00000            0            0      0.00000 
   26     70.00000            0            0      0.00000 
   27     69.00000            0            0      0.00000 
   28     68.00000            0            0      0.00000 
   29     67.00000            0            0      0.00000 
   30     66.00000            0            0      0.00000 
   31     65.00000            0            0      0.00000 
   32     64.00000            0            0      0.00000 
   33     63.00000            0            0      0.00000 
   34     62.00000            0            0      0.00000 
   35     61.00000            0            0      0.00000 
   36     60.00000            0            0      0.00000 
   37     59.00000            0            0      0.00000 
   38     58.00000            0            0      0.00000 
   39     57.00000            0            0      0.00000 
   40     56.00000            0            0      0.00000 
   41     55.00000            0            0      0.00000 
   42     54.00000            0            0      0.00000 
   43     53.00000            0            0      0.00000 
   44     52.00000            0            0      0.00000 
   45     51.00000            0            0      0.00000 
   46     50.00000            0            0      0.00000 
   47     49.00000            0            0      0.00000 
   48     48.00000            0            0      0.00000 
   49     47.00000            0            0      0.00000 
   50     46.00000            0            0      0.00000 
   51     45.00000            0            0      0.00000 
   52     44.00000            0            0      0.00000 
   53     43.00000            0            0      0.00000 
   54     42.00000            0            0      0.00000 
   55     41.00000            0            0      0.00000 
   56     40.00000            0            0      0.00000 
   57     39.00000            0            0      0.00000 
   58     38.00000            0            0      0.00000 
   59     37.00000           32           60      0.69565 
   60     36.00000           88          138      0.77876 
   61     35.00000          140          204      0.81395 
   62     34.00000          180          254      0.82949 
   63     33.00000          216          296      0.84375 
   64     32.00000          383          351      0.78474 
   65     31.00000          548          400      0.74684 
   66     30.00000          679          462      0.73269 
   67     29.00000          776          501      0.72200 
   68     28.00000          852          534      0.71861 
   69     27.00000          980          821      0.75625 
   70     26.00000         1092         1065      0.79648 
   71     25.00000         1223         1233      0.83062 
   72     24.00000         1328         1354      0.84564 
   73     23.00000         1415         1441      0.85854 
   74     22.00000         1561         1597      0.88854 
   75     21.00000         1685         1734      0.91079 
   76     20.00000         1796         1868      0.92031 
   77     19.00000         1865         1956      0.92227 
   78     18.00000         1920         2020      0.92538 
   79     17.00000         2270         2311      0.90897 
   80     16.00000         2484         2545      0.91032 
   81     15.00000         2676         2755      0.91585 
   82     14.00000         2803         2903      0.91798 
   83     13.00000         2919         3039      0.92044 
   84     12.00000         3068         3187      0.92918 
   85     11.00000         3168         3282      0.92961 
   86     10.00000         3276         3385      0.93049 
   87      9.00000         3356         3459      0.93118 
   88      8.00000         3428         3544      0.93001 
   89      7.00000         3504         3668      0.92610 
   90      6.00000         3516         3745      0.92136 
   91      5.00000         3506         3807      0.91563 
   92      4.00000         3465         3807      0.91364 
   93      3.00000         3412         3788      0.91278 
   94      2.00000         3319         3705      0.91230 
   95      1.00000         3196         3569      0.91441 
   96      0.00000         3118         3494      0.91561 
   97     -1.00000         3079         3498      0.91014 
   98     -2.00000         3107         3576      0.90289 
   99     -3.00000         3060         3577      0.89438 
  100     -4.00000         3004         3542      0.88756 
  101     -5.00000         2910         3478      0.87884 
  102     -6.00000         2765         3340      0.86552 
  103     -7.00000         2556         3177      0.83900 
  104     -8.00000         2374         2940      0.82650 
  105     -9.00000         2370         2803      0.84245 
  106    -10.00000         2319         2635      0.85749 
  107    -11.00000         2238         2481      0.86162 
  108    -12.00000         2152         2325      0.87559 
  109    -13.00000         2021         2137      0.90524 
  110    -14.00000         2007         2112      0.89633 
  111    -15.00000         1992         2079      0.88676 
  112    -16.00000         1925         1988      0.87350 
  113    -17.00000         1847         1869      0.85953 
  114    -18.00000         1763         1738      0.85576 
  115    -19.00000         1709         1663      0.85409 
  116    -20.00000         1648         1582      0.85449 
  117    -21.00000         1529         1447      0.84812 
  118    -22.00000         1392         1290      0.80910 
  119    -23.00000         1167         1126      0.80419 
  120    -24.00000         1100         1058      0.80260 
  121    -25.00000         1008          963      0.80264 
  122    -26.00000          893          858      0.80183 
  123    -27.00000          777          738      0.82376 
  124    -28.00000          694          685      0.86875 
  125    -29.00000          681          692      0.86235 
  126    -30.00000          661          680      0.86353 
  127    -31.00000          616          637      0.86832 
  128    -32.00000          530          573      0.86673 
  129    -33.00000          506          548      0.85389 
  130    -34.00000          588          573      0.84065 
  131    -35.00000          659          602      0.84219 
  132    -36.00000          704          616      0.84242 
  133    -37.00000          741          628      0.84879 
  134    -38.00000          781          633      0.85007 
  135    -39.00000          783          626      0.86444 
  136    -40.00000          794          620      0.87270 
  137    -41.00000          769          608      0.87872 
  138    -42.00000          721          577      0.88444 
  139    -43.00000          675          550      0.89306 
  140    -44.00000          620          510      0.89735 
  141    -45.00000          562          471      0.90610 
  142    -46.00000          492          416      0.91410 
  143    -47.00000          408          347      0.91391 
  144    -48.00000          328          284      0.92810 
  145    -49.00000          244          215      0.93682 
  146    -50.00000          167          153      0.95625 
  147    -51.00000          116          111      0.97797 
  148    -52.00000           85           85      1.00000 
  149    -53.00000           54           54      1.00000 
  150    -54.00000           25           25      1.00000 
  151    -55.00000            2            2      1.00000 
  152    -56.00000            0            0      0.00000 
  153    -57.00000            0            0      0.00000 
  154    -58.00000            0            0      0.00000 
  155    -59.00000            0            0      0.00000 
  156    -60.00000            0            0      0.00000 
  157    -61.00000            0            0      0.00000 
  158    -62.00000            0            0      0.00000 
  159    -63.00000            0            0      0.00000 
  160    -64.00000            0            0      0.00000 
  161    -65.00000            0            0      0.00000 
  162    -66.00000            0            0      0.00000 
  163    -67.00000            0            0      0.00000 
  164    -68.00000            0            0      0.00000 
  165    -69.00000            0            0      0.00000 
  166    -70.00000            0            0      0.00000 
  167    -71.00000            0            0      0.00000 
  168    -72.00000            0            0      0.00000 
  169    -73.00000            0            0      0.00000 
  170    -74.00000            0            0      0.00000 
  171    -75.00000            0            0      0.00000 
  172    -76.00000            0            0      0.00000 
  173    -77.00000            0            0      0.00000 
  174    -78.00000            0            0      0.00000 
  175    -79.00000            0            0      0.00000 
  176    -80.00000            0            0      0.00000 
  177    -81.00000            0            0      0.00000 
  178    -82.00000            0            0      0.00000 
  179    -83.00000            0            0      0.00000 
  180    -84.00000            0            0      0.00000 
  181    -85.00000            0            0      0.00000 
  182    -86.00000            0            0      0.00000 
  183    -87.00000            0            0      0.00000 
  184    -88.00000            0            0      0.00000 
  185    -89.00000            0            0      0.00000 
  186    -90.00000            0            0      0.00000 
  187    -91.00000            0            0      0.00000 
  188    -92.00000            0            0      0.00000 
  189    -93.00000            0            0      0.00000 
  190    -94.00000            0            0      0.00000 
  191    -95.00000            0            0      0.00000 
  192    -96.00000            0            0      0.00000 
  193    -97.00000            0            0      0.00000 
  194    -98.00000            0            0      0.00000 
