# 3dSliceNDice -insetA 9m_1min_m2_binary+orig -insetB 9m_4min_m2_binary+orig -prefix 9m_1min_4min_m2
    0    -72.00000            0            0      0.00000 
    1    -71.00000            0            0      0.00000 
    2    -70.00000            0            0      0.00000 
    3    -69.00000            0            0      0.00000 
    4    -68.00000            0            0      0.00000 
    5    -67.00000            0            0      0.00000 
    6    -66.00000            0            0      0.00000 
    7    -65.00000            0            0      0.00000 
    8    -64.00000            0            0      0.00000 
    9    -63.00000            0            0      0.00000 
   10    -62.00000            0            0      0.00000 
   11    -61.00000            0            0      0.00000 
   12    -60.00000            0            0      0.00000 
   13    -59.00000            0            0      0.00000 
   14    -58.00000            0            0      0.00000 
   15    -57.00000            0            0      0.00000 
   16    -56.00000            0            0      0.00000 
   17    -55.00000            0            0      0.00000 
   18    -54.00000            0            0      0.00000 
   19    -53.00000            0            0      0.00000 
   20    -52.00000            0            0      0.00000 
   21    -51.00000            6            6      1.00000 
   22    -50.00000          137          137      1.00000 
   23    -49.00000          681          681      1.00000 
   24    -48.00000         1101         1101      1.00000 
   25    -47.00000         1342         1342      1.00000 
   26    -46.00000         1600         1595      0.99844 
   27    -45.00000         1862         1834      0.99242 
   28    -44.00000         2076         2023      0.98707 
   29    -43.00000         2297         2208      0.98024 
   30    -42.00000         2476         2355      0.97495 
   31    -41.00000         2607         2461      0.97119 
   32    -40.00000         2731         2560      0.96768 
   33    -39.00000         2820         2624      0.96400 
   34    -38.00000         2897         2691      0.96278 
   35    -37.00000         2938         2721      0.95989 
   36    -36.00000         2993         2775      0.95908 
   37    -35.00000         3031         2797      0.95436 
   38    -34.00000         3027         2786      0.94856 
   39    -33.00000         3044         2805      0.94614 
   40    -32.00000         3031         2818      0.94170 
   41    -31.00000         3004         2814      0.93984 
   42    -30.00000         2955         2795      0.93774 
   43    -29.00000         2887         2760      0.93607 
   44    -28.00000         2847         2760      0.94418 
   45    -27.00000         2794         2721      0.94542 
   46    -26.00000         2803         2737      0.94585 
   47    -25.00000         2731         2668      0.94573 
   48    -24.00000         2587         2542      0.94209 
   49    -23.00000         2434         2411      0.93622 
   50    -22.00000         2260         2279      0.92664 
   51    -21.00000         2173         2209      0.92195 
   52    -20.00000         2059         2120      0.91792 
   53    -19.00000         1901         1994      0.91399 
   54    -18.00000         1733         1882      0.91452 
   55    -17.00000         1574         1763      0.91999 
   56    -16.00000         1489         1675      0.91972 
   57    -15.00000         1384         1592      0.91465 
   58    -14.00000         1210         1464      0.89454 
   59    -13.00000         1020         1285      0.88503 
   60    -12.00000          834         1099      0.86291 
   61    -11.00000          760         1048      0.84071 
   62    -10.00000          663          974      0.81002 
   63     -9.00000          529          864      0.75951 
   64     -8.00000          324          745      0.60617 
   65     -7.00000            0          664      0.00000 
   66     -6.00000            0          653      0.00000 
   67     -5.00000            0          626      0.00000 
   68     -4.00000            0          560      0.00000 
   69     -3.00000            0          455      0.00000 
   70     -2.00000           63          485      0.00000 
   71     -1.00000          163          628      0.00000 
   72      0.00000          243          747      0.00000 
   73      1.00000          299          821      0.00000 
   74      2.00000          341          879      0.00000 
   75      3.00000          473          990      0.11757 
   76      4.00000          610         1083      0.23390 
   77      5.00000          731         1162      0.31062 
   78      6.00000          807         1199      0.36391 
   79      7.00000          863         1223      0.40173 
   80      8.00000          910         1288      0.43221 
   81      9.00000          919         1338      0.43864 
   82     10.00000          935         1398      0.44921 
   83     11.00000          906         1401      0.45860 
   84     12.00000          890         1393      0.46693 
   85     13.00000          856         1392      0.47331 
   86     14.00000          798         1367      0.47945 
   87     15.00000          744         1332      0.48748 
   88     16.00000          668         1263      0.49404 
   89     17.00000          611         1189      0.50222 
   90     18.00000          523         1092      0.49288 
   91     19.00000          449         1007      0.47665 
   92     20.00000          355          917      0.44025 
   93     21.00000          231          790      0.36631 
   94     22.00000           89          637      0.21763 
   95     23.00000            0          396      0.00000 
   96     24.00000            0          329      0.00000 
   97     25.00000            0          257      0.00000 
   98     26.00000            0          165      0.00000 
   99     27.00000            0           62      0.00000 
  100     28.00000            0            0      0.00000 
  101     29.00000            0            0      0.00000 
  102     30.00000            0            0      0.00000 
  103     31.00000            0            0      0.00000 
  104     32.00000            0            0      0.00000 
  105     33.00000            0           32      0.00000 
  106     34.00000            0           88      0.00000 
  107     35.00000            0          140      0.00000 
  108     36.00000            0          180      0.00000 
  109     37.00000            0          216      0.00000 
  110     38.00000            0          256      0.00000 
  111     39.00000            0          274      0.00000 
  112     40.00000            0          280      0.00000 
  113     41.00000            0          265      0.00000 
  114     42.00000            0          247      0.00000 
  115     43.00000            0          207      0.00000 
  116     44.00000            0          167      0.00000 
  117     45.00000            0          136      0.00000 
  118     46.00000            0           89      0.00000 
  119     47.00000            0           40      0.00000 
  120     48.00000            0           15      0.00000 
  121     49.00000            0            0      0.00000 
  122     50.00000            0            0      0.00000 
  123     51.00000            0            0      0.00000 
  124     52.00000            0            0      0.00000 
  125     53.00000            0            0      0.00000 
  126     54.00000            0            0      0.00000 
  127     55.00000            0            0      0.00000 
  128     56.00000            0            0      0.00000 
  129     57.00000            0            0      0.00000 
  130     58.00000            0            0      0.00000 
  131     59.00000            0            0      0.00000 
  132     60.00000            0            0      0.00000 
  133     61.00000            0            0      0.00000 
  134     62.00000            0            0      0.00000 
  135     63.00000            0            0      0.00000 
  136     64.00000            0            0      0.00000 
  137     65.00000            0            0      0.00000 
  138     66.00000            0            0      0.00000 
  139     67.00000            0            0      0.00000 
  140     68.00000            0            0      0.00000 
  141     69.00000            0            0      0.00000 
  142     70.00000            0            0      0.00000 
  143     71.00000            0            0      0.00000 
  144     72.00000            0            0      0.00000 
  145     73.00000            0            0      0.00000 
  146     74.00000            0            0      0.00000 
  147     75.00000            0            0      0.00000 
  148     76.00000            0            0      0.00000 
  149     77.00000            0            0      0.00000 
  150     78.00000            0            0      0.00000 
  151     79.00000            0            0      0.00000 
  152     80.00000            0            0      0.00000 
  153     81.00000            0            0      0.00000 
  154     82.00000            0            0      0.00000 
  155     83.00000            0            0      0.00000 
  156     84.00000            0            0      0.00000 
  157     85.00000            0            0      0.00000 
  158     86.00000            0            0      0.00000 
