# 3dSliceNDice -insetA 9m_1min_m3_binary+orig -insetB 9m_4min_m3_binary+orig -prefix 9m_1min_4min_m3
    0    134.00000            0            0      0.00000 
    1    133.00000            0            0      0.00000 
    2    132.00000            0            0      0.00000 
    3    131.00000            0            0      0.00000 
    4    130.00000            0            0      0.00000 
    5    129.00000            0            0      0.00000 
    6    128.00000            0            0      0.00000 
    7    127.00000            0            0      0.00000 
    8    126.00000            0            0      0.00000 
    9    125.00000            0            0      0.00000 
   10    124.00000            0            0      0.00000 
   11    123.00000            0            0      0.00000 
   12    122.00000            0            0      0.00000 
   13    121.00000            0            0      0.00000 
   14    120.00000            0            0      0.00000 
   15    119.00000            0            0      0.00000 
   16    118.00000            0            0      0.00000 
   17    117.00000            0            0      0.00000 
   18    116.00000            0            0      0.00000 
   19    115.00000            0            0      0.00000 
   20    114.00000            0            0      0.00000 
   21    113.00000            0            0      0.00000 
   22    112.00000            0            0      0.00000 
   23    111.00000            0            0      0.00000 
   24    110.00000            0            0      0.00000 
   25    109.00000            0            0      0.00000 
   26    108.00000            0            0      0.00000 
   27    107.00000            0            0      0.00000 
   28    106.00000            0            0      0.00000 
   29    105.00000            0            0      0.00000 
   30    104.00000            0            0      0.00000 
   31    103.00000            0            0      0.00000 
   32    102.00000            0            0      0.00000 
   33    101.00000            0            0      0.00000 
   34    100.00000            0            0      0.00000 
   35     99.00000            0            0      0.00000 
   36     98.00000            0            0      0.00000 
   37     97.00000            0            0      0.00000 
   38     96.00000            0            0      0.00000 
   39     95.00000            0            0      0.00000 
   40     94.00000            0            0      0.00000 
   41     93.00000            0            0      0.00000 
   42     92.00000            0            0      0.00000 
   43     91.00000            0            0      0.00000 
   44     90.00000            0            0      0.00000 
   45     89.00000            0            0      0.00000 
   46     88.00000            0            0      0.00000 
   47     87.00000            0            0      0.00000 
   48     86.00000            0            0      0.00000 
   49     85.00000            0            0      0.00000 
   50     84.00000            0            0      0.00000 
   51     83.00000            0            0      0.00000 
   52     82.00000            0            0      0.00000 
   53     81.00000            0            0      0.00000 
   54     80.00000            0            0      0.00000 
   55     79.00000            0            0      0.00000 
   56     78.00000            0            0      0.00000 
   57     77.00000            0            0      0.00000 
   58     76.00000            0            0      0.00000 
   59     75.00000           12            0      0.00000 
   60     74.00000           39            0      0.00000 
   61     73.00000           64            0      0.00000 
   62     72.00000          107           10      0.17094 
   63     71.00000          152           40      0.41667 
   64     70.00000          215           98      0.62620 
   65     69.00000          256          150      0.73892 
   66     68.00000          292          191      0.79089 
   67     67.00000          350          332      0.71554 
   68     66.00000          398          498      0.69196 
   69     65.00000          477          665      0.69527 
   70     64.00000          554          821      0.71127 
   71     63.00000          625          962      0.72716 
   72     62.00000          743         1109      0.77538 
   73     61.00000          859         1197      0.81809 
   74     60.00000          971         1325      0.84582 
   75     59.00000         1045         1393      0.85726 
   76     58.00000         1108         1451      0.86596 
   77     57.00000         1266         1517      0.84585 
   78     56.00000         1389         1561      0.81492 
   79     55.00000         1516         1631      0.78742 
   80     54.00000         1614         1697      0.75627 
   81     53.00000         1695         1754      0.73181 
   82     52.00000         1873         1938      0.73104 
   83     51.00000         2069         2067      0.72485 
   84     50.00000         2228         2165      0.71705 
   85     49.00000         2343         2208      0.71149 
   86     48.00000         2456         2277      0.70864 
   87     47.00000         2656         2371      0.73603 
   88     46.00000         2837         2495      0.76557 
   89     45.00000         2960         2592      0.79107 
   90     44.00000         2985         2604      0.80623 
   91     43.00000         2967         2575      0.81415 
   92     42.00000         2903         2543      0.83327 
   93     41.00000         2946         2633      0.84926 
   94     40.00000         2990         2729      0.85819 
   95     39.00000         2961         2743      0.86676 
   96     38.00000         2927         2741      0.87615 
   97     37.00000         2892         2744      0.88999 
   98     36.00000         2886         2774      0.89682 
   99     35.00000         2914         2822      0.90725 
  100     34.00000         2907         2832      0.91584 
  101     33.00000         2925         2870      0.92355 
  102     32.00000         2925         2883      0.93561 
  103     31.00000         2881         2844      0.94288 
  104     30.00000         2859         2845      0.94916 
  105     29.00000         2805         2838      0.95162 
  106     28.00000         2756         2836      0.95100 
  107     27.00000         2669         2799      0.95099 
  108     26.00000         2578         2733      0.95199 
  109     25.00000         2497         2681      0.95404 
  110     24.00000         2419         2621      0.95754 
  111     23.00000         2331         2557      0.95213 
  112     22.00000         2269         2489      0.95250 
  113     21.00000         2187         2399      0.95246 
  114     20.00000         2074         2282      0.95225 
  115     19.00000         1983         2170      0.95160 
  116     18.00000         1916         2085      0.95076 
  117     17.00000         1883         2061      0.94371 
  118     16.00000         1886         2071      0.93758 
  119     15.00000         1883         2073      0.93225 
  120     14.00000         1852         2060      0.92843 
  121     13.00000         1834         2070      0.92213 
  122     12.00000         1785         2168      0.88996 
  123     11.00000         1717         2216      0.86143 
  124     10.00000         1631         2223      0.83757 
  125      9.00000         1494         2145      0.81561 
  126      8.00000         1333         2053      0.78323 
  127      7.00000         1148         1917      0.74584 
  128      6.00000          987         1755      0.71481 
  129      5.00000          876         1655      0.68748 
  130      4.00000          734         1504      0.65505 
  131      3.00000          506         1329      0.55150 
  132      2.00000          280         1160      0.38889 
  133      1.00000          266         1073      0.39731 
  134      0.00000          253          977      0.41138 
  135     -1.00000          230          866      0.41971 
  136     -2.00000          211          737      0.44515 
  137     -3.00000          294          690      0.59756 
  138     -4.00000          421          783      0.69934 
  139     -5.00000          515          841      0.75959 
  140     -6.00000          576          857      0.80391 
  141     -7.00000          614          867      0.82917 
  142     -8.00000          647          859      0.85923 
  143     -9.00000          653          827      0.87568 
  144    -10.00000          673          801      0.89824 
  145    -11.00000          684          748      0.93017 
  146    -12.00000          692          713      0.95231 
  147    -13.00000          703          710      0.95683 
  148    -14.00000          682          698      0.95797 
  149    -15.00000          677          696      0.95120 
  150    -16.00000          676          692      0.94591 
  151    -17.00000          673          692      0.95092 
  152    -18.00000          667          684      0.94893 
  153    -19.00000          634          656      0.94729 
  154    -20.00000          610          629      0.94592 
  155    -21.00000          560          588      0.94077 
  156    -22.00000          518          554      0.92351 
  157    -23.00000          451          500      0.90641 
  158    -24.00000          392          456      0.87972 
  159    -25.00000          317          399      0.83520 
  160    -26.00000          223          322      0.75963 
  161    -27.00000           99          245      0.48837 
  162    -28.00000            0          148      0.00000 
  163    -29.00000            0          117      0.00000 
  164    -30.00000            0           77      0.00000 
  165    -31.00000            0           36      0.00000 
  166    -32.00000            0            1      0.00000 
  167    -33.00000            0            0      0.00000 
  168    -34.00000            0            0      0.00000 
  169    -35.00000            0            0      0.00000 
  170    -36.00000            0            0      0.00000 
  171    -37.00000            0            0      0.00000 
  172    -38.00000            0            0      0.00000 
  173    -39.00000            0            0      0.00000 
  174    -40.00000            0            0      0.00000 
  175    -41.00000            0            0      0.00000 
  176    -42.00000            0            0      0.00000 
  177    -43.00000            0            0      0.00000 
  178    -44.00000            0            0      0.00000 
  179    -45.00000            0            0      0.00000 
  180    -46.00000            0            0      0.00000 
  181    -47.00000            0            0      0.00000 
  182    -48.00000            0            0      0.00000 
  183    -49.00000            0            0      0.00000 
  184    -50.00000            0            0      0.00000 
  185    -51.00000            0            0      0.00000 
  186    -52.00000            0            0      0.00000 
  187    -53.00000            0            0      0.00000 
  188    -54.00000            0            0      0.00000 
  189    -55.00000            0            0      0.00000 
  190    -56.00000            0            0      0.00000 
  191    -57.00000            0            0      0.00000 
  192    -58.00000            0            0      0.00000 
  193    -59.00000            0            0      0.00000 
  194    -60.00000            0            0      0.00000 
  195    -61.00000            0            0      0.00000 
  196    -62.00000            0            0      0.00000 
  197    -63.00000            0            0      0.00000 
  198    -64.00000            0            0      0.00000 
  199    -65.00000            0            0      0.00000 
  200    -66.00000            0            0      0.00000 
  201    -67.00000            0            0      0.00000 
  202    -68.00000            0            0      0.00000 
  203    -69.00000            0            0      0.00000 
  204    -70.00000            0            0      0.00000 
  205    -71.00000            0            0      0.00000 
  206    -72.00000            0            0      0.00000 
  207    -73.00000            0            0      0.00000 
  208    -74.00000            0            0      0.00000 
  209    -75.00000            0            0      0.00000 
  210    -76.00000            0            0      0.00000 
  211    -77.00000            0            0      0.00000 
  212    -78.00000            0            0      0.00000 
  213    -79.00000            0            0      0.00000 
  214    -80.00000            0            0      0.00000 
  215    -81.00000            0            0      0.00000 
  216    -82.00000            0            0      0.00000 
  217    -83.00000            0            0      0.00000 
  218    -84.00000            0            0      0.00000 
  219    -85.00000            0            0      0.00000 
  220    -86.00000            0            0      0.00000 
  221    -87.00000            0            0      0.00000 
  222    -88.00000            0            0      0.00000 
  223    -89.00000            0            0      0.00000 
  224    -90.00000            0            0      0.00000 
  225    -91.00000            0            0      0.00000 
  226    -92.00000            0            0      0.00000 
  227    -93.00000            0            0      0.00000 
  228    -94.00000            0            0      0.00000 
  229    -95.00000            0            0      0.00000 
  230    -96.00000            0            0      0.00000 
  231    -97.00000            0            0      0.00000 
  232    -98.00000            0            0      0.00000 
