# 3dSliceNDice -insetA 9m_1min_m5_binary+orig -insetB 9m_3min_m5_binary+orig -prefix 9m_1min_3min_m5
    0    -72.00000            0            0      0.00000 
    1    -71.00000            0            0      0.00000 
    2    -70.00000            0            0      0.00000 
    3    -69.00000            0            0      0.00000 
    4    -68.00000            0            0      0.00000 
    5    -67.00000            0            0      0.00000 
    6    -66.00000            0            0      0.00000 
    7    -65.00000            0            0      0.00000 
    8    -64.00000            0            0      0.00000 
    9    -63.00000            0            0      0.00000 
   10    -62.00000            0            0      0.00000 
   11    -61.00000            0            0      0.00000 
   12    -60.00000            0            0      0.00000 
   13    -59.00000            0            0      0.00000 
   14    -58.00000            0            0      0.00000 
   15    -57.00000            0            0      0.00000 
   16    -56.00000            0            0      0.00000 
   17    -55.00000            0            0      0.00000 
   18    -54.00000            0            0      0.00000 
   19    -53.00000            0            0      0.00000 
   20    -52.00000            0            0      0.00000 
   21    -51.00000            6            6      1.00000 
   22    -50.00000          137          137      1.00000 
   23    -49.00000          681          681      1.00000 
   24    -48.00000         1101         1101      1.00000 
   25    -47.00000         1342         1342      1.00000 
   26    -46.00000         1600         1600      1.00000 
   27    -45.00000         1862         1862      1.00000 
   28    -44.00000         2076         2076      1.00000 
   29    -43.00000         2295         2295      1.00000 
   30    -42.00000         2469         2469      1.00000 
   31    -41.00000         2591         2587      0.99923 
   32    -40.00000         2700         2692      0.99852 
   33    -39.00000         2786         2755      0.99441 
   34    -38.00000         2865         2819      0.99156 
   35    -37.00000         2923         2847      0.98544 
   36    -36.00000         2992         2894      0.98165 
   37    -35.00000         3046         2911      0.97499 
   38    -34.00000         3069         2898      0.96699 
   39    -33.00000         3093         2894      0.96275 
   40    -32.00000         3068         2866      0.95989 
   41    -31.00000         3023         2836      0.96091 
   42    -30.00000         2948         2775      0.96034 
   43    -29.00000         2843         2690      0.95970 
   44    -28.00000         2736         2646      0.96618 
   45    -27.00000         2644         2604      0.96189 
   46    -26.00000         2612         2612      0.95865 
   47    -25.00000         2522         2528      0.95921 
   48    -24.00000         2342         2362      0.95833 
   49    -23.00000         2049         2093      0.95220 
   50    -22.00000         1686         1673      0.90979 
   51    -21.00000         1596         1579      0.90709 
   52    -20.00000         1471         1450      0.90243 
   53    -19.00000         1290         1280      0.88949 
   54    -18.00000          980          999      0.83982 
   55    -17.00000          436          357      0.59521 
   56    -16.00000          382          312      0.55908 
   57    -15.00000          318          266      0.50342 
   58    -14.00000          232          176      0.43137 
   59    -13.00000          116           64      0.35556 
   60    -12.00000            0            0      0.00000 
   61    -11.00000            0            0      0.00000 
   62    -10.00000            0            0      0.00000 
   63     -9.00000            0            0      0.00000 
   64     -8.00000            0            0      0.00000 
   65     -7.00000            0            0      0.00000 
   66     -6.00000            0            0      0.00000 
   67     -5.00000            0            0      0.00000 
   68     -4.00000            0            0      0.00000 
   69     -3.00000            0            0      0.00000 
   70     -2.00000          144          112      0.68750 
   71     -1.00000          279          213      0.75203 
   72      0.00000          375          293      0.78144 
   73      1.00000          446          353      0.79599 
   74      2.00000          506          401      0.80706 
   75      3.00000          678          498      0.78061 
   76      4.00000          829          614      0.72904 
   77      5.00000          958          751      0.71504 
   78      6.00000         1046          850      0.70675 
   79      7.00000         1125          936      0.69869 
   80      8.00000         1237         1193      0.66914 
   81      9.00000         1333         1476      0.64009 
   82     10.00000         1443         1729      0.64061 
   83     11.00000         1504         1895      0.65078 
   84     12.00000         1560         2031      0.66165 
   85     13.00000         1760         2237      0.69852 
   86     14.00000         1965         2349      0.73389 
   87     15.00000         2135         2505      0.76121 
   88     16.00000         2232         2601      0.77261 
   89     17.00000         2306         2689      0.78158 
   90     18.00000         2365         2765      0.79415 
   91     19.00000         2394         2794      0.80686 
   92     20.00000         2439         2834      0.81927 
   93     21.00000         2437         2795      0.82454 
   94     22.00000         2459         2781      0.83053 
   95     23.00000         2444         2729      0.83279 
   96     24.00000         2386         2658      0.82831 
   97     25.00000         2341         2599      0.82591 
   98     26.00000         2218         2474      0.81884 
   99     27.00000         2111         2364      0.81430 
  100     28.00000         1965         2248      0.78851 
  101     29.00000         1834         2174      0.75798 
  102     30.00000         1675         2091      0.72119 
  103     31.00000         1475         1925      0.68471 
  104     32.00000         1263         1753      0.65451 
  105     33.00000         1084         1574      0.62077 
  106     34.00000         1004         1538      0.60110 
  107     35.00000          939         1508      0.56968 
  108     36.00000          838         1413      0.52510 
  109     37.00000          743         1316      0.46139 
  110     38.00000          596         1199      0.37994 
  111     39.00000          501         1149      0.35515 
  112     40.00000          392         1089      0.31870 
  113     41.00000          266          975      0.24819 
  114     42.00000          120          788      0.08811 
  115     43.00000            0          574      0.00000 
  116     44.00000            0          531      0.00000 
  117     45.00000            0          494      0.00000 
  118     46.00000            0          437      0.00000 
  119     47.00000            0          387      0.00000 
  120     48.00000            0          342      0.00000 
  121     49.00000            0          297      0.00000 
  122     50.00000            0          234      0.00000 
  123     51.00000            0          154      0.00000 
  124     52.00000            0           87      0.00000 
  125     53.00000            0           29      0.00000 
  126     54.00000            0            3      0.00000 
  127     55.00000            0            0      0.00000 
  128     56.00000            0            0      0.00000 
  129     57.00000            0            0      0.00000 
  130     58.00000            0            0      0.00000 
  131     59.00000            0            0      0.00000 
  132     60.00000            0            0      0.00000 
  133     61.00000            0            0      0.00000 
  134     62.00000            0            0      0.00000 
  135     63.00000            0            0      0.00000 
  136     64.00000            0            0      0.00000 
  137     65.00000            0            0      0.00000 
  138     66.00000            0            0      0.00000 
  139     67.00000            0            0      0.00000 
  140     68.00000            0            0      0.00000 
  141     69.00000            0            0      0.00000 
  142     70.00000            0            0      0.00000 
  143     71.00000            0            0      0.00000 
  144     72.00000            0            0      0.00000 
  145     73.00000            0            0      0.00000 
  146     74.00000            0            0      0.00000 
  147     75.00000            0            0      0.00000 
  148     76.00000            0            0      0.00000 
  149     77.00000            0            0      0.00000 
  150     78.00000            0            0      0.00000 
  151     79.00000            0            0      0.00000 
  152     80.00000            0            0      0.00000 
  153     81.00000            0            0      0.00000 
  154     82.00000            0            0      0.00000 
  155     83.00000            0            0      0.00000 
  156     84.00000            0            0      0.00000 
  157     85.00000            0            0      0.00000 
  158     86.00000            0            0      0.00000 
