# 3dSliceNDice -insetA 9m_1min_m3_binary+orig -insetB 9m_3min_m3_binary+orig -prefix 9m_1min_3min_m3
    0    134.00000            0            0      0.00000 
    1    133.00000            0            0      0.00000 
    2    132.00000            0            0      0.00000 
    3    131.00000            0            0      0.00000 
    4    130.00000            0            0      0.00000 
    5    129.00000            0            0      0.00000 
    6    128.00000            0            0      0.00000 
    7    127.00000            0            0      0.00000 
    8    126.00000            0            0      0.00000 
    9    125.00000            0            0      0.00000 
   10    124.00000            0            0      0.00000 
   11    123.00000            0            0      0.00000 
   12    122.00000            0            0      0.00000 
   13    121.00000            0            0      0.00000 
   14    120.00000            0            0      0.00000 
   15    119.00000            0            0      0.00000 
   16    118.00000            0            0      0.00000 
   17    117.00000            0            0      0.00000 
   18    116.00000            0            0      0.00000 
   19    115.00000            0            0      0.00000 
   20    114.00000            0            0      0.00000 
   21    113.00000            0            0      0.00000 
   22    112.00000            0            0      0.00000 
   23    111.00000            0            0      0.00000 
   24    110.00000            0            0      0.00000 
   25    109.00000            0            0      0.00000 
   26    108.00000            0            0      0.00000 
   27    107.00000            0            0      0.00000 
   28    106.00000            0            0      0.00000 
   29    105.00000            0            0      0.00000 
   30    104.00000            0            0      0.00000 
   31    103.00000            0            0      0.00000 
   32    102.00000            0            0      0.00000 
   33    101.00000            0            0      0.00000 
   34    100.00000            0            0      0.00000 
   35     99.00000            0            0      0.00000 
   36     98.00000            0            0      0.00000 
   37     97.00000            0            0      0.00000 
   38     96.00000            0            0      0.00000 
   39     95.00000            0            0      0.00000 
   40     94.00000            0            0      0.00000 
   41     93.00000            0            0      0.00000 
   42     92.00000            0            0      0.00000 
   43     91.00000            0            0      0.00000 
   44     90.00000            0            0      0.00000 
   45     89.00000            0            0      0.00000 
   46     88.00000            0            0      0.00000 
   47     87.00000            0            0      0.00000 
   48     86.00000            0            0      0.00000 
   49     85.00000            0            0      0.00000 
   50     84.00000            0            0      0.00000 
   51     83.00000            0            0      0.00000 
   52     82.00000            0            0      0.00000 
   53     81.00000            0            0      0.00000 
   54     80.00000            0            0      0.00000 
   55     79.00000            0            0      0.00000 
   56     78.00000            0            0      0.00000 
   57     77.00000            0            0      0.00000 
   58     76.00000            0            0      0.00000 
   59     75.00000           12            0      0.00000 
   60     74.00000           39            0      0.00000 
   61     73.00000           64            0      0.00000 
   62     72.00000          107           32      0.46043 
   63     71.00000          152           84      0.66102 
   64     70.00000          215          162      0.76393 
   65     69.00000          256          224      0.80000 
   66     68.00000          292          271      0.80284 
   67     67.00000          350          394      0.73925 
   68     66.00000          398          528      0.69114 
   69     65.00000          477          670      0.70445 
   70     64.00000          554          795      0.72498 
   71     63.00000          625          913      0.74252 
   72     62.00000          743         1031      0.79143 
   73     61.00000          859         1119      0.82912 
   74     60.00000          971         1253      0.84622 
   75     59.00000         1045         1335      0.84790 
   76     58.00000         1108         1411      0.85034 
   77     57.00000         1266         1560      0.83086 
   78     56.00000         1389         1683      0.82357 
   79     55.00000         1516         1811      0.82417 
   80     54.00000         1614         1906      0.81648 
   81     53.00000         1695         1989      0.81216 
   82     52.00000         1873         2179      0.83218 
   83     51.00000         2069         2300      0.84459 
   84     50.00000         2228         2390      0.85275 
   85     49.00000         2343         2455      0.85619 
   86     48.00000         2456         2533      0.85909 
   87     47.00000         2656         2588      0.86651 
   88     46.00000         2837         2639      0.88678 
   89     45.00000         2960         2720      0.89894 
   90     44.00000         2985         2731      0.90378 
   91     43.00000         2967         2681      0.90545 
   92     42.00000         2903         2559      0.91908 
   93     41.00000         2946         2628      0.91963 
   94     40.00000         2990         2727      0.92216 
   95     39.00000         2961         2770      0.92479 
   96     38.00000         2927         2804      0.92724 
   97     37.00000         2892         2849      0.93120 
   98     36.00000         2886         2871      0.93139 
   99     35.00000         2914         2914      0.93342 
  100     34.00000         2907         2895      0.93588 
  101     33.00000         2925         2908      0.93845 
  102     32.00000         2925         2885      0.94251 
  103     31.00000         2881         2821      0.94388 
  104     30.00000         2859         2801      0.94488 
  105     29.00000         2805         2767      0.94724 
  106     28.00000         2756         2738      0.94576 
  107     27.00000         2669         2683      0.94469 
  108     26.00000         2578         2603      0.94345 
  109     25.00000         2497         2544      0.94505 
  110     24.00000         2419         2465      0.95045 
  111     23.00000         2331         2393      0.95470 
  112     22.00000         2269         2322      0.95883 
  113     21.00000         2187         2240      0.96454 
  114     20.00000         2074         2133      0.97124 
  115     19.00000         1983         2034      0.97735 
  116     18.00000         1916         1951      0.97647 
  117     17.00000         1883         1851      0.96733 
  118     16.00000         1886         1771      0.95105 
  119     15.00000         1883         1690      0.93479 
  120     14.00000         1852         1592      0.92393 
  121     13.00000         1834         1534      0.90974 
  122     12.00000         1785         1516      0.91548 
  123     11.00000         1717         1508      0.92837 
  124     10.00000         1631         1463      0.93213 
  125      9.00000         1494         1374      0.92957 
  126      8.00000         1333         1287      0.91298 
  127      7.00000         1148         1163      0.90350 
  128      6.00000          987         1027      0.89871 
  129      5.00000          876          941      0.90149 
  130      4.00000          734          809      0.89047 
  131      3.00000          506          623      0.84677 
  132      2.00000          280          334      0.91205 
  133      1.00000          266          305      0.93170 
  134      0.00000          253          279      0.95113 
  135     -1.00000          230          238      0.98291 
  136     -2.00000          211          211      1.00000 
  137     -3.00000          294          318      0.96078 
  138     -4.00000          421          449      0.96782 
  139     -5.00000          515          535      0.98095 
  140     -6.00000          576          587      0.99054 
  141     -7.00000          614          620      0.99514 
  142     -8.00000          647          651      0.99692 
  143     -9.00000          653          643      0.98920 
  144    -10.00000          673          645      0.97572 
  145    -11.00000          684          636      0.96061 
  146    -12.00000          692          622      0.94368 
  147    -13.00000          703          611      0.92694 
  148    -14.00000          682          585      0.92028 
  149    -15.00000          677          559      0.90453 
  150    -16.00000          676          557      0.90349 
  151    -17.00000          673          555      0.90391 
  152    -18.00000          667          547      0.90115 
  153    -19.00000          634          525      0.90595 
  154    -20.00000          610          501      0.90189 
  155    -21.00000          560          468      0.89494 
  156    -22.00000          518          447      0.89534 
  157    -23.00000          451          402      0.87691 
  158    -24.00000          392          366      0.86280 
  159    -25.00000          317          317      0.82650 
  160    -26.00000          223          257      0.76667 
  161    -27.00000           99          190      0.55363 
  162    -28.00000            0          129      0.00000 
  163    -29.00000            0          101      0.00000 
  164    -30.00000            0           66      0.00000 
  165    -31.00000            0           30      0.00000 
  166    -32.00000            0            1      0.00000 
  167    -33.00000            0            0      0.00000 
  168    -34.00000            0            0      0.00000 
  169    -35.00000            0            0      0.00000 
  170    -36.00000            0            0      0.00000 
  171    -37.00000            0            0      0.00000 
  172    -38.00000            0            0      0.00000 
  173    -39.00000            0            0      0.00000 
  174    -40.00000            0            0      0.00000 
  175    -41.00000            0            0      0.00000 
  176    -42.00000            0            0      0.00000 
  177    -43.00000            0            0      0.00000 
  178    -44.00000            0            0      0.00000 
  179    -45.00000            0            0      0.00000 
  180    -46.00000            0            0      0.00000 
  181    -47.00000            0            0      0.00000 
  182    -48.00000            0            0      0.00000 
  183    -49.00000            0            0      0.00000 
  184    -50.00000            0            0      0.00000 
  185    -51.00000            0            0      0.00000 
  186    -52.00000            0            0      0.00000 
  187    -53.00000            0            0      0.00000 
  188    -54.00000            0            0      0.00000 
  189    -55.00000            0            0      0.00000 
  190    -56.00000            0            0      0.00000 
  191    -57.00000            0            0      0.00000 
  192    -58.00000            0            0      0.00000 
  193    -59.00000            0            0      0.00000 
  194    -60.00000            0            0      0.00000 
  195    -61.00000            0            0      0.00000 
  196    -62.00000            0            0      0.00000 
  197    -63.00000            0            0      0.00000 
  198    -64.00000            0            0      0.00000 
  199    -65.00000            0            0      0.00000 
  200    -66.00000            0            0      0.00000 
  201    -67.00000            0            0      0.00000 
  202    -68.00000            0            0      0.00000 
  203    -69.00000            0            0      0.00000 
  204    -70.00000            0            0      0.00000 
  205    -71.00000            0            0      0.00000 
  206    -72.00000            0            0      0.00000 
  207    -73.00000            0            0      0.00000 
  208    -74.00000            0            0      0.00000 
  209    -75.00000            0            0      0.00000 
  210    -76.00000            0            0      0.00000 
  211    -77.00000            0            0      0.00000 
  212    -78.00000            0            0      0.00000 
  213    -79.00000            0            0      0.00000 
  214    -80.00000            0            0      0.00000 
  215    -81.00000            0            0      0.00000 
  216    -82.00000            0            0      0.00000 
  217    -83.00000            0            0      0.00000 
  218    -84.00000            0            0      0.00000 
  219    -85.00000            0            0      0.00000 
  220    -86.00000            0            0      0.00000 
  221    -87.00000            0            0      0.00000 
  222    -88.00000            0            0      0.00000 
  223    -89.00000            0            0      0.00000 
  224    -90.00000            0            0      0.00000 
  225    -91.00000            0            0      0.00000 
  226    -92.00000            0            0      0.00000 
  227    -93.00000            0            0      0.00000 
  228    -94.00000            0            0      0.00000 
  229    -95.00000            0            0      0.00000 
  230    -96.00000            0            0      0.00000 
  231    -97.00000            0            0      0.00000 
  232    -98.00000            0            0      0.00000 
