# 3dSliceNDice -insetA 9m_1min_m4_binary+orig -insetB 9m_4min_m4_binary+orig -prefix 9m_1min_4min_m4
    0     96.00000            0            0      0.00000 
    1     95.00000            0            0      0.00000 
    2     94.00000            0            0      0.00000 
    3     93.00000            0            0      0.00000 
    4     92.00000            0            0      0.00000 
    5     91.00000            0            0      0.00000 
    6     90.00000            0            0      0.00000 
    7     89.00000            0            0      0.00000 
    8     88.00000            0            0      0.00000 
    9     87.00000            0            0      0.00000 
   10     86.00000            0            0      0.00000 
   11     85.00000            0            0      0.00000 
   12     84.00000            0            0      0.00000 
   13     83.00000            0            0      0.00000 
   14     82.00000            0            0      0.00000 
   15     81.00000            0            0      0.00000 
   16     80.00000            0            0      0.00000 
   17     79.00000            0            0      0.00000 
   18     78.00000            0            0      0.00000 
   19     77.00000            0            0      0.00000 
   20     76.00000            0            0      0.00000 
   21     75.00000            0            0      0.00000 
   22     74.00000            0            0      0.00000 
   23     73.00000            0            0      0.00000 
   24     72.00000            0            0      0.00000 
   25     71.00000            0            0      0.00000 
   26     70.00000            0            0      0.00000 
   27     69.00000            0            0      0.00000 
   28     68.00000            0            0      0.00000 
   29     67.00000            0            0      0.00000 
   30     66.00000            0            0      0.00000 
   31     65.00000            0            0      0.00000 
   32     64.00000            0            0      0.00000 
   33     63.00000            0            0      0.00000 
   34     62.00000            0            0      0.00000 
   35     61.00000            0            0      0.00000 
   36     60.00000            0            0      0.00000 
   37     59.00000            0            0      0.00000 
   38     58.00000            0            0      0.00000 
   39     57.00000            0            0      0.00000 
   40     56.00000            0            0      0.00000 
   41     55.00000            0            0      0.00000 
   42     54.00000            0            0      0.00000 
   43     53.00000            0            0      0.00000 
   44     52.00000            0            0      0.00000 
   45     51.00000            0            0      0.00000 
   46     50.00000            0            0      0.00000 
   47     49.00000            0            0      0.00000 
   48     48.00000            0            0      0.00000 
   49     47.00000            0            0      0.00000 
   50     46.00000            0            0      0.00000 
   51     45.00000            0            0      0.00000 
   52     44.00000            0            0      0.00000 
   53     43.00000            0            0      0.00000 
   54     42.00000           59           68      0.92913 
   55     41.00000          157          197      0.88701 
   56     40.00000          243          309      0.88043 
   57     39.00000          311          398      0.87729 
   58     38.00000          383          487      0.88046 
   59     37.00000          470          583      0.89269 
   60     36.00000          548          672      0.89836 
   61     35.00000          678          798      0.91463 
   62     34.00000          772          891      0.91762 
   63     33.00000          862          978      0.92283 
   64     32.00000          955         1068      0.92734 
   65     31.00000         1029         1119      0.92644 
   66     30.00000         1120         1173      0.93153 
   67     29.00000         1192         1208      0.93333 
   68     28.00000         1259         1241      0.93120 
   69     27.00000         1330         1285      0.92084 
   70     26.00000         1390         1351      0.90989 
   71     25.00000         1468         1427      0.89672 
   72     24.00000         1513         1501      0.89117 
   73     23.00000         1548         1574      0.88597 
   74     22.00000         1602         1798      0.85294 
   75     21.00000         1631         1984      0.83320 
   76     20.00000         1670         2126      0.81770 
   77     19.00000         1678         2204      0.80525 
   78     18.00000         1721         2294      0.80000 
   79     17.00000         1766         2360      0.78914 
   80     16.00000         1799         2392      0.78549 
   81     15.00000         1837         2441      0.78214 
   82     14.00000         1892         2429      0.76973 
   83     13.00000         1933         2406      0.75455 
   84     12.00000         2365         2872      0.81115 
   85     11.00000         2517         3021      0.82990 
   86     10.00000         2626         3074      0.84211 
   87      9.00000         2694         3104      0.85374 
   88      8.00000         2736         3092      0.86651 
   89      7.00000         2768         3089      0.87553 
   90      6.00000         2770         3083      0.87682 
   91      5.00000         2777         3094      0.87890 
   92      4.00000         2749         3069      0.87659 
   93      3.00000         2697         3022      0.87603 
   94      2.00000         2622         2922      0.87771 
   95      1.00000         2527         2777      0.88499 
   96      0.00000         2490         2698      0.88975 
   97     -1.00000         2579         2775      0.89839 
   98     -2.00000         2747         2938      0.90378 
   99     -3.00000         2867         3043      0.91100 
  100     -4.00000         2930         3092      0.91431 
  101     -5.00000         2956         3110      0.91691 
  102     -6.00000         2927         3095      0.91564 
  103     -7.00000         2941         3097      0.91454 
  104     -8.00000         2876         3035      0.91389 
  105     -9.00000         2812         2978      0.90915 
  106    -10.00000         2731         2903      0.90522 
  107    -11.00000         2611         2785      0.89881 
  108    -12.00000         2466         2612      0.88342 
  109    -13.00000         1930         2211      0.87805 
  110    -14.00000         1860         2159      0.87335 
  111    -15.00000         1782         2116      0.86506 
  112    -16.00000         1657         2013      0.85395 
  113    -17.00000         1460         1870      0.81862 
  114    -18.00000         1151         1719      0.77979 
  115    -19.00000         1266         1793      0.80288 
  116    -20.00000         1339         1829      0.82008 
  117    -21.00000         1352         1837      0.81969 
  118    -22.00000         1347         1836      0.81935 
  119    -23.00000         1343         1828      0.81993 
  120    -24.00000         1340         1791      0.82721 
  121    -25.00000         1332         1746      0.83756 
  122    -26.00000         1315         1690      0.85191 
  123    -27.00000         1309         1661      0.85993 
  124    -28.00000         1273         1557      0.88339 
  125    -29.00000         1225         1456      0.90041 
  126    -30.00000         1162         1331      0.92339 
  127    -31.00000         1088         1196      0.94834 
  128    -32.00000         1028         1065      0.97659 
  129    -33.00000          980          967      0.95737 
  130    -34.00000          956          890      0.91658 
  131    -35.00000          924          809      0.86555 
  132    -36.00000          853          698      0.80335 
  133    -37.00000          801          611      0.74646 
  134    -38.00000          800          551      0.71651 
  135    -39.00000          819          533      0.71450 
  136    -40.00000          835          496      0.70173 
  137    -41.00000          796          423      0.67596 
  138    -42.00000          712          322      0.62282 
  139    -43.00000          641          291      0.62446 
  140    -44.00000          643          337      0.68776 
  141    -45.00000          659          383      0.73512 
  142    -46.00000          639          399      0.76879 
  143    -47.00000          631          419      0.79810 
  144    -48.00000          616          444      0.83774 
  145    -49.00000          589          445      0.86073 
  146    -50.00000          553          437      0.88283 
  147    -51.00000          498          412      0.86154 
  148    -52.00000          453          387      0.84048 
  149    -53.00000          398          352      0.79467 
  150    -54.00000          365          333      0.75931 
  151    -55.00000          319          301      0.71613 
  152    -56.00000          259          269      0.70833 
  153    -57.00000          188          207      0.69367 
  154    -58.00000           30           38      0.52941 
  155    -59.00000            0            0      0.00000 
  156    -60.00000            0            0      0.00000 
  157    -61.00000            0            0      0.00000 
  158    -62.00000            0            0      0.00000 
  159    -63.00000            0            0      0.00000 
  160    -64.00000            0            0      0.00000 
  161    -65.00000            0            0      0.00000 
  162    -66.00000            0            0      0.00000 
  163    -67.00000            0            0      0.00000 
  164    -68.00000            0            0      0.00000 
  165    -69.00000            0            0      0.00000 
  166    -70.00000            0            0      0.00000 
  167    -71.00000            0            0      0.00000 
  168    -72.00000            0            0      0.00000 
  169    -73.00000            0            0      0.00000 
  170    -74.00000            0            0      0.00000 
  171    -75.00000            0            0      0.00000 
  172    -76.00000            0            0      0.00000 
  173    -77.00000            0            0      0.00000 
  174    -78.00000            0            0      0.00000 
  175    -79.00000            0            0      0.00000 
  176    -80.00000            0            0      0.00000 
  177    -81.00000            0            0      0.00000 
  178    -82.00000            0            0      0.00000 
  179    -83.00000            0            0      0.00000 
  180    -84.00000            0            0      0.00000 
  181    -85.00000            0            0      0.00000 
  182    -86.00000            0            0      0.00000 
  183    -87.00000            0            0      0.00000 
  184    -88.00000            0            0      0.00000 
  185    -89.00000            0            0      0.00000 
  186    -90.00000            0            0      0.00000 
  187    -91.00000            0            0      0.00000 
  188    -92.00000            0            0      0.00000 
  189    -93.00000            0            0      0.00000 
  190    -94.00000            0            0      0.00000 
  191    -95.00000            0            0      0.00000 
  192    -96.00000            0            0      0.00000 
  193    -97.00000            0            0      0.00000 
  194    -98.00000            0            0      0.00000 
