# 3dSliceNDice -insetA 9m_1min_m2_binary+orig -insetB 9m_4min_m2_binary+orig -prefix 9m_1min_4min_m2
    0     96.00000            0            0      0.00000 
    1     95.00000            0            0      0.00000 
    2     94.00000            0            0      0.00000 
    3     93.00000            0            0      0.00000 
    4     92.00000            0            0      0.00000 
    5     91.00000            0            0      0.00000 
    6     90.00000            0            0      0.00000 
    7     89.00000            0            0      0.00000 
    8     88.00000            0            0      0.00000 
    9     87.00000            0            0      0.00000 
   10     86.00000            0            0      0.00000 
   11     85.00000            0            0      0.00000 
   12     84.00000            0            0      0.00000 
   13     83.00000            0            0      0.00000 
   14     82.00000            0            0      0.00000 
   15     81.00000            0            0      0.00000 
   16     80.00000            0            0      0.00000 
   17     79.00000            0            0      0.00000 
   18     78.00000            0            0      0.00000 
   19     77.00000            0            0      0.00000 
   20     76.00000            0            0      0.00000 
   21     75.00000            0            0      0.00000 
   22     74.00000            0            0      0.00000 
   23     73.00000            0            0      0.00000 
   24     72.00000            0            0      0.00000 
   25     71.00000            0            0      0.00000 
   26     70.00000            0            0      0.00000 
   27     69.00000            0            0      0.00000 
   28     68.00000            0            0      0.00000 
   29     67.00000            0            0      0.00000 
   30     66.00000            0            0      0.00000 
   31     65.00000            0            0      0.00000 
   32     64.00000            0            0      0.00000 
   33     63.00000            0            0      0.00000 
   34     62.00000            0            0      0.00000 
   35     61.00000            0            0      0.00000 
   36     60.00000            0            0      0.00000 
   37     59.00000            0            0      0.00000 
   38     58.00000            0            0      0.00000 
   39     57.00000            0            0      0.00000 
   40     56.00000            0            0      0.00000 
   41     55.00000            0            0      0.00000 
   42     54.00000            0           15      0.00000 
   43     53.00000            0           80      0.00000 
   44     52.00000            0          146      0.00000 
   45     51.00000            0          188      0.00000 
   46     50.00000            0          245      0.00000 
   47     49.00000            0          295      0.00000 
   48     48.00000            0          327      0.00000 
   49     47.00000            0          357      0.00000 
   50     46.00000            0          366      0.00000 
   51     45.00000            0          382      0.00000 
   52     44.00000            0          398      0.00000 
   53     43.00000            0          404      0.00000 
   54     42.00000           28          388      0.13462 
   55     41.00000           94          397      0.38289 
   56     40.00000          174          424      0.58194 
   57     39.00000          240          413      0.73507 
   58     38.00000          299          385      0.87427 
   59     37.00000          366          377      0.98520 
   60     36.00000          422          427      0.99411 
   61     35.00000          505          513      0.99214 
   62     34.00000          567          579      0.98953 
   63     33.00000          609          624      0.98783 
   64     32.00000          661          686      0.98144 
   65     31.00000          697          759      0.95742 
   66     30.00000          753          848      0.93691 
   67     29.00000          802          922      0.91995 
   68     28.00000          854          996      0.90811 
   69     27.00000          904         1068      0.89249 
   70     26.00000          938         1126      0.87694 
   71     25.00000          980         1194      0.86569 
   72     24.00000         1016         1237      0.86374 
   73     23.00000         1038         1268      0.86123 
   74     22.00000         1135         1315      0.84653 
   75     21.00000         1255         1350      0.83685 
   76     20.00000         1373         1413      0.83632 
   77     19.00000         1468         1451      0.83590 
   78     18.00000         1537         1464      0.83439 
   79     17.00000         1611         1465      0.83810 
   80     16.00000         1660         1464      0.84443 
   81     15.00000         1746         1495      0.84850 
   82     14.00000         1803         1500      0.85861 
   83     13.00000         1864         1496      0.87143 
   84     12.00000         1904         1499      0.88099 
   85     11.00000         1896         1501      0.88019 
   86     10.00000         1902         1515      0.87796 
   87      9.00000         1896         1526      0.87493 
   88      8.00000         1916         1553      0.86999 
   89      7.00000         1932         1592      0.86776 
   90      6.00000         1902         1607      0.87147 
   91      5.00000         1877         1617      0.87064 
   92      4.00000         1825         1605      0.87172 
   93      3.00000         1779         1589      0.87055 
   94      2.00000         1710         1568      0.87431 
   95      1.00000         1640         1543      0.88219 
   96      0.00000         1605         1550      0.89002 
   97     -1.00000         1592         1558      0.89460 
   98     -2.00000         1629         1579      0.88778 
   99     -3.00000         1639         1591      0.88545 
  100     -4.00000         1655         1608      0.88446 
  101     -5.00000         1620         1595      0.88398 
  102     -6.00000         1572         1566      0.89675 
  103     -7.00000         1507         1522      0.90591 
  104     -8.00000         1460         1480      0.91497 
  105     -9.00000         1451         1450      0.91417 
  106    -10.00000         1444         1420      0.91201 
  107    -11.00000         1441         1407      0.91222 
  108    -12.00000         1445         1404      0.91611 
  109    -13.00000         1414         1368      0.91517 
  110    -14.00000         1379         1329      0.91581 
  111    -15.00000         1346         1292      0.91660 
  112    -16.00000         1302         1246      0.91601 
  113    -17.00000         1290         1234      0.91442 
  114    -18.00000         1274         1289      0.88958 
  115    -19.00000         1254         1384      0.84913 
  116    -20.00000         1226         1461      0.81429 
  117    -21.00000         1184         1497      0.79224 
  118    -22.00000         1157         1534      0.77592 
  119    -23.00000         1115         1596      0.74954 
  120    -24.00000         1075         1667      0.72064 
  121    -25.00000         1022         1721      0.68976 
  122    -26.00000          947         1715      0.66191 
  123    -27.00000          894         1723      0.63737 
  124    -28.00000          872         1726      0.62202 
  125    -29.00000          880         1713      0.62707 
  126    -30.00000          876         1698      0.62549 
  127    -31.00000          848         1630      0.62712 
  128    -32.00000          829         1571      0.64333 
  129    -33.00000          821         1501      0.66753 
  130    -34.00000          801         1443      0.68004 
  131    -35.00000          781         1395      0.68750 
  132    -36.00000          719         1284      0.68397 
  133    -37.00000          679         1214      0.68040 
  134    -38.00000          622         1109      0.67129 
  135    -39.00000          558         1008      0.65900 
  136    -40.00000          486          906      0.63362 
  137    -41.00000          422          769      0.63980 
  138    -42.00000          372          659      0.66343 
  139    -43.00000          325          565      0.71011 
  140    -44.00000          310          523      0.73950 
  141    -45.00000          300          520      0.73171 
  142    -46.00000          276          532      0.68317 
  143    -47.00000          256          559      0.62822 
  144    -48.00000          216          584      0.54000 
  145    -49.00000          180          588      0.46875 
  146    -50.00000          140          601      0.37787 
  147    -51.00000          180          613      0.45397 
  148    -52.00000          216          623      0.51490 
  149    -53.00000          256          623      0.58248 
  150    -54.00000          276          613      0.62092 
  151    -55.00000          296          597      0.66293 
  152    -56.00000          298          570      0.68664 
  153    -57.00000          282          515      0.70765 
  154    -58.00000          201          290      0.81874 
  155    -59.00000           38           51      0.85393 
  156    -60.00000            0            0      0.00000 
  157    -61.00000            0            0      0.00000 
  158    -62.00000            0            0      0.00000 
  159    -63.00000            0            0      0.00000 
  160    -64.00000            0            0      0.00000 
  161    -65.00000            0            0      0.00000 
  162    -66.00000            0            0      0.00000 
  163    -67.00000            0            0      0.00000 
  164    -68.00000            0            0      0.00000 
  165    -69.00000            0            0      0.00000 
  166    -70.00000            0            0      0.00000 
  167    -71.00000            0            0      0.00000 
  168    -72.00000            0            0      0.00000 
  169    -73.00000            0            0      0.00000 
  170    -74.00000            0            0      0.00000 
  171    -75.00000            0            0      0.00000 
  172    -76.00000            0            0      0.00000 
  173    -77.00000            0            0      0.00000 
  174    -78.00000            0            0      0.00000 
  175    -79.00000            0            0      0.00000 
  176    -80.00000            0            0      0.00000 
  177    -81.00000            0            0      0.00000 
  178    -82.00000            0            0      0.00000 
  179    -83.00000            0            0      0.00000 
  180    -84.00000            0            0      0.00000 
  181    -85.00000            0            0      0.00000 
  182    -86.00000            0            0      0.00000 
  183    -87.00000            0            0      0.00000 
  184    -88.00000            0            0      0.00000 
  185    -89.00000            0            0      0.00000 
  186    -90.00000            0            0      0.00000 
  187    -91.00000            0            0      0.00000 
  188    -92.00000            0            0      0.00000 
  189    -93.00000            0            0      0.00000 
  190    -94.00000            0            0      0.00000 
  191    -95.00000            0            0      0.00000 
  192    -96.00000            0            0      0.00000 
  193    -97.00000            0            0      0.00000 
  194    -98.00000            0            0      0.00000 
