# 3dSliceNDice -insetA 9m_1min_m2_binary+orig -insetB 9m_5min_m2_binary+orig -prefix 9m_1min_5min_m2
    0    -72.00000            0            0      0.00000 
    1    -71.00000            0            0      0.00000 
    2    -70.00000            0            0      0.00000 
    3    -69.00000            0            0      0.00000 
    4    -68.00000            0            0      0.00000 
    5    -67.00000            0            0      0.00000 
    6    -66.00000            0            0      0.00000 
    7    -65.00000            0            0      0.00000 
    8    -64.00000            0            0      0.00000 
    9    -63.00000            0            0      0.00000 
   10    -62.00000            0            0      0.00000 
   11    -61.00000            0            0      0.00000 
   12    -60.00000            0            0      0.00000 
   13    -59.00000            0            0      0.00000 
   14    -58.00000            0            0      0.00000 
   15    -57.00000            0            0      0.00000 
   16    -56.00000            0            0      0.00000 
   17    -55.00000            0            0      0.00000 
   18    -54.00000            0            0      0.00000 
   19    -53.00000            0            0      0.00000 
   20    -52.00000            0            0      0.00000 
   21    -51.00000            6            6      1.00000 
   22    -50.00000          137          137      1.00000 
   23    -49.00000          681          681      1.00000 
   24    -48.00000         1101         1101      1.00000 
   25    -47.00000         1342         1342      1.00000 
   26    -46.00000         1600         1600      1.00000 
   27    -45.00000         1862         1862      1.00000 
   28    -44.00000         2076         2076      1.00000 
   29    -43.00000         2297         2287      0.99782 
   30    -42.00000         2476         2464      0.99514 
   31    -41.00000         2607         2583      0.99114 
   32    -40.00000         2731         2684      0.98652 
   33    -39.00000         2820         2738      0.98201 
   34    -38.00000         2897         2789      0.97784 
   35    -37.00000         2938         2805      0.97440 
   36    -36.00000         2993         2829      0.96908 
   37    -35.00000         3031         2826      0.96329 
   38    -34.00000         3027         2795      0.95878 
   39    -33.00000         3044         2781      0.95485 
   40    -32.00000         3031         2741      0.94976 
   41    -31.00000         3004         2697      0.94615 
   42    -30.00000         2955         2628      0.94143 
   43    -29.00000         2887         2524      0.93144 
   44    -28.00000         2847         2519      0.93366 
   45    -27.00000         2794         2542      0.94378 
   46    -26.00000         2803         2587      0.94768 
   47    -25.00000         2731         2556      0.95101 
   48    -24.00000         2587         2452      0.95297 
   49    -23.00000         2434         2363      0.95101 
   50    -22.00000         2260         2267      0.94455 
   51    -21.00000         2173         2193      0.94274 
   52    -20.00000         2059         2098      0.94251 
   53    -19.00000         1901         1982      0.93845 
   54    -18.00000         1733         1864      0.93356 
   55    -17.00000         1574         1773      0.92740 
   56    -16.00000         1489         1748      0.90887 
   57    -15.00000         1384         1740      0.87900 
   58    -14.00000         1210         1716      0.82365 
   59    -13.00000         1020         1659      0.76148 
   60    -12.00000          834         1569      0.69413 
   61    -11.00000          760         1514      0.66843 
   62    -10.00000          663         1453      0.62665 
   63     -9.00000          529         1342      0.56547 
   64     -8.00000          324         1156      0.43784 
   65     -7.00000            0          852      0.00000 
   66     -6.00000            0          833      0.00000 
   67     -5.00000            0          797      0.00000 
   68     -4.00000            0          719      0.00000 
   69     -3.00000            0          578      0.00000 
   70     -2.00000           63          530      0.00000 
   71     -1.00000          163          651      0.00000 
   72      0.00000          243          752      0.00000 
   73      1.00000          299          814      0.00000 
   74      2.00000          341          870      0.00000 
   75      3.00000          473          947      0.12113 
   76      4.00000          610          998      0.24627 
   77      5.00000          731         1047      0.33071 
   78      6.00000          807         1059      0.39121 
   79      7.00000          863         1071      0.43330 
   80      8.00000          910         1103      0.47193 
   81      9.00000          919         1133      0.48246 
   82     10.00000          935         1167      0.49857 
   83     11.00000          906         1157      0.51285 
   84     12.00000          890         1146      0.52358 
   85     13.00000          856         1116      0.53955 
   86     14.00000          798         1083      0.55183 
   87     15.00000          744         1036      0.56854 
   88     16.00000          668          936      0.59476 
   89     17.00000          611          843      0.62173 
   90     18.00000          523          725      0.63782 
   91     19.00000          449          667      0.62186 
   92     20.00000          355          596      0.58885 
   93     21.00000          231          491      0.51801 
   94     22.00000           89          337      0.37089 
   95     23.00000            0          150      0.00000 
   96     24.00000            0          124      0.00000 
   97     25.00000            0           98      0.00000 
   98     26.00000            0           67      0.00000 
   99     27.00000            0           29      0.00000 
  100     28.00000            0            0      0.00000 
  101     29.00000            0            0      0.00000 
  102     30.00000            0            0      0.00000 
  103     31.00000            0            0      0.00000 
  104     32.00000            0            0      0.00000 
  105     33.00000            0            0      0.00000 
  106     34.00000            0            0      0.00000 
  107     35.00000            0            0      0.00000 
  108     36.00000            0            0      0.00000 
  109     37.00000            0            0      0.00000 
  110     38.00000            0            0      0.00000 
  111     39.00000            0            0      0.00000 
  112     40.00000            0            0      0.00000 
  113     41.00000            0            0      0.00000 
  114     42.00000            0            0      0.00000 
  115     43.00000            0            0      0.00000 
  116     44.00000            0            0      0.00000 
  117     45.00000            0            0      0.00000 
  118     46.00000            0            0      0.00000 
  119     47.00000            0            0      0.00000 
  120     48.00000            0            0      0.00000 
  121     49.00000            0            0      0.00000 
  122     50.00000            0            0      0.00000 
  123     51.00000            0            0      0.00000 
  124     52.00000            0            0      0.00000 
  125     53.00000            0            0      0.00000 
  126     54.00000            0            0      0.00000 
  127     55.00000            0            0      0.00000 
  128     56.00000            0            0      0.00000 
  129     57.00000            0            0      0.00000 
  130     58.00000            0            0      0.00000 
  131     59.00000            0            0      0.00000 
  132     60.00000            0            0      0.00000 
  133     61.00000            0            0      0.00000 
  134     62.00000            0            0      0.00000 
  135     63.00000            0            0      0.00000 
  136     64.00000            0            0      0.00000 
  137     65.00000            0            0      0.00000 
  138     66.00000            0            0      0.00000 
  139     67.00000            0            0      0.00000 
  140     68.00000            0            0      0.00000 
  141     69.00000            0            0      0.00000 
  142     70.00000            0            0      0.00000 
  143     71.00000            0            0      0.00000 
  144     72.00000            0            0      0.00000 
  145     73.00000            0            0      0.00000 
  146     74.00000            0            0      0.00000 
  147     75.00000            0            0      0.00000 
  148     76.00000            0            0      0.00000 
  149     77.00000            0            0      0.00000 
  150     78.00000            0            0      0.00000 
  151     79.00000            0            0      0.00000 
  152     80.00000            0            0      0.00000 
  153     81.00000            0            0      0.00000 
  154     82.00000            0            0      0.00000 
  155     83.00000            0            0      0.00000 
  156     84.00000            0            0      0.00000 
  157     85.00000            0            0      0.00000 
  158     86.00000            0            0      0.00000 
