# 3dSliceNDice -insetA 9m_1min_m5_binary+orig -insetB 9m_4min_m5_binary+orig -prefix 9m_1min_4min_m5
    0    -72.00000            0            0      0.00000 
    1    -71.00000            0            0      0.00000 
    2    -70.00000            0            0      0.00000 
    3    -69.00000            0            0      0.00000 
    4    -68.00000            0            0      0.00000 
    5    -67.00000            0            0      0.00000 
    6    -66.00000            0            0      0.00000 
    7    -65.00000            0            0      0.00000 
    8    -64.00000            0            0      0.00000 
    9    -63.00000            0            0      0.00000 
   10    -62.00000            0            0      0.00000 
   11    -61.00000            0            0      0.00000 
   12    -60.00000            0            0      0.00000 
   13    -59.00000            0            0      0.00000 
   14    -58.00000            0            0      0.00000 
   15    -57.00000            0            0      0.00000 
   16    -56.00000            0            0      0.00000 
   17    -55.00000            0            0      0.00000 
   18    -54.00000            0            0      0.00000 
   19    -53.00000            0            0      0.00000 
   20    -52.00000            0            0      0.00000 
   21    -51.00000            6            6      1.00000 
   22    -50.00000          137          137      1.00000 
   23    -49.00000          681          681      1.00000 
   24    -48.00000         1101         1101      1.00000 
   25    -47.00000         1342         1342      1.00000 
   26    -46.00000         1600         1600      1.00000 
   27    -45.00000         1862         1859      0.99919 
   28    -44.00000         2076         2068      0.99807 
   29    -43.00000         2295         2277      0.99606 
   30    -42.00000         2469         2434      0.99286 
   31    -41.00000         2591         2540      0.99006 
   32    -40.00000         2700         2641      0.98895 
   33    -39.00000         2786         2717      0.98746 
   34    -38.00000         2865         2777      0.98405 
   35    -37.00000         2923         2824      0.98034 
   36    -36.00000         2992         2888      0.97619 
   37    -35.00000         3046         2933      0.96672 
   38    -34.00000         3069         2947      0.95711 
   39    -33.00000         3093         2982      0.95605 
   40    -32.00000         3068         2978      0.95402 
   41    -31.00000         3023         2960      0.95303 
   42    -30.00000         2948         2910      0.95152 
   43    -29.00000         2843         2830      0.94906 
   44    -28.00000         2736         2752      0.94825 
   45    -27.00000         2644         2629      0.94102 
   46    -26.00000         2612         2620      0.93157 
   47    -25.00000         2522         2512      0.92372 
   48    -24.00000         2342         2309      0.91249 
   49    -23.00000         2049         1973      0.89160 
   50    -22.00000         1686         1471      0.86221 
   51    -21.00000         1596         1376      0.85599 
   52    -20.00000         1471         1237      0.83973 
   53    -19.00000         1290         1034      0.80637 
   54    -18.00000          980          688      0.70983 
   55    -17.00000          436            0      0.00000 
   56    -16.00000          382            0      0.00000 
   57    -15.00000          318            0      0.00000 
   58    -14.00000          232            0      0.00000 
   59    -13.00000          116            0      0.00000 
   60    -12.00000            0            0      0.00000 
   61    -11.00000            0            0      0.00000 
   62    -10.00000            0            0      0.00000 
   63     -9.00000            0            0      0.00000 
   64     -8.00000            0            0      0.00000 
   65     -7.00000            0            0      0.00000 
   66     -6.00000            0            0      0.00000 
   67     -5.00000            0            0      0.00000 
   68     -4.00000            0            0      0.00000 
   69     -3.00000            0            0      0.00000 
   70     -2.00000          144           60      0.58824 
   71     -1.00000          279          138      0.66187 
   72      0.00000          375          204      0.70466 
   73      1.00000          446          254      0.72571 
   74      2.00000          506          296      0.73815 
   75      3.00000          678          412      0.72477 
   76      4.00000          829          548      0.74219 
   77      5.00000          958          679      0.76848 
   78      6.00000         1046          778      0.79057 
   79      7.00000         1125          863      0.80584 
   80      8.00000         1237         1169      0.76475 
   81      9.00000         1333         1501      0.72054 
   82     10.00000         1443         1793      0.70705 
   83     11.00000         1504         1977      0.70210 
   84     12.00000         1560         2130      0.70081 
   85     13.00000         1760         2367      0.70560 
   86     14.00000         1965         2550      0.71716 
   87     15.00000         2135         2749      0.72482 
   88     16.00000         2232         2898      0.73411 
   89     17.00000         2306         3027      0.74405 
   90     18.00000         2365         3131      0.75437 
   91     19.00000         2394         3165      0.76165 
   92     20.00000         2439         3221      0.77173 
   93     21.00000         2437         3204      0.76866 
   94     22.00000         2459         3209      0.76394 
   95     23.00000         2444         3168      0.75410 
   96     24.00000         2386         3096      0.74316 
   97     25.00000         2341         3025      0.73164 
   98     26.00000         2218         2906      0.71038 
   99     27.00000         2111         2815      0.70037 
  100     28.00000         1965         2752      0.67840 
  101     29.00000         1834         2692      0.65356 
  102     30.00000         1675         2586      0.62990 
  103     31.00000         1475         2368      0.60994 
  104     32.00000         1263         2126      0.60077 
  105     33.00000         1084         1824      0.60935 
  106     34.00000         1004         1728      0.59956 
  107     35.00000          939         1627      0.58535 
  108     36.00000          838         1454      0.56195 
  109     37.00000          743         1244      0.51334 
  110     38.00000          596         1057      0.40048 
  111     39.00000          501         1007      0.37533 
  112     40.00000          392          951      0.34103 
  113     41.00000          266          838      0.26812 
  114     42.00000          120          680      0.10000 
  115     43.00000            0          539      0.00000 
  116     44.00000            0          473      0.00000 
  117     45.00000            0          412      0.00000 
  118     46.00000            0          338      0.00000 
  119     47.00000            0          283      0.00000 
  120     48.00000            0          244      0.00000 
  121     49.00000            0          207      0.00000 
  122     50.00000            0          158      0.00000 
  123     51.00000            0           96      0.00000 
  124     52.00000            0           58      0.00000 
  125     53.00000            0           24      0.00000 
  126     54.00000            0            2      0.00000 
  127     55.00000            0            0      0.00000 
  128     56.00000            0            0      0.00000 
  129     57.00000            0            0      0.00000 
  130     58.00000            0            0      0.00000 
  131     59.00000            0            0      0.00000 
  132     60.00000            0            0      0.00000 
  133     61.00000            0            0      0.00000 
  134     62.00000            0            0      0.00000 
  135     63.00000            0            0      0.00000 
  136     64.00000            0            0      0.00000 
  137     65.00000            0            0      0.00000 
  138     66.00000            0            0      0.00000 
  139     67.00000            0            0      0.00000 
  140     68.00000            0            0      0.00000 
  141     69.00000            0            0      0.00000 
  142     70.00000            0            0      0.00000 
  143     71.00000            0            0      0.00000 
  144     72.00000            0            0      0.00000 
  145     73.00000            0            0      0.00000 
  146     74.00000            0            0      0.00000 
  147     75.00000            0            0      0.00000 
  148     76.00000            0            0      0.00000 
  149     77.00000            0            0      0.00000 
  150     78.00000            0            0      0.00000 
  151     79.00000            0            0      0.00000 
  152     80.00000            0            0      0.00000 
  153     81.00000            0            0      0.00000 
  154     82.00000            0            0      0.00000 
  155     83.00000            0            0      0.00000 
  156     84.00000            0            0      0.00000 
  157     85.00000            0            0      0.00000 
  158     86.00000            0            0      0.00000 
