# 3dSliceNDice -insetA 9m_1min_m4_binary+orig -insetB 9m_5min_m4_binary+orig -prefix 9m_1min_5min_m4
    0    134.00000            0            0      0.00000 
    1    133.00000            0            0      0.00000 
    2    132.00000            0            0      0.00000 
    3    131.00000            0            0      0.00000 
    4    130.00000            0            0      0.00000 
    5    129.00000            0            0      0.00000 
    6    128.00000            0            0      0.00000 
    7    127.00000            0            0      0.00000 
    8    126.00000            0            0      0.00000 
    9    125.00000            0            0      0.00000 
   10    124.00000            0            0      0.00000 
   11    123.00000            0            0      0.00000 
   12    122.00000            0            0      0.00000 
   13    121.00000            0            0      0.00000 
   14    120.00000            0            0      0.00000 
   15    119.00000            0            0      0.00000 
   16    118.00000            0            0      0.00000 
   17    117.00000            0            0      0.00000 
   18    116.00000            0            0      0.00000 
   19    115.00000            0            0      0.00000 
   20    114.00000            0            0      0.00000 
   21    113.00000            0            0      0.00000 
   22    112.00000            0            0      0.00000 
   23    111.00000            0            0      0.00000 
   24    110.00000            0            0      0.00000 
   25    109.00000            0            0      0.00000 
   26    108.00000            0            0      0.00000 
   27    107.00000            0            0      0.00000 
   28    106.00000            0            0      0.00000 
   29    105.00000            0            0      0.00000 
   30    104.00000            0            0      0.00000 
   31    103.00000            0            0      0.00000 
   32    102.00000            0            0      0.00000 
   33    101.00000            0            0      0.00000 
   34    100.00000            0            0      0.00000 
   35     99.00000            0            0      0.00000 
   36     98.00000            0            0      0.00000 
   37     97.00000            0            0      0.00000 
   38     96.00000            0            0      0.00000 
   39     95.00000            0            0      0.00000 
   40     94.00000            0            0      0.00000 
   41     93.00000            0            0      0.00000 
   42     92.00000            0            0      0.00000 
   43     91.00000            0            0      0.00000 
   44     90.00000            0            0      0.00000 
   45     89.00000            0            0      0.00000 
   46     88.00000            0            0      0.00000 
   47     87.00000            0            0      0.00000 
   48     86.00000            0            0      0.00000 
   49     85.00000            0            0      0.00000 
   50     84.00000            0            0      0.00000 
   51     83.00000            0            7      0.00000 
   52     82.00000            0           87      0.00000 
   53     81.00000            0          183      0.00000 
   54     80.00000            0          317      0.00000 
   55     79.00000            0          430      0.00000 
   56     78.00000            0          535      0.00000 
   57     77.00000            0          656      0.00000 
   58     76.00000           10          730      0.02703 
   59     75.00000           28          824      0.06573 
   60     74.00000           50          884      0.10707 
   61     73.00000           79          952      0.15325 
   62     72.00000          194         1073      0.30624 
   63     71.00000          267         1180      0.36904 
   64     70.00000          342         1275      0.42301 
   65     69.00000          365         1332      0.43017 
   66     68.00000          390         1351      0.44802 
   67     67.00000          404         1350      0.46066 
   68     66.00000          408         1378      0.45689 
   69     65.00000          398         1371      0.44997 
   70     64.00000          366         1348      0.42707 
   71     63.00000          346         1328      0.41338 
   72     62.00000          296         1268      0.37852 
   73     61.00000          254         1220      0.34464 
   74     60.00000          204         1154      0.30044 
   75     59.00000          138         1049      0.23252 
   76     58.00000           60          975      0.11594 
   77     57.00000           50         1019      0.09355 
   78     56.00000          139         1087      0.22675 
   79     55.00000          220         1115      0.32959 
   80     54.00000          281         1081      0.41263 
   81     53.00000          343         1013      0.50590 
   82     52.00000          550         1018      0.67730 
   83     51.00000          673         1081      0.73888 
   84     50.00000          793         1155      0.78850 
   85     49.00000          902         1191      0.83803 
   86     48.00000          997         1193      0.88767 
   87     47.00000         1197         1288      0.92797 
   88     46.00000         1351         1411      0.94207 
   89     45.00000         1498         1531      0.95609 
   90     44.00000         1587         1623      0.95763 
   91     43.00000         1652         1697      0.95670 
   92     42.00000         1773         1797      0.94734 
   93     41.00000         1896         1875      0.93291 
   94     40.00000         2003         1966      0.92013 
   95     39.00000         2107         2035      0.91115 
   96     38.00000         2223         2119      0.90511 
   97     37.00000         2341         2207      0.89842 
   98     36.00000         2459         2303      0.89752 
   99     35.00000         2562         2415      0.89974 
  100     34.00000         2590         2461      0.90279 
  101     33.00000         2627         2509      0.90304 
  102     32.00000         2616         2517      0.90551 
  103     31.00000         2592         2490      0.90319 
  104     30.00000         2597         2476      0.90006 
  105     29.00000         2590         2441      0.89088 
  106     28.00000         2488         2326      0.87619 
  107     27.00000         2396         2148      0.87016 
  108     26.00000         2363         2112      0.86034 
  109     25.00000         2321         2079      0.85409 
  110     24.00000         2219         2013      0.85066 
  111     23.00000         2080         1914      0.84377 
  112     22.00000         2192         2073      0.85487 
  113     21.00000         2333         2182      0.87575 
  114     20.00000         2404         2229      0.89100 
  115     19.00000         2416         2204      0.90216 
  116     18.00000         2451         2194      0.91453 
  117     17.00000         2490         2209      0.92147 
  118     16.00000         2497         2245      0.92535 
  119     15.00000         2509         2284      0.92844 
  120     14.00000         2505         2295      0.93250 
  121     13.00000         2489         2330      0.94459 
  122     12.00000         2482         2344      0.95027 
  123     11.00000         2479         2325      0.94754 
  124     10.00000         2469         2301      0.94465 
  125      9.00000         2448         2256      0.93920 
  126      8.00000         2434         2239      0.93816 
  127      7.00000         2401         2205      0.93704 
  128      6.00000         2359         2160      0.93516 
  129      5.00000         2320         2121      0.93402 
  130      4.00000         2292         2097      0.93689 
  131      3.00000         2278         2078      0.93848 
  132      2.00000         2248         2044      0.94035 
  133      1.00000         2199         1988      0.94005 
  134      0.00000         2160         1947      0.94181 
  135     -1.00000         2094         1876      0.94005 
  136     -2.00000         2039         1838      0.94300 
  137     -3.00000         1970         1780      0.94187 
  138     -4.00000         1874         1712      0.94311 
  139     -5.00000         1745         1624      0.94746 
  140     -6.00000         1570         1509      0.95745 
  141     -7.00000         1339         1320      0.95073 
  142     -8.00000          884          958      0.90879 
  143     -9.00000          871          920      0.91792 
  144    -10.00000          844          876      0.93140 
  145    -11.00000          856          832      0.93009 
  146    -12.00000          857          785      0.93544 
  147    -13.00000          852          739      0.92898 
  148    -14.00000          840          707      0.91403 
  149    -15.00000          818          669      0.89980 
  150    -16.00000          804          635      0.88256 
  151    -17.00000          796          635      0.88749 
  152    -18.00000          769          610      0.88470 
  153    -19.00000          744          586      0.88120 
  154    -20.00000          710          560      0.88189 
  155    -21.00000          654          519      0.88491 
  156    -22.00000          620          480      0.87273 
  157    -23.00000          561          428      0.86552 
  158    -24.00000          521          384      0.84862 
  159    -25.00000          460          335      0.84277 
  160    -26.00000          383          282      0.84812 
  161    -27.00000          315          242      0.86894 
  162    -28.00000          250          208      0.90830 
  163    -29.00000          213          172      0.89351 
  164    -30.00000          169          135      0.88816 
  165    -31.00000          113           85      0.85859 
  166    -32.00000           48           32      0.80000 
  167    -33.00000            0            0      0.00000 
  168    -34.00000            0            0      0.00000 
  169    -35.00000            0            0      0.00000 
  170    -36.00000            0            0      0.00000 
  171    -37.00000            0            0      0.00000 
  172    -38.00000            0            0      0.00000 
  173    -39.00000            0            0      0.00000 
  174    -40.00000            0            0      0.00000 
  175    -41.00000            0            0      0.00000 
  176    -42.00000            0            0      0.00000 
  177    -43.00000            0            0      0.00000 
  178    -44.00000            0            0      0.00000 
  179    -45.00000            0            0      0.00000 
  180    -46.00000            0            0      0.00000 
  181    -47.00000            0            0      0.00000 
  182    -48.00000            0            0      0.00000 
  183    -49.00000            0            0      0.00000 
  184    -50.00000            0            0      0.00000 
  185    -51.00000            0            0      0.00000 
  186    -52.00000            0            0      0.00000 
  187    -53.00000            0            0      0.00000 
  188    -54.00000            0            0      0.00000 
  189    -55.00000            0            0      0.00000 
  190    -56.00000            0            0      0.00000 
  191    -57.00000            0            0      0.00000 
  192    -58.00000            0            0      0.00000 
  193    -59.00000            0            0      0.00000 
  194    -60.00000            0            0      0.00000 
  195    -61.00000            0            0      0.00000 
  196    -62.00000            0            0      0.00000 
  197    -63.00000            0            0      0.00000 
  198    -64.00000            0            0      0.00000 
  199    -65.00000            0            0      0.00000 
  200    -66.00000            0            0      0.00000 
  201    -67.00000            0            0      0.00000 
  202    -68.00000            0            0      0.00000 
  203    -69.00000            0            0      0.00000 
  204    -70.00000            0            0      0.00000 
  205    -71.00000            0            0      0.00000 
  206    -72.00000            0            0      0.00000 
  207    -73.00000            0            0      0.00000 
  208    -74.00000            0            0      0.00000 
  209    -75.00000            0            0      0.00000 
  210    -76.00000            0            0      0.00000 
  211    -77.00000            0            0      0.00000 
  212    -78.00000            0            0      0.00000 
  213    -79.00000            0            0      0.00000 
  214    -80.00000            0            0      0.00000 
  215    -81.00000            0            0      0.00000 
  216    -82.00000            0            0      0.00000 
  217    -83.00000            0            0      0.00000 
  218    -84.00000            0            0      0.00000 
  219    -85.00000            0            0      0.00000 
  220    -86.00000            0            0      0.00000 
  221    -87.00000            0            0      0.00000 
  222    -88.00000            0            0      0.00000 
  223    -89.00000            0            0      0.00000 
  224    -90.00000            0            0      0.00000 
  225    -91.00000            0            0      0.00000 
  226    -92.00000            0            0      0.00000 
  227    -93.00000            0            0      0.00000 
  228    -94.00000            0            0      0.00000 
  229    -95.00000            0            0      0.00000 
  230    -96.00000            0            0      0.00000 
  231    -97.00000            0            0      0.00000 
  232    -98.00000            0            0      0.00000 
