# 3dSliceNDice -insetA 9m_1min_m1_binary+orig -insetB 9m_4min_m1_binary+orig -prefix 9m_1min_4min_m1
    0    -72.00000            0            0      0.00000 
    1    -71.00000            0            0      0.00000 
    2    -70.00000            0            0      0.00000 
    3    -69.00000            0            0      0.00000 
    4    -68.00000            0            0      0.00000 
    5    -67.00000            0            0      0.00000 
    6    -66.00000            0            0      0.00000 
    7    -65.00000            0            0      0.00000 
    8    -64.00000            0            0      0.00000 
    9    -63.00000            0            0      0.00000 
   10    -62.00000            0            0      0.00000 
   11    -61.00000            0            0      0.00000 
   12    -60.00000            0            0      0.00000 
   13    -59.00000            0            0      0.00000 
   14    -58.00000            0            0      0.00000 
   15    -57.00000            0            0      0.00000 
   16    -56.00000            0            0      0.00000 
   17    -55.00000            0            0      0.00000 
   18    -54.00000            0            0      0.00000 
   19    -53.00000            0            0      0.00000 
   20    -52.00000            0            0      0.00000 
   21    -51.00000            0            0      0.00000 
   22    -50.00000            0            0      0.00000 
   23    -49.00000            0            0      0.00000 
   24    -48.00000            0            0      0.00000 
   25    -47.00000            0            0      0.00000 
   26    -46.00000            0            0      0.00000 
   27    -45.00000            0            0      0.00000 
   28    -44.00000            0            0      0.00000 
   29    -43.00000            0            0      0.00000 
   30    -42.00000            0            0      0.00000 
   31    -41.00000            0            0      0.00000 
   32    -40.00000            0            0      0.00000 
   33    -39.00000            0            0      0.00000 
   34    -38.00000            0            0      0.00000 
   35    -37.00000            0            0      0.00000 
   36    -36.00000            0            0      0.00000 
   37    -35.00000            0            0      0.00000 
   38    -34.00000            0            0      0.00000 
   39    -33.00000            0            0      0.00000 
   40    -32.00000          395          307      0.87464 
   41    -31.00000          690          550      0.88710 
   42    -30.00000          874          711      0.89716 
   43    -29.00000         1020          841      0.90382 
   44    -28.00000         1163          964      0.90644 
   45    -27.00000         1316         1093      0.90743 
   46    -26.00000         1467         1192      0.88680 
   47    -25.00000         1643         1319      0.87779 
   48    -24.00000         1745         1400      0.87250 
   49    -23.00000         1857         1492      0.87071 
   50    -22.00000         2074         1674      0.87193 
   51    -21.00000         2337         1904      0.87574 
   52    -20.00000         2796         2331      0.88122 
   53    -19.00000         3136         2656      0.88467 
   54    -18.00000         3420         2911      0.88390 
   55    -17.00000         3828         3444      0.86826 
   56    -16.00000         4122         3867      0.85793 
   57    -15.00000         4429         4318      0.85081 
   58    -14.00000         4446         4479      0.84056 
   59    -13.00000         4445         4534      0.83506 
   60    -12.00000         4548         4725      0.84331 
   61    -11.00000         4586         4784      0.85763 
   62    -10.00000         4515         4806      0.86343 
   63     -9.00000         4269         4695      0.86412 
   64     -8.00000         3888         4415      0.86138 
   65     -7.00000         3414         4016      0.86622 
   66     -6.00000         3389         4045      0.87221 
   67     -5.00000         3400         4114      0.87410 
   68     -4.00000         3351         4116      0.87398 
   69     -3.00000         3301         4110      0.87357 
   70     -2.00000         3309         4072      0.87007 
   71     -1.00000         3316         4045      0.86700 
   72      0.00000         3289         3990      0.86935 
   73      1.00000         3190         3848      0.86957 
   74      2.00000         3068         3719      0.86842 
   75      3.00000         3023         3654      0.86176 
   76      4.00000         3032         3633      0.85941 
   77      5.00000         2994         3558      0.85928 
   78      6.00000         2872         3380      0.85317 
   79      7.00000         2759         3162      0.84884 
   80      8.00000         2829         3016      0.84380 
   81      9.00000         3082         3058      0.83941 
   82     10.00000         3258         3116      0.84092 
   83     11.00000         3339         3117      0.84108 
   84     12.00000         3443         3117      0.84848 
   85     13.00000         3782         3238      0.84558 
   86     14.00000         3955         3299      0.83816 
   87     15.00000         4140         3388      0.83077 
   88     16.00000         4207         3386      0.81496 
   89     17.00000         4252         3311      0.79228 
   90     18.00000         4429         3368      0.77645 
   91     19.00000         4484         3472      0.78180 
   92     20.00000         4547         3564      0.78881 
   93     21.00000         4537         3551      0.79105 
   94     22.00000         4522         3538      0.79256 
   95     23.00000         4463         3511      0.79358 
   96     24.00000         4319         3431      0.79329 
   97     25.00000         4192         3372      0.79561 
   98     26.00000         3916         3202      0.79713 
   99     27.00000         3598         3024      0.80278 
  100     28.00000         3319         2882      0.81471 
  101     29.00000         3146         2734      0.82075 
  102     30.00000         2983         2591      0.83064 
  103     31.00000         2786         2394      0.84556 
  104     32.00000         2600         2218      0.86301 
  105     33.00000         2414         2057      0.88168 
  106     34.00000         2218         1871      0.88579 
  107     35.00000         2035         1701      0.89400 
  108     36.00000         1809         1519      0.90805 
  109     37.00000         1571         1376      0.93247 
  110     38.00000         1378         1216      0.93524 
  111     39.00000         1298         1087      0.90566 
  112     40.00000         1236          979      0.87494 
  113     41.00000         1191          891      0.84822 
  114     42.00000         1167          810      0.81234 
  115     43.00000         1087          665      0.75342 
  116     44.00000         1002          536      0.69181 
  117     45.00000          946          410      0.60177 
  118     46.00000          849          260      0.46348 
  119     47.00000          775          155      0.33333 
  120     48.00000          731          111      0.26366 
  121     49.00000          684           80      0.20942 
  122     50.00000          659           52      0.14627 
  123     51.00000          608           23      0.07290 
  124     52.00000          507            0      0.00000 
  125     53.00000          401            0      0.00000 
  126     54.00000          268            0      0.00000 
  127     55.00000          172            0      0.00000 
  128     56.00000           85            0      0.00000 
  129     57.00000           61            0      0.00000 
  130     58.00000           16            0      0.00000 
  131     59.00000            0            0      0.00000 
  132     60.00000            0            0      0.00000 
  133     61.00000            0            0      0.00000 
  134     62.00000            0            0      0.00000 
  135     63.00000            0            0      0.00000 
  136     64.00000            0            0      0.00000 
  137     65.00000            0            0      0.00000 
  138     66.00000            0            0      0.00000 
  139     67.00000            0            0      0.00000 
  140     68.00000            0            0      0.00000 
  141     69.00000            0            0      0.00000 
  142     70.00000            0            0      0.00000 
  143     71.00000            0            0      0.00000 
  144     72.00000            0            0      0.00000 
  145     73.00000            0            0      0.00000 
  146     74.00000            0            0      0.00000 
  147     75.00000            0            0      0.00000 
  148     76.00000            0            0      0.00000 
  149     77.00000            0            0      0.00000 
  150     78.00000            0            0      0.00000 
  151     79.00000            0            0      0.00000 
  152     80.00000            0            0      0.00000 
  153     81.00000            0            0      0.00000 
  154     82.00000            0            0      0.00000 
  155     83.00000            0            0      0.00000 
  156     84.00000            0            0      0.00000 
  157     85.00000            0            0      0.00000 
  158     86.00000            0            0      0.00000 
