# 3dSliceNDice -insetA 9m_1min_m4_binary+orig -insetB 9m_3min_m4_binary+orig -prefix 9m_1min_3min_m4
    0     96.00000            0            0      0.00000 
    1     95.00000            0            0      0.00000 
    2     94.00000            0            0      0.00000 
    3     93.00000            0            0      0.00000 
    4     92.00000            0            0      0.00000 
    5     91.00000            0            0      0.00000 
    6     90.00000            0            0      0.00000 
    7     89.00000            0            0      0.00000 
    8     88.00000            0            0      0.00000 
    9     87.00000            0            0      0.00000 
   10     86.00000            0            0      0.00000 
   11     85.00000            0            0      0.00000 
   12     84.00000            0            0      0.00000 
   13     83.00000            0            0      0.00000 
   14     82.00000            0            0      0.00000 
   15     81.00000            0            0      0.00000 
   16     80.00000            0            0      0.00000 
   17     79.00000            0            0      0.00000 
   18     78.00000            0            0      0.00000 
   19     77.00000            0            0      0.00000 
   20     76.00000            0            0      0.00000 
   21     75.00000            0            0      0.00000 
   22     74.00000            0            0      0.00000 
   23     73.00000            0            0      0.00000 
   24     72.00000            0            0      0.00000 
   25     71.00000            0            0      0.00000 
   26     70.00000            0            0      0.00000 
   27     69.00000            0            0      0.00000 
   28     68.00000            0            0      0.00000 
   29     67.00000            0            0      0.00000 
   30     66.00000            0            0      0.00000 
   31     65.00000            0            0      0.00000 
   32     64.00000            0            0      0.00000 
   33     63.00000            0            0      0.00000 
   34     62.00000            0            0      0.00000 
   35     61.00000            0            0      0.00000 
   36     60.00000            0            0      0.00000 
   37     59.00000            0            0      0.00000 
   38     58.00000            0            0      0.00000 
   39     57.00000            0            0      0.00000 
   40     56.00000            0            0      0.00000 
   41     55.00000            0            0      0.00000 
   42     54.00000            0            0      0.00000 
   43     53.00000            0            0      0.00000 
   44     52.00000            0            0      0.00000 
   45     51.00000            0            0      0.00000 
   46     50.00000            0            0      0.00000 
   47     49.00000            0            0      0.00000 
   48     48.00000            0            0      0.00000 
   49     47.00000            0            0      0.00000 
   50     46.00000            0            0      0.00000 
   51     45.00000            0            0      0.00000 
   52     44.00000            0            0      0.00000 
   53     43.00000            0            0      0.00000 
   54     42.00000           59           69      0.92188 
   55     41.00000          157          205      0.86740 
   56     40.00000          243          324      0.85714 
   57     39.00000          311          419      0.85205 
   58     38.00000          383          512      0.85587 
   59     37.00000          470          617      0.86477 
   60     36.00000          548          726      0.86028 
   61     35.00000          678          864      0.87549 
   62     34.00000          772          967      0.87752 
   63     33.00000          862         1059      0.88391 
   64     32.00000          955         1153      0.88994 
   65     31.00000         1029         1208      0.88958 
   66     30.00000         1120         1274      0.89223 
   67     29.00000         1192         1309      0.89564 
   68     28.00000         1259         1344      0.89435 
   69     27.00000         1330         1357      0.89617 
   70     26.00000         1390         1360      0.90691 
   71     25.00000         1468         1381      0.91120 
   72     24.00000         1513         1407      0.91986 
   73     23.00000         1548         1445      0.92416 
   74     22.00000         1602         1591      0.91325 
   75     21.00000         1631         1722      0.89591 
   76     20.00000         1670         1829      0.88482 
   77     19.00000         1678         1888      0.87437 
   78     18.00000         1721         1966      0.87008 
   79     17.00000         1766         2034      0.86053 
   80     16.00000         1799         2095      0.85824 
   81     15.00000         1837         2148      0.85320 
   82     14.00000         1892         2143      0.83668 
   83     13.00000         1933         2122      0.81776 
   84     12.00000         2365         2630      0.85686 
   85     11.00000         2517         2804      0.87014 
   86     10.00000         2626         2903      0.87647 
   87      9.00000         2694         2983      0.88145 
   88      8.00000         2736         3043      0.88804 
   89      7.00000         2768         3083      0.89352 
   90      6.00000         2770         3088      0.89860 
   91      5.00000         2777         3076      0.90278 
   92      4.00000         2749         3040      0.90136 
   93      3.00000         2697         2988      0.90097 
   94      2.00000         2622         2881      0.90351 
   95      1.00000         2527         2723      0.90933 
   96      0.00000         2490         2645      0.91529 
   97     -1.00000         2579         2707      0.92584 
   98     -2.00000         2747         2843      0.93274 
   99     -3.00000         2867         2919      0.94366 
  100     -4.00000         2930         2948      0.94998 
  101     -5.00000         2956         2936      0.95655 
  102     -6.00000         2927         2897      0.95913 
  103     -7.00000         2941         2926      0.95960 
  104     -8.00000         2876         2879      0.95812 
  105     -9.00000         2812         2828      0.95638 
  106    -10.00000         2731         2755      0.95370 
  107    -11.00000         2611         2650      0.95229 
  108    -12.00000         2466         2490      0.94552 
  109    -13.00000         1930         2043      0.94538 
  110    -14.00000         1860         2033      0.93707 
  111    -15.00000         1782         2046      0.91641 
  112    -16.00000         1657         2031      0.88503 
  113    -17.00000         1460         1975      0.83552 
  114    -18.00000         1151         1718      0.78703 
  115    -19.00000         1266         1744      0.82525 
  116    -20.00000         1339         1760      0.84802 
  117    -21.00000         1352         1744      0.85401 
  118    -22.00000         1347         1732      0.85482 
  119    -23.00000         1343         1691      0.86223 
  120    -24.00000         1340         1628      0.87668 
  121    -25.00000         1332         1551      0.89629 
  122    -26.00000         1315         1479      0.91625 
  123    -27.00000         1309         1417      0.93690 
  124    -28.00000         1273         1350      0.95311 
  125    -29.00000         1225         1310      0.95227 
  126    -30.00000         1162         1256      0.95203 
  127    -31.00000         1088         1196      0.94834 
  128    -32.00000         1028         1137      0.94965 
  129    -33.00000          980         1063      0.92805 
  130    -34.00000          956          983      0.89531 
  131    -35.00000          924          900      0.85965 
  132    -36.00000          853          791      0.81873 
  133    -37.00000          801          708      0.77535 
  134    -38.00000          800          677      0.77996 
  135    -39.00000          819          707      0.81914 
  136    -40.00000          835          715      0.84774 
  137    -41.00000          796          667      0.86945 
  138    -42.00000          712          571      0.88231 
  139    -43.00000          641          515      0.89100 
  140    -44.00000          643          525      0.89897 
  141    -45.00000          659          543      0.90349 
  142    -46.00000          639          527      0.90395 
  143    -47.00000          631          519      0.90261 
  144    -48.00000          616          504      0.90000 
  145    -49.00000          589          477      0.89493 
  146    -50.00000          553          437      0.88283 
  147    -51.00000          498          380      0.86560 
  148    -52.00000          453          327      0.83846 
  149    -53.00000          398          252      0.77538 
  150    -54.00000          365          205      0.71930 
  151    -55.00000          319          142      0.61605 
  152    -56.00000          259           88      0.50720 
  153    -57.00000          188           32      0.29091 
  154    -58.00000           30            0      0.00000 
  155    -59.00000            0            0      0.00000 
  156    -60.00000            0            0      0.00000 
  157    -61.00000            0            0      0.00000 
  158    -62.00000            0            0      0.00000 
  159    -63.00000            0            0      0.00000 
  160    -64.00000            0            0      0.00000 
  161    -65.00000            0            0      0.00000 
  162    -66.00000            0            0      0.00000 
  163    -67.00000            0            0      0.00000 
  164    -68.00000            0            0      0.00000 
  165    -69.00000            0            0      0.00000 
  166    -70.00000            0            0      0.00000 
  167    -71.00000            0            0      0.00000 
  168    -72.00000            0            0      0.00000 
  169    -73.00000            0            0      0.00000 
  170    -74.00000            0            0      0.00000 
  171    -75.00000            0            0      0.00000 
  172    -76.00000            0            0      0.00000 
  173    -77.00000            0            0      0.00000 
  174    -78.00000            0            0      0.00000 
  175    -79.00000            0            0      0.00000 
  176    -80.00000            0            0      0.00000 
  177    -81.00000            0            0      0.00000 
  178    -82.00000            0            0      0.00000 
  179    -83.00000            0            0      0.00000 
  180    -84.00000            0            0      0.00000 
  181    -85.00000            0            0      0.00000 
  182    -86.00000            0            0      0.00000 
  183    -87.00000            0            0      0.00000 
  184    -88.00000            0            0      0.00000 
  185    -89.00000            0            0      0.00000 
  186    -90.00000            0            0      0.00000 
  187    -91.00000            0            0      0.00000 
  188    -92.00000            0            0      0.00000 
  189    -93.00000            0            0      0.00000 
  190    -94.00000            0            0      0.00000 
  191    -95.00000            0            0      0.00000 
  192    -96.00000            0            0      0.00000 
  193    -97.00000            0            0      0.00000 
  194    -98.00000            0            0      0.00000 
