# 3dSliceNDice -insetA 9m_1min_m3_binary+orig -insetB 9m_4min_m3_binary+orig -prefix 9m_1min_4min_m3
    0    -72.00000            0            0      0.00000 
    1    -71.00000            0            0      0.00000 
    2    -70.00000            0            0      0.00000 
    3    -69.00000            0            0      0.00000 
    4    -68.00000            0            0      0.00000 
    5    -67.00000            0            0      0.00000 
    6    -66.00000            0            0      0.00000 
    7    -65.00000            0            0      0.00000 
    8    -64.00000            0            0      0.00000 
    9    -63.00000            0            0      0.00000 
   10    -62.00000            0            0      0.00000 
   11    -61.00000            0            0      0.00000 
   12    -60.00000            0            0      0.00000 
   13    -59.00000            0            0      0.00000 
   14    -58.00000            0            0      0.00000 
   15    -57.00000            0            0      0.00000 
   16    -56.00000            0            0      0.00000 
   17    -55.00000            0            0      0.00000 
   18    -54.00000            0            0      0.00000 
   19    -53.00000            0            0      0.00000 
   20    -52.00000            0            0      0.00000 
   21    -51.00000            6            6      1.00000 
   22    -50.00000          137          107      0.87705 
   23    -49.00000          681          476      0.82282 
   24    -48.00000         1094          731      0.80110 
   25    -47.00000         1292          827      0.78056 
   26    -46.00000         1485          961      0.78577 
   27    -45.00000         1636         1081      0.79573 
   28    -44.00000         1686         1148      0.81016 
   29    -43.00000         1744         1216      0.82162 
   30    -42.00000         1767         1276      0.83799 
   31    -41.00000         1768         1303      0.84533 
   32    -40.00000         1775         1348      0.85687 
   33    -39.00000         1778         1351      0.85778 
   34    -38.00000         1778         1355      0.86052 
   35    -37.00000         1788         1356      0.86005 
   36    -36.00000         1814         1375      0.85983 
   37    -35.00000         1851         1397      0.86022 
   38    -34.00000         1874         1412      0.85940 
   39    -33.00000         1881         1408      0.85558 
   40    -32.00000         1862         1412      0.86133 
   41    -31.00000         1822         1402      0.86476 
   42    -30.00000         1772         1392      0.87421 
   43    -29.00000         1691         1354      0.88407 
   44    -28.00000         1653         1347      0.88933 
   45    -27.00000         1636         1584      0.86025 
   46    -26.00000         1646         1760      0.84733 
   47    -25.00000         1642         1888      0.84363 
   48    -24.00000         1599         1985      0.83482 
   49    -23.00000         1575         2058      0.81255 
   50    -22.00000         1686         2183      0.82037 
   51    -21.00000         1840         2284      0.84142 
   52    -20.00000         1943         2422      0.84536 
   53    -19.00000         2014         2513      0.84471 
   54    -18.00000         2086         2595      0.84640 
   55    -17.00000         2160         2752      0.83754 
   56    -16.00000         2241         2861      0.83614 
   57    -15.00000         2371         3009      0.84387 
   58    -14.00000         2447         3159      0.83803 
   59    -13.00000         2496         3263      0.83313 
   60    -12.00000         2538         3316      0.83601 
   61    -11.00000         2548         3333      0.83829 
   62    -10.00000         2577         3360      0.84218 
   63     -9.00000         2554         3335      0.84293 
   64     -8.00000         2549         3324      0.84522 
   65     -7.00000         2496         3276      0.84511 
   66     -6.00000         2434         3216      0.84460 
   67     -5.00000         2374         3147      0.84550 
   68     -4.00000         2273         3031      0.84540 
   69     -3.00000         2176         2940      0.84089 
   70     -2.00000         2048         2799      0.83474 
   71     -1.00000         1954         2680      0.83254 
   72      0.00000         1847         2538      0.83101 
   73      1.00000         1696         2334      0.82928 
   74      2.00000         1545         2177      0.81569 
   75      3.00000         1401         1969      0.79585 
   76      4.00000         1299         1839      0.79350 
   77      5.00000         1170         1662      0.79096 
   78      6.00000          992         1416      0.78738 
   79      7.00000          700         1063      0.76914 
   80      8.00000           32          506      0.00000 
   81      9.00000           88          452      0.00000 
   82     10.00000          140          382      0.00000 
   83     11.00000          180          288      0.00000 
   84     12.00000          216          164      0.00000 
   85     13.00000          310          148      0.50218 
   86     14.00000          420          320      0.67568 
   87     15.00000          522          458      0.74082 
   88     16.00000          590          562      0.77951 
   89     17.00000          645          652      0.80956 
   90     18.00000          730          787      0.81477 
   91     19.00000          833          932      0.81926 
   92     20.00000          942         1086      0.82742 
   93     21.00000         1026         1189      0.83160 
   94     22.00000         1096         1283      0.83396 
   95     23.00000         1254         1385      0.86851 
   96     24.00000         1374         1444      0.90490 
   97     25.00000         1466         1487      0.92381 
   98     26.00000         1479         1503      0.93226 
   99     27.00000         1489         1517      0.93812 
  100     28.00000         1545         1640      0.93061 
  101     29.00000         1561         1673      0.93074 
  102     30.00000         1570         1704      0.93280 
  103     31.00000         1566         1717      0.92903 
  104     32.00000         1584         1737      0.93345 
  105     33.00000         1587         1731      0.93611 
  106     34.00000         1526         1668      0.94177 
  107     35.00000         1496         1617      0.94892 
  108     36.00000         1441         1542      0.95340 
  109     37.00000         1396         1500      0.95304 
  110     38.00000         1314         1419      0.95207 
  111     39.00000         1212         1319      0.94903 
  112     40.00000         1100         1208      0.94541 
  113     41.00000          976         1096      0.93919 
  114     42.00000          867          985      0.93413 
  115     43.00000          771          891      0.92780 
  116     44.00000          670          790      0.91781 
  117     45.00000          581          701      0.90640 
  118     46.00000          464          577      0.89145 
  119     47.00000          328          437      0.85752 
  120     48.00000          182          269      0.80710 
  121     49.00000          103          166      0.76580 
  122     50.00000           71          103      0.81609 
  123     51.00000           27           36      0.85714 
  124     52.00000            3            3      1.00000 
  125     53.00000            0            0      0.00000 
  126     54.00000            0            0      0.00000 
  127     55.00000            0            0      0.00000 
  128     56.00000            0            0      0.00000 
  129     57.00000            0            0      0.00000 
  130     58.00000            0            0      0.00000 
  131     59.00000            0            0      0.00000 
  132     60.00000            0            0      0.00000 
  133     61.00000            0            0      0.00000 
  134     62.00000            0            0      0.00000 
  135     63.00000            0            0      0.00000 
  136     64.00000            0            0      0.00000 
  137     65.00000            0            0      0.00000 
  138     66.00000            0            0      0.00000 
  139     67.00000            0            0      0.00000 
  140     68.00000            0            0      0.00000 
  141     69.00000            0            0      0.00000 
  142     70.00000            0            0      0.00000 
  143     71.00000            0            0      0.00000 
  144     72.00000            0            0      0.00000 
  145     73.00000            0            0      0.00000 
  146     74.00000            0            0      0.00000 
  147     75.00000            0            0      0.00000 
  148     76.00000            0            0      0.00000 
  149     77.00000            0            0      0.00000 
  150     78.00000            0            0      0.00000 
  151     79.00000            0            0      0.00000 
  152     80.00000            0            0      0.00000 
  153     81.00000            0            0      0.00000 
  154     82.00000            0            0      0.00000 
  155     83.00000            0            0      0.00000 
  156     84.00000            0            0      0.00000 
  157     85.00000            0            0      0.00000 
  158     86.00000            0            0      0.00000 
