# 3dSliceNDice -insetA 9m_1min_m4_binary+orig -insetB 9m_3min_m4_binary+orig -prefix 9m_1min_3min_m4
    0    -72.00000            0            0      0.00000 
    1    -71.00000            0            0      0.00000 
    2    -70.00000            0            0      0.00000 
    3    -69.00000            0            0      0.00000 
    4    -68.00000            0            0      0.00000 
    5    -67.00000            0            0      0.00000 
    6    -66.00000            0            0      0.00000 
    7    -65.00000            0            0      0.00000 
    8    -64.00000            0            0      0.00000 
    9    -63.00000            0            0      0.00000 
   10    -62.00000            0            0      0.00000 
   11    -61.00000            0            0      0.00000 
   12    -60.00000            0            0      0.00000 
   13    -59.00000            0            0      0.00000 
   14    -58.00000            0            0      0.00000 
   15    -57.00000            0            0      0.00000 
   16    -56.00000            0            0      0.00000 
   17    -55.00000            0            0      0.00000 
   18    -54.00000            0            0      0.00000 
   19    -53.00000            0            0      0.00000 
   20    -52.00000            0            0      0.00000 
   21    -51.00000            0            0      0.00000 
   22    -50.00000            0            0      0.00000 
   23    -49.00000            0            0      0.00000 
   24    -48.00000            0            0      0.00000 
   25    -47.00000            0            0      0.00000 
   26    -46.00000            0            0      0.00000 
   27    -45.00000            0            0      0.00000 
   28    -44.00000            0            0      0.00000 
   29    -43.00000            0            0      0.00000 
   30    -42.00000            0            0      0.00000 
   31    -41.00000            0            0      0.00000 
   32    -40.00000            0            0      0.00000 
   33    -39.00000            0            0      0.00000 
   34    -38.00000            0            0      0.00000 
   35    -37.00000            0            0      0.00000 
   36    -36.00000            0            0      0.00000 
   37    -35.00000            0            0      0.00000 
   38    -34.00000            0            0      0.00000 
   39    -33.00000            0            0      0.00000 
   40    -32.00000           57          165      0.51351 
   41    -31.00000          112          292      0.55446 
   42    -30.00000          158          380      0.58736 
   43    -29.00000          204          466      0.60896 
   44    -28.00000          252          543      0.63396 
   45    -27.00000          318          633      0.66877 
   46    -26.00000          372          695      0.68604 
   47    -25.00000          429          780      0.67990 
   48    -24.00000          465          825      0.67132 
   49    -23.00000          503          863      0.66911 
   50    -22.00000          530          898      0.64986 
   51    -21.00000          564          946      0.64106 
   52    -20.00000          632         1047      0.63609 
   53    -19.00000          646         1104      0.61029 
   54    -18.00000          655         1155      0.58453 
   55    -17.00000          629         1180      0.53400 
   56    -16.00000          586         1167      0.48602 
   57    -15.00000          521         1133      0.41475 
   58    -14.00000          420         1040      0.30959 
   59    -13.00000          316          961      0.14409 
   60    -12.00000          216          840      0.00000 
   61    -11.00000          180          757      0.00000 
   62    -10.00000          140          649      0.00000 
   63     -9.00000           88          501      0.00000 
   64     -8.00000           32          280      0.00000 
   65     -7.00000            0            0      0.00000 
   66     -6.00000            0            0      0.00000 
   67     -5.00000            0            0      0.00000 
   68     -4.00000            0            0      0.00000 
   69     -3.00000            0            0      0.00000 
   70     -2.00000            0            0      0.00000 
   71     -1.00000            0            0      0.00000 
   72      0.00000            0            0      0.00000 
   73      1.00000            0            0      0.00000 
   74      2.00000            0            0      0.00000 
   75      3.00000            0            0      0.00000 
   76      4.00000            0            0      0.00000 
   77      5.00000            0            0      0.00000 
   78      6.00000            0            0      0.00000 
   79      7.00000            0            0      0.00000 
   80      8.00000            0            0      0.00000 
   81      9.00000            0            0      0.00000 
   82     10.00000            0            0      0.00000 
   83     11.00000            0            0      0.00000 
   84     12.00000            0            0      0.00000 
   85     13.00000          456          152      0.50000 
   86     14.00000          849          361      0.59669 
   87     15.00000         1103          541      0.65815 
   88     16.00000         1282          678      0.69184 
   89     17.00000         1421          798      0.71924 
   90     18.00000         1663         1328      0.83785 
   91     19.00000         1858         1692      0.87549 
   92     20.00000         2051         1939      0.88822 
   93     21.00000         2171         2097      0.89503 
   94     22.00000         2262         2224      0.90058 
   95     23.00000         2524         2434      0.90319 
   96     24.00000         2700         2613      0.89102 
   97     25.00000         2865         2801      0.87857 
   98     26.00000         2977         2915      0.86897 
   99     27.00000         3073         3018      0.86258 
  100     28.00000         3256         3295      0.88322 
  101     29.00000         3457         3568      0.90363 
  102     30.00000         3662         3834      0.91382 
  103     31.00000         3787         4022      0.92176 
  104     32.00000         3865         4163      0.92875 
  105     33.00000         4077         4356      0.95174 
  106     34.00000         4294         4510      0.96365 
  107     35.00000         4532         4738      0.97087 
  108     36.00000         4714         4893      0.97221 
  109     37.00000         4873         5026      0.97283 
  110     38.00000         5023         5154      0.97357 
  111     39.00000         5064         5185      0.97473 
  112     40.00000         5111         5210      0.97801 
  113     41.00000         5108         5178      0.98114 
  114     42.00000         5046         5106      0.98128 
  115     43.00000         4895         4961      0.98032 
  116     44.00000         4671         4742      0.97992 
  117     45.00000         4452         4539      0.97987 
  118     46.00000         4245         4340      0.97915 
  119     47.00000         4005         4101      0.97878 
  120     48.00000         3697         3802      0.97426 
  121     49.00000         3309         3415      0.96996 
  122     50.00000         2973         3084      0.96682 
  123     51.00000         2545         2664      0.96448 
  124     52.00000         2106         2218      0.96670 
  125     53.00000         1703         1804      0.96721 
  126     54.00000         1250         1329      0.96627 
  127     55.00000          940          971      0.98273 
  128     56.00000          643          660      0.98695 
  129     57.00000          405          415      0.98780 
  130     58.00000          125          125      1.00000 
  131     59.00000            0            0      0.00000 
  132     60.00000            0            0      0.00000 
  133     61.00000            0            0      0.00000 
  134     62.00000            0            0      0.00000 
  135     63.00000            0            0      0.00000 
  136     64.00000            0            0      0.00000 
  137     65.00000            0            0      0.00000 
  138     66.00000            0            0      0.00000 
  139     67.00000            0            0      0.00000 
  140     68.00000            0            0      0.00000 
  141     69.00000            0            0      0.00000 
  142     70.00000            0            0      0.00000 
  143     71.00000            0            0      0.00000 
  144     72.00000            0            0      0.00000 
  145     73.00000            0            0      0.00000 
  146     74.00000            0            0      0.00000 
  147     75.00000            0            0      0.00000 
  148     76.00000            0            0      0.00000 
  149     77.00000            0            0      0.00000 
  150     78.00000            0            0      0.00000 
  151     79.00000            0            0      0.00000 
  152     80.00000            0            0      0.00000 
  153     81.00000            0            0      0.00000 
  154     82.00000            0            0      0.00000 
  155     83.00000            0            0      0.00000 
  156     84.00000            0            0      0.00000 
  157     85.00000            0            0      0.00000 
  158     86.00000            0            0      0.00000 
