# 3dSliceNDice -insetA 9m_1min_m2_binary+orig -insetB 9m_2min_m2_binary+orig -prefix 9m_1min_2min_m2
    0    -72.00000            0            0      0.00000 
    1    -71.00000            0            0      0.00000 
    2    -70.00000            0            0      0.00000 
    3    -69.00000            0            0      0.00000 
    4    -68.00000            0            0      0.00000 
    5    -67.00000            0            0      0.00000 
    6    -66.00000            0            0      0.00000 
    7    -65.00000            0            0      0.00000 
    8    -64.00000            0            0      0.00000 
    9    -63.00000            0            0      0.00000 
   10    -62.00000            0            0      0.00000 
   11    -61.00000            0            0      0.00000 
   12    -60.00000            0            0      0.00000 
   13    -59.00000            0            0      0.00000 
   14    -58.00000            0            0      0.00000 
   15    -57.00000            0            0      0.00000 
   16    -56.00000            0            0      0.00000 
   17    -55.00000            0            0      0.00000 
   18    -54.00000            0            0      0.00000 
   19    -53.00000            0            0      0.00000 
   20    -52.00000            0            0      0.00000 
   21    -51.00000            6            6      1.00000 
   22    -50.00000          137          137      1.00000 
   23    -49.00000          681          681      1.00000 
   24    -48.00000         1101         1101      1.00000 
   25    -47.00000         1342         1342      1.00000 
   26    -46.00000         1600         1600      1.00000 
   27    -45.00000         1862         1862      1.00000 
   28    -44.00000         2076         2076      1.00000 
   29    -43.00000         2297         2295      0.99956 
   30    -42.00000         2476         2469      0.99858 
   31    -41.00000         2607         2587      0.99615 
   32    -40.00000         2731         2692      0.99281 
   33    -39.00000         2820         2773      0.98802 
   34    -38.00000         2897         2838      0.98588 
   35    -37.00000         2938         2889      0.98335 
   36    -36.00000         2993         2948      0.98199 
   37    -35.00000         3031         2975      0.97702 
   38    -34.00000         3027         2966      0.97213 
   39    -33.00000         3044         2954      0.96599 
   40    -32.00000         3031         2916      0.96217 
   41    -31.00000         3004         2872      0.96018 
   42    -30.00000         2955         2807      0.95835 
   43    -29.00000         2887         2705      0.95136 
   44    -28.00000         2847         2663      0.95354 
   45    -27.00000         2794         2634      0.95505 
   46    -26.00000         2803         2661      0.95425 
   47    -25.00000         2731         2601      0.95274 
   48    -24.00000         2587         2474      0.95317 
   49    -23.00000         2434         2379      0.95200 
   50    -22.00000         2260         2284      0.94586 
   51    -21.00000         2173         2205      0.94198 
   52    -20.00000         2059         2104      0.93634 
   53    -19.00000         1901         1961      0.92957 
   54    -18.00000         1733         1804      0.92395 
   55    -17.00000         1574         1682      0.92260 
   56    -16.00000         1489         1589      0.92333 
   57    -15.00000         1384         1501      0.91646 
   58    -14.00000         1210         1372      0.89001 
   59    -13.00000         1020         1189      0.86464 
   60    -12.00000          834          991      0.83178 
   61    -11.00000          760          907      0.82184 
   62    -10.00000          663          799      0.80438 
   63     -9.00000          529          648      0.76636 
   64     -8.00000          324          404      0.68132 
   65     -7.00000            0            0      0.00000 
   66     -6.00000            0            0      0.00000 
   67     -5.00000            0            0      0.00000 
   68     -4.00000            0            0      0.00000 
   69     -3.00000            0            0      0.00000 
   70     -2.00000           63           88      0.00000 
   71     -1.00000          163          188      0.00000 
   72      0.00000          243          268      0.00000 
   73      1.00000          299          328      0.00000 
   74      2.00000          341          376      0.00000 
   75      3.00000          473          475      0.18143 
   76      4.00000          610          534      0.34615 
   77      5.00000          731          604      0.44045 
   78      6.00000          807          646      0.50241 
   79      7.00000          863          681      0.54275 
   80      8.00000          910          717      0.58390 
   81      9.00000          919          726      0.60182 
   82     10.00000          935          742      0.62493 
   83     11.00000          906          747      0.64005 
   84     12.00000          890          750      0.65000 
   85     13.00000          856          751      0.66210 
   86     14.00000          798          739      0.67534 
   87     15.00000          744          725      0.68890 
   88     16.00000          668          704      0.69534 
   89     17.00000          611          688      0.69592 
   90     18.00000          523          649      0.67918 
   91     19.00000          449          608      0.65658 
   92     20.00000          355          560      0.61202 
   93     21.00000          231          491      0.51801 
   94     22.00000           89          387      0.33193 
   95     23.00000            0          216      0.00000 
   96     24.00000            0          180      0.00000 
   97     25.00000            0          140      0.00000 
   98     26.00000            0           88      0.00000 
   99     27.00000            0           32      0.00000 
  100     28.00000            0            0      0.00000 
  101     29.00000            0            0      0.00000 
  102     30.00000            0            0      0.00000 
  103     31.00000            0            0      0.00000 
  104     32.00000            0            0      0.00000 
  105     33.00000            0            0      0.00000 
  106     34.00000            0            0      0.00000 
  107     35.00000            0            0      0.00000 
  108     36.00000            0            0      0.00000 
  109     37.00000            0            0      0.00000 
  110     38.00000            0            0      0.00000 
  111     39.00000            0            0      0.00000 
  112     40.00000            0            0      0.00000 
  113     41.00000            0            0      0.00000 
  114     42.00000            0            0      0.00000 
  115     43.00000            0            0      0.00000 
  116     44.00000            0            0      0.00000 
  117     45.00000            0            0      0.00000 
  118     46.00000            0            0      0.00000 
  119     47.00000            0            0      0.00000 
  120     48.00000            0            0      0.00000 
  121     49.00000            0            0      0.00000 
  122     50.00000            0            0      0.00000 
  123     51.00000            0            0      0.00000 
  124     52.00000            0            0      0.00000 
  125     53.00000            0            0      0.00000 
  126     54.00000            0            0      0.00000 
  127     55.00000            0            0      0.00000 
  128     56.00000            0            0      0.00000 
  129     57.00000            0            0      0.00000 
  130     58.00000            0            0      0.00000 
  131     59.00000            0            0      0.00000 
  132     60.00000            0            0      0.00000 
  133     61.00000            0            0      0.00000 
  134     62.00000            0            0      0.00000 
  135     63.00000            0            0      0.00000 
  136     64.00000            0            0      0.00000 
  137     65.00000            0            0      0.00000 
  138     66.00000            0            0      0.00000 
  139     67.00000            0            0      0.00000 
  140     68.00000            0            0      0.00000 
  141     69.00000            0            0      0.00000 
  142     70.00000            0            0      0.00000 
  143     71.00000            0            0      0.00000 
  144     72.00000            0            0      0.00000 
  145     73.00000            0            0      0.00000 
  146     74.00000            0            0      0.00000 
  147     75.00000            0            0      0.00000 
  148     76.00000            0            0      0.00000 
  149     77.00000            0            0      0.00000 
  150     78.00000            0            0      0.00000 
  151     79.00000            0            0      0.00000 
  152     80.00000            0            0      0.00000 
  153     81.00000            0            0      0.00000 
  154     82.00000            0            0      0.00000 
  155     83.00000            0            0      0.00000 
  156     84.00000            0            0      0.00000 
  157     85.00000            0            0      0.00000 
  158     86.00000            0            0      0.00000 
