# 3dSliceNDice -insetA 9m_1min_m1_binary+orig -insetB 9m_5min_m1_binary+orig -prefix 9m_1min_5min_m1
    0     96.00000            0            0      0.00000 
    1     95.00000            0            0      0.00000 
    2     94.00000            0            0      0.00000 
    3     93.00000            0            0      0.00000 
    4     92.00000            0            0      0.00000 
    5     91.00000            0            0      0.00000 
    6     90.00000            0            0      0.00000 
    7     89.00000            0            0      0.00000 
    8     88.00000            0            0      0.00000 
    9     87.00000            0            0      0.00000 
   10     86.00000            0            0      0.00000 
   11     85.00000            0            0      0.00000 
   12     84.00000            0            0      0.00000 
   13     83.00000            0            0      0.00000 
   14     82.00000            0            0      0.00000 
   15     81.00000            0            0      0.00000 
   16     80.00000            0            0      0.00000 
   17     79.00000            0            0      0.00000 
   18     78.00000            0            0      0.00000 
   19     77.00000            0            0      0.00000 
   20     76.00000            0            0      0.00000 
   21     75.00000            0            0      0.00000 
   22     74.00000            0            0      0.00000 
   23     73.00000            0            0      0.00000 
   24     72.00000            0            0      0.00000 
   25     71.00000            0            0      0.00000 
   26     70.00000            0            0      0.00000 
   27     69.00000            0            0      0.00000 
   28     68.00000            0            0      0.00000 
   29     67.00000            0            0      0.00000 
   30     66.00000            0            0      0.00000 
   31     65.00000            0            0      0.00000 
   32     64.00000            0            0      0.00000 
   33     63.00000            0            0      0.00000 
   34     62.00000            0            0      0.00000 
   35     61.00000            0            0      0.00000 
   36     60.00000            0            0      0.00000 
   37     59.00000            0            0      0.00000 
   38     58.00000          105            0      0.00000 
   39     57.00000          205            0      0.00000 
   40     56.00000          320            0      0.00000 
   41     55.00000          451            8      0.03486 
   42     54.00000          560           17      0.05893 
   43     53.00000          662           48      0.13521 
   44     52.00000          720           85      0.21118 
   45     51.00000          792          114      0.25166 
   46     50.00000          866          152      0.29666 
   47     49.00000          958          215      0.35806 
   48     48.00000         1042          286      0.40512 
   49     47.00000         1100          349      0.43616 
   50     46.00000         1130          398      0.45681 
   51     45.00000         1203          480      0.48841 
   52     44.00000         1295          584      0.51091 
   53     43.00000         1408          713      0.54597 
   54     42.00000         1512          867      0.59773 
   55     41.00000         1639         1049      0.63988 
   56     40.00000         1734         1213      0.66644 
   57     39.00000         1717         1280      0.68936 
   58     38.00000         1697         1382      0.71192 
   59     37.00000         1746         1461      0.74587 
   60     36.00000         1869         1526      0.76760 
   61     35.00000         2002         1622      0.78146 
   62     34.00000         2079         1671      0.79253 
   63     33.00000         2145         1722      0.80166 
   64     32.00000         2349         2064      0.80036 
   65     31.00000         2521         2252      0.80997 
   66     30.00000         2644         2402      0.82679 
   67     29.00000         2731         2516      0.84391 
   68     28.00000         2798         2607      0.85624 
   69     27.00000         2855         2692      0.87471 
   70     26.00000         2939         2758      0.88503 
   71     25.00000         3050         2830      0.88912 
   72     24.00000         3145         2894      0.88889 
   73     23.00000         3265         2981      0.88793 
   74     22.00000         3347         3061      0.88795 
   75     21.00000         3393         3098      0.88646 
   76     20.00000         3421         3123      0.88417 
   77     19.00000         3433         3148      0.88862 
   78     18.00000         3436         3181      0.88892 
   79     17.00000         3400         3181      0.88892 
   80     16.00000         3360         3151      0.88189 
   81     15.00000         3326         3132      0.86900 
   82     14.00000         3230         3092      0.85574 
   83     13.00000         3067         3050      0.83407 
   84     12.00000         2890         2963      0.82898 
   85     11.00000         2792         2927      0.83231 
   86     10.00000         2696         2848      0.84055 
   87      9.00000         2538         2723      0.84623 
   88      8.00000         2299         2497      0.85154 
   89      7.00000         2132         2103      0.87651 
   90      6.00000         2233         2046      0.85254 
   91      5.00000         2313         2017      0.84434 
   92      4.00000         2325         1928      0.83612 
   93      3.00000         2331         1840      0.82762 
   94      2.00000         2298         1770      0.82104 
   95      1.00000         2184         1689      0.81694 
   96      0.00000         2142         1656      0.81306 
   97     -1.00000         2169         1705      0.82499 
   98     -2.00000         2268         1814      0.83880 
   99     -3.00000         2366         2000      0.85754 
  100     -4.00000         2472         2221      0.86554 
  101     -5.00000         2540         2389      0.87076 
  102     -6.00000         2580         2518      0.87603 
  103     -7.00000         2638         2644      0.87618 
  104     -8.00000         2694         2766      0.87399 
  105     -9.00000         2729         2887      0.86467 
  106    -10.00000         2788         2990      0.85635 
  107    -11.00000         2804         3043      0.84693 
  108    -12.00000         2849         3117      0.84780 
  109    -13.00000         2889         3199      0.85085 
  110    -14.00000         2913         3241      0.85473 
  111    -15.00000         2950         3292      0.86158 
  112    -16.00000         2961         3327      0.87150 
  113    -17.00000         2988         3368      0.87948 
  114    -18.00000         2993         3407      0.88906 
  115    -19.00000         2957         3369      0.89725 
  116    -20.00000         2946         3369      0.90831 
  117    -21.00000         2908         3313      0.90789 
  118    -22.00000         2872         3285      0.90499 
  119    -23.00000         2811         3209      0.90233 
  120    -24.00000         2756         3141      0.90114 
  121    -25.00000         2688         3059      0.90134 
  122    -26.00000         2593         2920      0.90368 
  123    -27.00000         2501         2756      0.91649 
  124    -28.00000         2302         2541      0.93702 
  125    -29.00000         2234         2443      0.93778 
  126    -30.00000         2178         2353      0.94063 
  127    -31.00000         2074         2190      0.94559 
  128    -32.00000         1987         2068      0.94945 
  129    -33.00000         1945         1939      0.93975 
  130    -34.00000         1917         1824      0.92221 
  131    -35.00000         1882         1699      0.89919 
  132    -36.00000         1830         1558      0.87839 
  133    -37.00000         1780         1408      0.83877 
  134    -38.00000         1735         1272      0.80080 
  135    -39.00000         1650         1193      0.79212 
  136    -40.00000         1552         1109      0.77715 
  137    -41.00000         1391         1013      0.76206 
  138    -42.00000         1234          910      0.75373 
  139    -43.00000         1159          846      0.73317 
  140    -44.00000         1123          806      0.72058 
  141    -45.00000         1062          758      0.71099 
  142    -46.00000          949          665      0.69765 
  143    -47.00000          848          570      0.68406 
  144    -48.00000          771          507      0.70110 
  145    -49.00000          709          484      0.73764 
  146    -50.00000          647          468      0.79641 
  147    -51.00000          579          437      0.84055 
  148    -52.00000          523          416      0.88605 
  149    -53.00000          498          416      0.91028 
  150    -54.00000          488          408      0.91071 
  151    -55.00000          474          394      0.90783 
  152    -56.00000          434          356      0.90127 
  153    -57.00000          377          303      0.89118 
  154    -58.00000          191          165      0.92697 
  155    -59.00000           26           26      1.00000 
  156    -60.00000            0            0      0.00000 
  157    -61.00000            0            0      0.00000 
  158    -62.00000            0            0      0.00000 
  159    -63.00000            0            0      0.00000 
  160    -64.00000            0            0      0.00000 
  161    -65.00000            0            0      0.00000 
  162    -66.00000            0            0      0.00000 
  163    -67.00000            0            0      0.00000 
  164    -68.00000            0            0      0.00000 
  165    -69.00000            0            0      0.00000 
  166    -70.00000            0            0      0.00000 
  167    -71.00000            0            0      0.00000 
  168    -72.00000            0            0      0.00000 
  169    -73.00000            0            0      0.00000 
  170    -74.00000            0            0      0.00000 
  171    -75.00000            0            0      0.00000 
  172    -76.00000            0            0      0.00000 
  173    -77.00000            0            0      0.00000 
  174    -78.00000            0            0      0.00000 
  175    -79.00000            0            0      0.00000 
  176    -80.00000            0            0      0.00000 
  177    -81.00000            0            0      0.00000 
  178    -82.00000            0            0      0.00000 
  179    -83.00000            0            0      0.00000 
  180    -84.00000            0            0      0.00000 
  181    -85.00000            0            0      0.00000 
  182    -86.00000            0            0      0.00000 
  183    -87.00000            0            0      0.00000 
  184    -88.00000            0            0      0.00000 
  185    -89.00000            0            0      0.00000 
  186    -90.00000            0            0      0.00000 
  187    -91.00000            0            0      0.00000 
  188    -92.00000            0            0      0.00000 
  189    -93.00000            0            0      0.00000 
  190    -94.00000            0            0      0.00000 
  191    -95.00000            0            0      0.00000 
  192    -96.00000            0            0      0.00000 
  193    -97.00000            0            0      0.00000 
  194    -98.00000            0            0      0.00000 
