# 3dSliceNDice -insetA 9m_1min_m3_binary+orig -insetB 9m_2min_m3_binary+orig -prefix 9m_1min_2min_m3
    0    134.00000            0            0      0.00000 
    1    133.00000            0            0      0.00000 
    2    132.00000            0            0      0.00000 
    3    131.00000            0            0      0.00000 
    4    130.00000            0            0      0.00000 
    5    129.00000            0            0      0.00000 
    6    128.00000            0            0      0.00000 
    7    127.00000            0            0      0.00000 
    8    126.00000            0            0      0.00000 
    9    125.00000            0            0      0.00000 
   10    124.00000            0            0      0.00000 
   11    123.00000            0            0      0.00000 
   12    122.00000            0            0      0.00000 
   13    121.00000            0            0      0.00000 
   14    120.00000            0            0      0.00000 
   15    119.00000            0            0      0.00000 
   16    118.00000            0            0      0.00000 
   17    117.00000            0            0      0.00000 
   18    116.00000            0            0      0.00000 
   19    115.00000            0            0      0.00000 
   20    114.00000            0            0      0.00000 
   21    113.00000            0            0      0.00000 
   22    112.00000            0            0      0.00000 
   23    111.00000            0            0      0.00000 
   24    110.00000            0            0      0.00000 
   25    109.00000            0            0      0.00000 
   26    108.00000            0            0      0.00000 
   27    107.00000            0            0      0.00000 
   28    106.00000            0            0      0.00000 
   29    105.00000            0            0      0.00000 
   30    104.00000            0            0      0.00000 
   31    103.00000            0            0      0.00000 
   32    102.00000            0            0      0.00000 
   33    101.00000            0            0      0.00000 
   34    100.00000            0            0      0.00000 
   35     99.00000            0            0      0.00000 
   36     98.00000            0            0      0.00000 
   37     97.00000            0            0      0.00000 
   38     96.00000            0            0      0.00000 
   39     95.00000            0            0      0.00000 
   40     94.00000            0            0      0.00000 
   41     93.00000            0            0      0.00000 
   42     92.00000            0            0      0.00000 
   43     91.00000            0            0      0.00000 
   44     90.00000            0            0      0.00000 
   45     89.00000            0            0      0.00000 
   46     88.00000            0            0      0.00000 
   47     87.00000            0            0      0.00000 
   48     86.00000            0            0      0.00000 
   49     85.00000            0            0      0.00000 
   50     84.00000            0            0      0.00000 
   51     83.00000            0            0      0.00000 
   52     82.00000            0            0      0.00000 
   53     81.00000            0            0      0.00000 
   54     80.00000            0            0      0.00000 
   55     79.00000            0            0      0.00000 
   56     78.00000            0            0      0.00000 
   57     77.00000            0            0      0.00000 
   58     76.00000            0            0      0.00000 
   59     75.00000           12            0      0.00000 
   60     74.00000           39            0      0.00000 
   61     73.00000           64            0      0.00000 
   62     72.00000          107           10      0.17094 
   63     71.00000          152           39      0.40838 
   64     70.00000          215           88      0.58086 
   65     69.00000          256          130      0.67358 
   66     68.00000          292          169      0.73319 
   67     67.00000          350          287      0.71272 
   68     66.00000          398          427      0.70061 
   69     65.00000          477          571      0.70038 
   70     64.00000          554          707      0.71213 
   71     63.00000          625          831      0.72253 
   72     62.00000          743          961      0.76878 
   73     61.00000          859         1066      0.80727 
   74     60.00000          971         1208      0.83616 
   75     59.00000         1045         1296      0.84836 
   76     58.00000         1108         1370      0.85714 
   77     57.00000         1266         1461      0.83682 
   78     56.00000         1389         1518      0.80220 
   79     55.00000         1516         1605      0.77731 
   80     54.00000         1614         1681      0.74901 
   81     53.00000         1695         1743      0.72717 
   82     52.00000         1873         2011      0.74047 
   83     51.00000         2069         2319      0.77119 
   84     50.00000         2228         2500      0.78892 
   85     49.00000         2343         2603      0.80267 
   86     48.00000         2456         2708      0.81139 
   87     47.00000         2656         2782      0.83670 
   88     46.00000         2837         2814      0.86498 
   89     45.00000         2960         2854      0.88166 
   90     44.00000         2985         2827      0.88988 
   91     43.00000         2967         2770      0.89280 
   92     42.00000         2903         2669      0.90273 
   93     41.00000         2946         2706      0.90870 
   94     40.00000         2990         2773      0.91619 
   95     39.00000         2961         2793      0.92318 
   96     38.00000         2927         2796      0.93308 
   97     37.00000         2892         2804      0.94593 
   98     36.00000         2886         2831      0.94560 
   99     35.00000         2914         2894      0.94663 
  100     34.00000         2907         2918      0.94524 
  101     33.00000         2925         2962      0.94513 
  102     32.00000         2925         2993      0.94694 
  103     31.00000         2881         2983      0.94748 
  104     30.00000         2859         2990      0.94922 
  105     29.00000         2805         2970      0.95065 
  106     28.00000         2756         2953      0.94868 
  107     27.00000         2669         2893      0.94570 
  108     26.00000         2578         2803      0.94406 
  109     25.00000         2497         2733      0.94417 
  110     24.00000         2419         2633      0.94537 
  111     23.00000         2331         2533      0.94408 
  112     22.00000         2269         2425      0.95058 
  113     21.00000         2187         2313      0.95556 
  114     20.00000         2074         2167      0.96345 
  115     19.00000         1983         2025      0.97006 
  116     18.00000         1916         1928      0.97347 
  117     17.00000         1883         1833      0.96394 
  118     16.00000         1886         1759      0.94815 
  119     15.00000         1883         1683      0.93382 
  120     14.00000         1852         1601      0.92152 
  121     13.00000         1834         1556      0.90324 
  122     12.00000         1785         1523      0.89420 
  123     11.00000         1717         1502      0.89593 
  124     10.00000         1631         1453      0.89170 
  125      9.00000         1494         1356      0.88211 
  126      8.00000         1333         1260      0.85538 
  127      7.00000         1148         1120      0.83598 
  128      6.00000          987          979      0.82604 
  129      5.00000          876          892      0.83032 
  130      4.00000          734          765      0.82455 
  131      3.00000          506          623      0.77059 
  132      2.00000          280          531      0.61652 
  133      1.00000          266          498      0.65707 
  134      0.00000          253          460      0.70968 
  135     -1.00000          230          392      0.73955 
  136     -2.00000          211          299      0.82745 
  137     -3.00000          294          343      0.92308 
  138     -4.00000          421          451      0.96560 
  139     -5.00000          515          535      0.98095 
  140     -6.00000          576          587      0.99054 
  141     -7.00000          614          620      0.99514 
  142     -8.00000          647          683      0.97293 
  143     -9.00000          653          741      0.93687 
  144    -10.00000          673          809      0.90823 
  145    -11.00000          684          858      0.88716 
  146    -12.00000          692          893      0.87319 
  147    -13.00000          703          930      0.86099 
  148    -14.00000          682          915      0.85410 
  149    -15.00000          677          921      0.84731 
  150    -16.00000          676          919      0.84765 
  151    -17.00000          673          914      0.84814 
  152    -18.00000          667          899      0.85185 
  153    -19.00000          634          858      0.84987 
  154    -20.00000          610          825      0.85017 
  155    -21.00000          560          764      0.84592 
  156    -22.00000          518          720      0.83683 
  157    -23.00000          451          637      0.82904 
  158    -24.00000          392          572      0.81328 
  159    -25.00000          317          483      0.79250 
  160    -26.00000          223          369      0.75338 
  161    -27.00000           99          269      0.53804 
  162    -28.00000            0          148      0.00000 
  163    -29.00000            0          117      0.00000 
  164    -30.00000            0           77      0.00000 
  165    -31.00000            0           36      0.00000 
  166    -32.00000            0            1      0.00000 
  167    -33.00000            0            0      0.00000 
  168    -34.00000            0            0      0.00000 
  169    -35.00000            0            0      0.00000 
  170    -36.00000            0            0      0.00000 
  171    -37.00000            0            0      0.00000 
  172    -38.00000            0            0      0.00000 
  173    -39.00000            0            0      0.00000 
  174    -40.00000            0            0      0.00000 
  175    -41.00000            0            0      0.00000 
  176    -42.00000            0            0      0.00000 
  177    -43.00000            0            0      0.00000 
  178    -44.00000            0            0      0.00000 
  179    -45.00000            0            0      0.00000 
  180    -46.00000            0            0      0.00000 
  181    -47.00000            0            0      0.00000 
  182    -48.00000            0            0      0.00000 
  183    -49.00000            0            0      0.00000 
  184    -50.00000            0            0      0.00000 
  185    -51.00000            0            0      0.00000 
  186    -52.00000            0            0      0.00000 
  187    -53.00000            0            0      0.00000 
  188    -54.00000            0            0      0.00000 
  189    -55.00000            0            0      0.00000 
  190    -56.00000            0            0      0.00000 
  191    -57.00000            0            0      0.00000 
  192    -58.00000            0            0      0.00000 
  193    -59.00000            0            0      0.00000 
  194    -60.00000            0            0      0.00000 
  195    -61.00000            0            0      0.00000 
  196    -62.00000            0            0      0.00000 
  197    -63.00000            0            0      0.00000 
  198    -64.00000            0            0      0.00000 
  199    -65.00000            0            0      0.00000 
  200    -66.00000            0            0      0.00000 
  201    -67.00000            0            0      0.00000 
  202    -68.00000            0            0      0.00000 
  203    -69.00000            0            0      0.00000 
  204    -70.00000            0            0      0.00000 
  205    -71.00000            0            0      0.00000 
  206    -72.00000            0            0      0.00000 
  207    -73.00000            0            0      0.00000 
  208    -74.00000            0            0      0.00000 
  209    -75.00000            0            0      0.00000 
  210    -76.00000            0            0      0.00000 
  211    -77.00000            0            0      0.00000 
  212    -78.00000            0            0      0.00000 
  213    -79.00000            0            0      0.00000 
  214    -80.00000            0            0      0.00000 
  215    -81.00000            0            0      0.00000 
  216    -82.00000            0            0      0.00000 
  217    -83.00000            0            0      0.00000 
  218    -84.00000            0            0      0.00000 
  219    -85.00000            0            0      0.00000 
  220    -86.00000            0            0      0.00000 
  221    -87.00000            0            0      0.00000 
  222    -88.00000            0            0      0.00000 
  223    -89.00000            0            0      0.00000 
  224    -90.00000            0            0      0.00000 
  225    -91.00000            0            0      0.00000 
  226    -92.00000            0            0      0.00000 
  227    -93.00000            0            0      0.00000 
  228    -94.00000            0            0      0.00000 
  229    -95.00000            0            0      0.00000 
  230    -96.00000            0            0      0.00000 
  231    -97.00000            0            0      0.00000 
  232    -98.00000            0            0      0.00000 
