# 3dSliceNDice -insetA 9m_1min_m3_binary+orig -insetB 9m_3min_m3_binary+orig -prefix 9m_1min_3min_m3
    0     96.00000            0            0      0.00000 
    1     95.00000            0            0      0.00000 
    2     94.00000            0            0      0.00000 
    3     93.00000            0            0      0.00000 
    4     92.00000            0            0      0.00000 
    5     91.00000            0            0      0.00000 
    6     90.00000            0            0      0.00000 
    7     89.00000            0            0      0.00000 
    8     88.00000            0            0      0.00000 
    9     87.00000            0            0      0.00000 
   10     86.00000            0            0      0.00000 
   11     85.00000            0            0      0.00000 
   12     84.00000            0            0      0.00000 
   13     83.00000            0            0      0.00000 
   14     82.00000            0            0      0.00000 
   15     81.00000            0            0      0.00000 
   16     80.00000            0            0      0.00000 
   17     79.00000            0            0      0.00000 
   18     78.00000            0            0      0.00000 
   19     77.00000            0            0      0.00000 
   20     76.00000            0            0      0.00000 
   21     75.00000            0            0      0.00000 
   22     74.00000            0            0      0.00000 
   23     73.00000            0            0      0.00000 
   24     72.00000            0            0      0.00000 
   25     71.00000            0            0      0.00000 
   26     70.00000            0            0      0.00000 
   27     69.00000            0            0      0.00000 
   28     68.00000            0            0      0.00000 
   29     67.00000            0            0      0.00000 
   30     66.00000            0            0      0.00000 
   31     65.00000            0            0      0.00000 
   32     64.00000            0            0      0.00000 
   33     63.00000            0            0      0.00000 
   34     62.00000            0            0      0.00000 
   35     61.00000            0            0      0.00000 
   36     60.00000            0            0      0.00000 
   37     59.00000            0            0      0.00000 
   38     58.00000            0            0      0.00000 
   39     57.00000            0            0      0.00000 
   40     56.00000            0            0      0.00000 
   41     55.00000            0            0      0.00000 
   42     54.00000            0            0      0.00000 
   43     53.00000            0            0      0.00000 
   44     52.00000            0            0      0.00000 
   45     51.00000            0            0      0.00000 
   46     50.00000            0            0      0.00000 
   47     49.00000            0            0      0.00000 
   48     48.00000            0            0      0.00000 
   49     47.00000            0            0      0.00000 
   50     46.00000            0            0      0.00000 
   51     45.00000            0            0      0.00000 
   52     44.00000            0            0      0.00000 
   53     43.00000            0            0      0.00000 
   54     42.00000            0            0      0.00000 
   55     41.00000            0            0      0.00000 
   56     40.00000            0            0      0.00000 
   57     39.00000            0            0      0.00000 
   58     38.00000            0            0      0.00000 
   59     37.00000           32            0      0.00000 
   60     36.00000           88            0      0.00000 
   61     35.00000          140            0      0.00000 
   62     34.00000          180            0      0.00000 
   63     33.00000          216            0      0.00000 
   64     32.00000          383          179      0.55160 
   65     31.00000          548          357      0.74033 
   66     30.00000          679          490      0.80753 
   67     29.00000          776          594      0.84526 
   68     28.00000          852          675      0.86444 
   69     27.00000          980          832      0.88631 
   70     26.00000         1092          972      0.92151 
   71     25.00000         1223         1116      0.94314 
   72     24.00000         1328         1230      0.95152 
   73     23.00000         1415         1322      0.95579 
   74     22.00000         1561         1575      0.95791 
   75     21.00000         1685         1734      0.94999 
   76     20.00000         1796         1870      0.95035 
   77     19.00000         1865         1968      0.95017 
   78     18.00000         1920         2039      0.94923 
   79     17.00000         2270         2290      0.92632 
   80     16.00000         2484         2525      0.93272 
   81     15.00000         2676         2741      0.93742 
   82     14.00000         2803         2887      0.93743 
   83     13.00000         2919         3023      0.93706 
   84     12.00000         3068         3204      0.93335 
   85     11.00000         3168         3340      0.92932 
   86     10.00000         3276         3469      0.93165 
   87      9.00000         3356         3554      0.93488 
   88      8.00000         3428         3640      0.93520 
   89      7.00000         3504         3734      0.93838 
   90      6.00000         3516         3748      0.93998 
   91      5.00000         3506         3769      0.94131 
   92      4.00000         3465         3758      0.94199 
   93      3.00000         3412         3740      0.94155 
   94      2.00000         3319         3672      0.93978 
   95      1.00000         3196         3557      0.93855 
   96      0.00000         3118         3495      0.93543 
   97     -1.00000         3079         3455      0.93266 
   98     -2.00000         3107         3477      0.93165 
   99     -3.00000         3060         3409      0.92688 
  100     -4.00000         3004         3330      0.92232 
  101     -5.00000         2910         3237      0.91589 
  102     -6.00000         2765         3088      0.90757 
  103     -7.00000         2556         2915      0.88064 
  104     -8.00000         2374         2695      0.85776 
  105     -9.00000         2370         2596      0.85179 
  106    -10.00000         2319         2464      0.85093 
  107    -11.00000         2238         2278      0.85385 
  108    -12.00000         2152         2052      0.87108 
  109    -13.00000         2021         1890      0.93787 
  110    -14.00000         2007         1931      0.94413 
  111    -15.00000         1992         1911      0.93723 
  112    -16.00000         1925         1837      0.92398 
  113    -17.00000         1847         1785      0.90253 
  114    -18.00000         1763         1723      0.87435 
  115    -19.00000         1709         1650      0.86752 
  116    -20.00000         1648         1559      0.85750 
  117    -21.00000         1529         1398      0.83908 
  118    -22.00000         1392         1188      0.78837 
  119    -23.00000         1167          957      0.78437 
  120    -24.00000         1100          888      0.77465 
  121    -25.00000         1008          798      0.76412 
  122    -26.00000          893          698      0.75299 
  123    -27.00000          777          591      0.75877 
  124    -28.00000          694          544      0.81906 
  125    -29.00000          681          537      0.83251 
  126    -30.00000          661          532      0.85499 
  127    -31.00000          616          496      0.87770 
  128    -32.00000          530          465      0.92261 
  129    -33.00000          506          479      0.97056 
  130    -34.00000          588          532      0.95000 
  131    -35.00000          659          580      0.93624 
  132    -36.00000          704          604      0.92355 
  133    -37.00000          741          623      0.91349 
  134    -38.00000          781          637      0.89845 
  135    -39.00000          783          628      0.89015 
  136    -40.00000          794          616      0.87376 
  137    -41.00000          769          589      0.86745 
  138    -42.00000          721          540      0.85646 
  139    -43.00000          675          496      0.84714 
  140    -44.00000          620          445      0.83568 
  141    -45.00000          562          394      0.82427 
  142    -46.00000          492          344      0.82297 
  143    -47.00000          408          289      0.82927 
  144    -48.00000          328          240      0.84507 
  145    -49.00000          244          192      0.88073 
  146    -50.00000          167          150      0.94637 
  147    -51.00000          116          111      0.97797 
  148    -52.00000           85           85      1.00000 
  149    -53.00000           54           54      1.00000 
  150    -54.00000           25           25      1.00000 
  151    -55.00000            2            2      1.00000 
  152    -56.00000            0            0      0.00000 
  153    -57.00000            0            0      0.00000 
  154    -58.00000            0            0      0.00000 
  155    -59.00000            0            0      0.00000 
  156    -60.00000            0            0      0.00000 
  157    -61.00000            0            0      0.00000 
  158    -62.00000            0            0      0.00000 
  159    -63.00000            0            0      0.00000 
  160    -64.00000            0            0      0.00000 
  161    -65.00000            0            0      0.00000 
  162    -66.00000            0            0      0.00000 
  163    -67.00000            0            0      0.00000 
  164    -68.00000            0            0      0.00000 
  165    -69.00000            0            0      0.00000 
  166    -70.00000            0            0      0.00000 
  167    -71.00000            0            0      0.00000 
  168    -72.00000            0            0      0.00000 
  169    -73.00000            0            0      0.00000 
  170    -74.00000            0            0      0.00000 
  171    -75.00000            0            0      0.00000 
  172    -76.00000            0            0      0.00000 
  173    -77.00000            0            0      0.00000 
  174    -78.00000            0            0      0.00000 
  175    -79.00000            0            0      0.00000 
  176    -80.00000            0            0      0.00000 
  177    -81.00000            0            0      0.00000 
  178    -82.00000            0            0      0.00000 
  179    -83.00000            0            0      0.00000 
  180    -84.00000            0            0      0.00000 
  181    -85.00000            0            0      0.00000 
  182    -86.00000            0            0      0.00000 
  183    -87.00000            0            0      0.00000 
  184    -88.00000            0            0      0.00000 
  185    -89.00000            0            0      0.00000 
  186    -90.00000            0            0      0.00000 
  187    -91.00000            0            0      0.00000 
  188    -92.00000            0            0      0.00000 
  189    -93.00000            0            0      0.00000 
  190    -94.00000            0            0      0.00000 
  191    -95.00000            0            0      0.00000 
  192    -96.00000            0            0      0.00000 
  193    -97.00000            0            0      0.00000 
  194    -98.00000            0            0      0.00000 
