# 3dSliceNDice -insetA 9m_2min_m1_binary+orig -insetB 9m_4min_m1_binary+orig -prefix 9m_2min_4min_m1
    0    -72.00000            0            0      0.00000 
    1    -71.00000            0            0      0.00000 
    2    -70.00000            0            0      0.00000 
    3    -69.00000            0            0      0.00000 
    4    -68.00000            0            0      0.00000 
    5    -67.00000            0            0      0.00000 
    6    -66.00000            0            0      0.00000 
    7    -65.00000            0            0      0.00000 
    8    -64.00000            0            0      0.00000 
    9    -63.00000            0            0      0.00000 
   10    -62.00000            0            0      0.00000 
   11    -61.00000            0            0      0.00000 
   12    -60.00000            0            0      0.00000 
   13    -59.00000            0            0      0.00000 
   14    -58.00000            0            0      0.00000 
   15    -57.00000            0            0      0.00000 
   16    -56.00000            0            0      0.00000 
   17    -55.00000            0            0      0.00000 
   18    -54.00000            0            0      0.00000 
   19    -53.00000            0            0      0.00000 
   20    -52.00000            0            0      0.00000 
   21    -51.00000            0            0      0.00000 
   22    -50.00000            0            0      0.00000 
   23    -49.00000            0            0      0.00000 
   24    -48.00000            0            0      0.00000 
   25    -47.00000            0            0      0.00000 
   26    -46.00000            0            0      0.00000 
   27    -45.00000            0            0      0.00000 
   28    -44.00000            0            0      0.00000 
   29    -43.00000            0            0      0.00000 
   30    -42.00000            0            0      0.00000 
   31    -41.00000            0            0      0.00000 
   32    -40.00000            0            0      0.00000 
   33    -39.00000            0            0      0.00000 
   34    -38.00000            0            0      0.00000 
   35    -37.00000            0            0      0.00000 
   36    -36.00000            0            0      0.00000 
   37    -35.00000            0            0      0.00000 
   38    -34.00000            0            0      0.00000 
   39    -33.00000            0            0      0.00000 
   40    -32.00000          329          307      0.90881 
   41    -31.00000          625          550      0.92596 
   42    -30.00000          803          711      0.93395 
   43    -29.00000          944          841      0.93782 
   44    -28.00000         1087          964      0.93808 
   45    -27.00000         1269         1093      0.92295 
   46    -26.00000         1435         1192      0.89684 
   47    -25.00000         1621         1319      0.88912 
   48    -24.00000         1745         1400      0.88267 
   49    -23.00000         1882         1492      0.88085 
   50    -22.00000         2110         1674      0.87844 
   51    -21.00000         2385         1904      0.88505 
   52    -20.00000         2858         2331      0.89112 
   53    -19.00000         3200         2656      0.89447 
   54    -18.00000         3475         2911      0.89383 
   55    -17.00000         3939         3444      0.89097 
   56    -16.00000         4290         3867      0.88390 
   57    -15.00000         4689         4318      0.88020 
   58    -14.00000         4795         4479      0.87557 
   59    -13.00000         4844         4534      0.86948 
   60    -12.00000         4994         4725      0.87602 
   61    -11.00000         4948         4784      0.88183 
   62    -10.00000         4861         4806      0.88756 
   63     -9.00000         4600         4695      0.89145 
   64     -8.00000         4094         4415      0.88941 
   65     -7.00000         3471         4016      0.91091 
   66     -6.00000         3459         4045      0.91338 
   67     -5.00000         3473         4114      0.91261 
   68     -4.00000         3456         4116      0.91284 
   69     -3.00000         3476         4110      0.91642 
   70     -2.00000         3475         4072      0.91507 
   71     -1.00000         3479         4045      0.91308 
   72      0.00000         3439         3990      0.91210 
   73      1.00000         3326         3848      0.90800 
   74      2.00000         3189         3719      0.89867 
   75      3.00000         3099         3654      0.88997 
   76      4.00000         3096         3633      0.89315 
   77      5.00000         3056         3558      0.89568 
   78      6.00000         2936         3380      0.89550 
   79      7.00000         2808         3162      0.89682 
   80      8.00000         2730         3016      0.89488 
   81      9.00000         2759         3058      0.87399 
   82     10.00000         2783         3116      0.85777 
   83     11.00000         2734         3117      0.83746 
   84     12.00000         2645         3117      0.80875 
   85     13.00000         2841         3238      0.79454 
   86     14.00000         2999         3299      0.80724 
   87     15.00000         3135         3388      0.81006 
   88     16.00000         3177         3386      0.80695 
   89     17.00000         3173         3311      0.80228 
   90     18.00000         3381         3368      0.80812 
   91     19.00000         3501         3472      0.81600 
   92     20.00000         3599         3564      0.82507 
   93     21.00000         3590         3551      0.83378 
   94     22.00000         3574         3538      0.84055 
   95     23.00000         3538         3511      0.85402 
   96     24.00000         3446         3431      0.86782 
   97     25.00000         3381         3372      0.88376 
   98     26.00000         3222         3202      0.89882 
   99     27.00000         3049         3024      0.91619 
  100     28.00000         2887         2882      0.92841 
  101     29.00000         2761         2734      0.92994 
  102     30.00000         2640         2591      0.93290 
  103     31.00000         2480         2394      0.93722 
  104     32.00000         2355         2218      0.94774 
  105     33.00000         2223         2057      0.95327 
  106     34.00000         2041         1871      0.95194 
  107     35.00000         1871         1701      0.95241 
  108     36.00000         1668         1519      0.95325 
  109     37.00000         1504         1376      0.95556 
  110     38.00000         1351         1216      0.94741 
  111     39.00000         1262         1087      0.92550 
  112     40.00000         1189          979      0.90314 
  113     41.00000         1139          891      0.87783 
  114     42.00000         1105          810      0.84595 
  115     43.00000         1019          665      0.78979 
  116     44.00000          913          536      0.73982 
  117     45.00000          819          410      0.66721 
  118     46.00000          681          260      0.55260 
  119     47.00000          569          155      0.42818 
  120     48.00000          493          111      0.36755 
  121     49.00000          420           80      0.32000 
  122     50.00000          368           52      0.24762 
  123     51.00000          308           23      0.13897 
  124     52.00000          256            0      0.00000 
  125     53.00000          214            0      0.00000 
  126     54.00000          149            0      0.00000 
  127     55.00000           80            0      0.00000 
  128     56.00000           36            0      0.00000 
  129     57.00000           11            0      0.00000 
  130     58.00000            0            0      0.00000 
  131     59.00000            0            0      0.00000 
  132     60.00000            0            0      0.00000 
  133     61.00000            0            0      0.00000 
  134     62.00000            0            0      0.00000 
  135     63.00000            0            0      0.00000 
  136     64.00000            0            0      0.00000 
  137     65.00000            0            0      0.00000 
  138     66.00000            0            0      0.00000 
  139     67.00000            0            0      0.00000 
  140     68.00000            0            0      0.00000 
  141     69.00000            0            0      0.00000 
  142     70.00000            0            0      0.00000 
  143     71.00000            0            0      0.00000 
  144     72.00000            0            0      0.00000 
  145     73.00000            0            0      0.00000 
  146     74.00000            0            0      0.00000 
  147     75.00000            0            0      0.00000 
  148     76.00000            0            0      0.00000 
  149     77.00000            0            0      0.00000 
  150     78.00000            0            0      0.00000 
  151     79.00000            0            0      0.00000 
  152     80.00000            0            0      0.00000 
  153     81.00000            0            0      0.00000 
  154     82.00000            0            0      0.00000 
  155     83.00000            0            0      0.00000 
  156     84.00000            0            0      0.00000 
  157     85.00000            0            0      0.00000 
  158     86.00000            0            0      0.00000 
