# 3dSliceNDice -insetA 9m_2min_m4_binary+orig -insetB 9m_4min_m4_binary+orig -prefix 9m_2min_4min_m4
    0    134.00000            0            0      0.00000 
    1    133.00000            0            0      0.00000 
    2    132.00000            0            0      0.00000 
    3    131.00000            0            0      0.00000 
    4    130.00000            0            0      0.00000 
    5    129.00000            0            0      0.00000 
    6    128.00000            0            0      0.00000 
    7    127.00000            0            0      0.00000 
    8    126.00000            0            0      0.00000 
    9    125.00000            0            0      0.00000 
   10    124.00000            0            0      0.00000 
   11    123.00000            0            0      0.00000 
   12    122.00000            0            0      0.00000 
   13    121.00000            0            0      0.00000 
   14    120.00000            0            0      0.00000 
   15    119.00000            0            0      0.00000 
   16    118.00000            0            0      0.00000 
   17    117.00000            0            0      0.00000 
   18    116.00000            0            0      0.00000 
   19    115.00000            0            0      0.00000 
   20    114.00000            0            0      0.00000 
   21    113.00000            0            0      0.00000 
   22    112.00000            0            0      0.00000 
   23    111.00000            0            0      0.00000 
   24    110.00000            0            0      0.00000 
   25    109.00000            0            0      0.00000 
   26    108.00000            0            0      0.00000 
   27    107.00000            0            0      0.00000 
   28    106.00000            0            0      0.00000 
   29    105.00000            0            0      0.00000 
   30    104.00000            0            0      0.00000 
   31    103.00000            0            0      0.00000 
   32    102.00000            0            0      0.00000 
   33    101.00000            0            0      0.00000 
   34    100.00000            0            0      0.00000 
   35     99.00000            0            0      0.00000 
   36     98.00000            0            0      0.00000 
   37     97.00000            0            0      0.00000 
   38     96.00000            0            0      0.00000 
   39     95.00000            0            0      0.00000 
   40     94.00000            0            0      0.00000 
   41     93.00000            0            0      0.00000 
   42     92.00000            0            0      0.00000 
   43     91.00000            0            0      0.00000 
   44     90.00000            0            0      0.00000 
   45     89.00000            0            0      0.00000 
   46     88.00000            0            0      0.00000 
   47     87.00000            0            0      0.00000 
   48     86.00000            0            0      0.00000 
   49     85.00000            0            0      0.00000 
   50     84.00000            0           26      0.00000 
   51     83.00000            0          109      0.00000 
   52     82.00000            0          253      0.00000 
   53     81.00000           18          395      0.08717 
   54     80.00000           58          547      0.19174 
   55     79.00000          103          666      0.26788 
   56     78.00000          141          767      0.31057 
   57     77.00000          202          861      0.38006 
   58     76.00000          255          908      0.43852 
   59     75.00000          313          977      0.48527 
   60     74.00000          376         1015      0.54062 
   61     73.00000          450         1055      0.59801 
   62     72.00000          575         1145      0.66860 
   63     71.00000          672         1217      0.71149 
   64     70.00000          727         1263      0.73065 
   65     69.00000          740         1251      0.74335 
   66     68.00000          760         1231      0.76344 
   67     67.00000          756         1220      0.76518 
   68     66.00000          742         1234      0.75101 
   69     65.00000          713         1220      0.73771 
   70     64.00000          648         1215      0.69565 
   71     63.00000          602         1212      0.66373 
   72     62.00000          512         1196      0.59953 
   73     61.00000          434         1176      0.53913 
   74     60.00000          344         1147      0.46144 
   75     59.00000          226         1076      0.34716 
   76     58.00000           92         1046      0.16169 
   77     57.00000           77         1006      0.09234 
   78     56.00000          184         1022      0.23051 
   79     55.00000          275         1010      0.34397 
   80     54.00000          346          934      0.44375 
   81     53.00000          416          795      0.57308 
   82     52.00000          589          803      0.74282 
   83     51.00000          711          935      0.78250 
   84     50.00000          840         1060      0.82737 
   85     49.00000          956         1148      0.87167 
   86     48.00000         1053         1201      0.90949 
   87     47.00000         1266         1319      0.95319 
   88     46.00000         1425         1443      0.96513 
   89     45.00000         1572         1567      0.96655 
   90     44.00000         1667         1639      0.96673 
   91     43.00000         1738         1695      0.96941 
   92     42.00000         1824         1782      0.96617 
   93     41.00000         1907         1884      0.96175 
   94     40.00000         1993         1964      0.96285 
   95     39.00000         2081         2056      0.96350 
   96     38.00000         2177         2162      0.96289 
   97     37.00000         2257         2243      0.96444 
   98     36.00000         2316         2294      0.96659 
   99     35.00000         2390         2357      0.97114 
  100     34.00000         2410         2360      0.97191 
  101     33.00000         2450         2380      0.97019 
  102     32.00000         2470         2379      0.95937 
  103     31.00000         2500         2382      0.94592 
  104     30.00000         2538         2384      0.94230 
  105     29.00000         2540         2363      0.94065 
  106     28.00000         2451         2280      0.94060 
  107     27.00000         2276         2168      0.94959 
  108     26.00000         2249         2130      0.94816 
  109     25.00000         2227         2092      0.94235 
  110     24.00000         2157         2022      0.94042 
  111     23.00000         2036         1897      0.93923 
  112     22.00000         2166         2018      0.94168 
  113     21.00000         2321         2171      0.94256 
  114     20.00000         2394         2251      0.94596 
  115     19.00000         2417         2255      0.94563 
  116     18.00000         2456         2278      0.94001 
  117     17.00000         2488         2370      0.95348 
  118     16.00000         2495         2394      0.95807 
  119     15.00000         2508         2410      0.95933 
  120     14.00000         2496         2389      0.95844 
  121     13.00000         2467         2351      0.96430 
  122     12.00000         2446         2319      0.97335 
  123     11.00000         2439         2293      0.96915 
  124     10.00000         2439         2267      0.96345 
  125      9.00000         2427         2231      0.95792 
  126      8.00000         2415         2208      0.95522 
  127      7.00000         2389         2174      0.95288 
  128      6.00000         2353         2132      0.95072 
  129      5.00000         2313         2091      0.94959 
  130      4.00000         2289         2061      0.94759 
  131      3.00000         2277         2038      0.94461 
  132      2.00000         2252         2002      0.94123 
  133      1.00000         2211         1950      0.93727 
  134      0.00000         2168         1895      0.93281 
  135     -1.00000         2104         1818      0.92708 
  136     -2.00000         2052         1767      0.92537 
  137     -3.00000         2009         1691      0.91405 
  138     -4.00000         1973         1619      0.90145 
  139     -5.00000         1911         1532      0.88992 
  140     -6.00000         1801         1418      0.87853 
  141     -7.00000         1592         1209      0.85755 
  142     -8.00000         1113          799      0.82741 
  143     -9.00000         1127          804      0.82444 
  144    -10.00000         1144          801      0.82365 
  145    -11.00000         1161          811      0.81947 
  146    -12.00000         1170          814      0.81754 
  147    -13.00000         1164          809      0.81602 
  148    -14.00000         1145          795      0.81649 
  149    -15.00000         1116          775      0.81756 
  150    -16.00000         1085          750      0.81744 
  151    -17.00000         1057          731      0.81767 
  152    -18.00000          995          695      0.82249 
  153    -19.00000          937          660      0.82655 
  154    -20.00000          867          618      0.83232 
  155    -21.00000          758          555      0.84539 
  156    -22.00000          674          520      0.87102 
  157    -23.00000          582          467      0.89037 
  158    -24.00000          542          430      0.88477 
  159    -25.00000          480          376      0.87850 
  160    -26.00000          400          314      0.87955 
  161    -27.00000          315          258      0.90052 
  162    -28.00000          246          208      0.91630 
  163    -29.00000          209          172      0.90289 
  164    -30.00000          167          135      0.89404 
  165    -31.00000          112           85      0.86294 
  166    -32.00000           48           32      0.80000 
  167    -33.00000            0            0      0.00000 
  168    -34.00000            0            0      0.00000 
  169    -35.00000            0            0      0.00000 
  170    -36.00000            0            0      0.00000 
  171    -37.00000            0            0      0.00000 
  172    -38.00000            0            0      0.00000 
  173    -39.00000            0            0      0.00000 
  174    -40.00000            0            0      0.00000 
  175    -41.00000            0            0      0.00000 
  176    -42.00000            0            0      0.00000 
  177    -43.00000            0            0      0.00000 
  178    -44.00000            0            0      0.00000 
  179    -45.00000            0            0      0.00000 
  180    -46.00000            0            0      0.00000 
  181    -47.00000            0            0      0.00000 
  182    -48.00000            0            0      0.00000 
  183    -49.00000            0            0      0.00000 
  184    -50.00000            0            0      0.00000 
  185    -51.00000            0            0      0.00000 
  186    -52.00000            0            0      0.00000 
  187    -53.00000            0            0      0.00000 
  188    -54.00000            0            0      0.00000 
  189    -55.00000            0            0      0.00000 
  190    -56.00000            0            0      0.00000 
  191    -57.00000            0            0      0.00000 
  192    -58.00000            0            0      0.00000 
  193    -59.00000            0            0      0.00000 
  194    -60.00000            0            0      0.00000 
  195    -61.00000            0            0      0.00000 
  196    -62.00000            0            0      0.00000 
  197    -63.00000            0            0      0.00000 
  198    -64.00000            0            0      0.00000 
  199    -65.00000            0            0      0.00000 
  200    -66.00000            0            0      0.00000 
  201    -67.00000            0            0      0.00000 
  202    -68.00000            0            0      0.00000 
  203    -69.00000            0            0      0.00000 
  204    -70.00000            0            0      0.00000 
  205    -71.00000            0            0      0.00000 
  206    -72.00000            0            0      0.00000 
  207    -73.00000            0            0      0.00000 
  208    -74.00000            0            0      0.00000 
  209    -75.00000            0            0      0.00000 
  210    -76.00000            0            0      0.00000 
  211    -77.00000            0            0      0.00000 
  212    -78.00000            0            0      0.00000 
  213    -79.00000            0            0      0.00000 
  214    -80.00000            0            0      0.00000 
  215    -81.00000            0            0      0.00000 
  216    -82.00000            0            0      0.00000 
  217    -83.00000            0            0      0.00000 
  218    -84.00000            0            0      0.00000 
  219    -85.00000            0            0      0.00000 
  220    -86.00000            0            0      0.00000 
  221    -87.00000            0            0      0.00000 
  222    -88.00000            0            0      0.00000 
  223    -89.00000            0            0      0.00000 
  224    -90.00000            0            0      0.00000 
  225    -91.00000            0            0      0.00000 
  226    -92.00000            0            0      0.00000 
  227    -93.00000            0            0      0.00000 
  228    -94.00000            0            0      0.00000 
  229    -95.00000            0            0      0.00000 
  230    -96.00000            0            0      0.00000 
  231    -97.00000            0            0      0.00000 
  232    -98.00000            0            0      0.00000 
