# 3dSliceNDice -insetA 9m_2min_m2_binary+orig -insetB 9m_4min_m2_binary+orig -prefix 9m_2min_4min_m2
    0     96.00000            0            0      0.00000 
    1     95.00000            0            0      0.00000 
    2     94.00000            0            0      0.00000 
    3     93.00000            0            0      0.00000 
    4     92.00000            0            0      0.00000 
    5     91.00000            0            0      0.00000 
    6     90.00000            0            0      0.00000 
    7     89.00000            0            0      0.00000 
    8     88.00000            0            0      0.00000 
    9     87.00000            0            0      0.00000 
   10     86.00000            0            0      0.00000 
   11     85.00000            0            0      0.00000 
   12     84.00000            0            0      0.00000 
   13     83.00000            0            0      0.00000 
   14     82.00000            0            0      0.00000 
   15     81.00000            0            0      0.00000 
   16     80.00000            0            0      0.00000 
   17     79.00000            0            0      0.00000 
   18     78.00000            0            0      0.00000 
   19     77.00000            0            0      0.00000 
   20     76.00000            0            0      0.00000 
   21     75.00000            0            0      0.00000 
   22     74.00000            0            0      0.00000 
   23     73.00000            0            0      0.00000 
   24     72.00000            0            0      0.00000 
   25     71.00000            0            0      0.00000 
   26     70.00000            0            0      0.00000 
   27     69.00000            0            0      0.00000 
   28     68.00000            0            0      0.00000 
   29     67.00000            0            0      0.00000 
   30     66.00000            0            0      0.00000 
   31     65.00000            0            0      0.00000 
   32     64.00000            0            0      0.00000 
   33     63.00000            0            0      0.00000 
   34     62.00000            0            0      0.00000 
   35     61.00000            0            0      0.00000 
   36     60.00000            0            0      0.00000 
   37     59.00000            0            0      0.00000 
   38     58.00000            0            0      0.00000 
   39     57.00000            0            0      0.00000 
   40     56.00000            0            0      0.00000 
   41     55.00000            0            0      0.00000 
   42     54.00000            0           15      0.00000 
   43     53.00000            0           80      0.00000 
   44     52.00000            0          146      0.00000 
   45     51.00000            0          188      0.00000 
   46     50.00000            0          245      0.00000 
   47     49.00000            0          295      0.00000 
   48     48.00000            0          327      0.00000 
   49     47.00000            0          357      0.00000 
   50     46.00000            0          366      0.00000 
   51     45.00000            0          382      0.00000 
   52     44.00000            7          398      0.03457 
   53     43.00000           23          404      0.10773 
   54     42.00000           57          388      0.25618 
   55     41.00000          114          397      0.44618 
   56     40.00000          185          424      0.60755 
   57     39.00000          237          413      0.72923 
   58     38.00000          285          385      0.85075 
   59     37.00000          337          377      0.94398 
   60     36.00000          391          427      0.95599 
   61     35.00000          476          513      0.96259 
   62     34.00000          546          579      0.97067 
   63     33.00000          597          624      0.97789 
   64     32.00000          666          686      0.97929 
   65     31.00000          733          759      0.95979 
   66     30.00000          811          848      0.93912 
   67     29.00000          873          922      0.92368 
   68     28.00000          928          996      0.91372 
   69     27.00000          989         1068      0.90423 
   70     26.00000         1026         1126      0.89963 
   71     25.00000         1077         1194      0.88948 
   72     24.00000         1119         1237      0.88455 
   73     23.00000         1144         1268      0.88060 
   74     22.00000         1180         1315      0.88016 
   75     21.00000         1235         1350      0.88201 
   76     20.00000         1301         1413      0.88578 
   77     19.00000         1359         1451      0.88826 
   78     18.00000         1398         1464      0.89099 
   79     17.00000         1438         1465      0.89563 
   80     16.00000         1452         1464      0.90123 
   81     15.00000         1490         1495      0.91390 
   82     14.00000         1506         1500      0.93147 
   83     13.00000         1531         1496      0.95276 
   84     12.00000         1547         1499      0.96783 
   85     11.00000         1550         1501      0.97083 
   86     10.00000         1553         1515      0.96871 
   87      9.00000         1575         1526      0.96292 
   88      8.00000         1610         1553      0.95669 
   89      7.00000         1656         1592      0.95012 
   90      6.00000         1666         1607      0.94775 
   91      5.00000         1666         1617      0.94487 
   92      4.00000         1647         1605      0.94588 
   93      3.00000         1617         1589      0.94510 
   94      2.00000         1568         1568      0.94898 
   95      1.00000         1525         1543      0.95241 
   96      0.00000         1519         1550      0.95341 
   97     -1.00000         1516         1558      0.95641 
   98     -2.00000         1518         1579      0.95835 
   99     -3.00000         1516         1591      0.95912 
  100     -4.00000         1523         1608      0.96135 
  101     -5.00000         1495         1595      0.95987 
  102     -6.00000         1463         1566      0.95213 
  103     -7.00000         1432         1522      0.94245 
  104     -8.00000         1395         1480      0.93009 
  105     -9.00000         1371         1450      0.92166 
  106    -10.00000         1349         1420      0.91152 
  107    -11.00000         1335         1407      0.91101 
  108    -12.00000         1339         1404      0.91360 
  109    -13.00000         1316         1368      0.92027 
  110    -14.00000         1283         1329      0.92649 
  111    -15.00000         1260         1292      0.93260 
  112    -16.00000         1228         1246      0.93856 
  113    -17.00000         1218         1234      0.93638 
  114    -18.00000         1197         1289      0.90829 
  115    -19.00000         1172         1384      0.86541 
  116    -20.00000         1142         1461      0.82674 
  117    -21.00000         1102         1497      0.80031 
  118    -22.00000         1060         1534      0.77332 
  119    -23.00000         1035         1596      0.74572 
  120    -24.00000         1005         1667      0.71332 
  121    -25.00000          967         1721      0.68080 
  122    -26.00000          905         1715      0.65878 
  123    -27.00000          862         1723      0.64217 
  124    -28.00000          919         1726      0.67524 
  125    -29.00000          981         1713      0.70379 
  126    -30.00000         1010         1698      0.70310 
  127    -31.00000         1005         1630      0.69829 
  128    -32.00000         1009         1571      0.69302 
  129    -33.00000         1017         1501      0.69341 
  130    -34.00000         1003         1443      0.68438 
  131    -35.00000          992         1395      0.68789 
  132    -36.00000          923         1284      0.68962 
  133    -37.00000          873         1214      0.68999 
  134    -38.00000          816         1109      0.70649 
  135    -39.00000          749         1008      0.72168 
  136    -40.00000          682          906      0.74181 
  137    -41.00000          600          769      0.76552 
  138    -42.00000          534          659      0.81308 
  139    -43.00000          499          565      0.86842 
  140    -44.00000          466          523      0.88979 
  141    -45.00000          446          520      0.92340 
  142    -46.00000          460          532      0.92742 
  143    -47.00000          492          559      0.93625 
  144    -48.00000          524          584      0.94585 
  145    -49.00000          538          588      0.95560 
  146    -50.00000          558          601      0.96290 
  147    -51.00000          558          613      0.95303 
  148    -52.00000          558          623      0.94496 
  149    -53.00000          546          623      0.93413 
  150    -54.00000          528          613      0.92550 
  151    -55.00000          504          597      0.91553 
  152    -56.00000          478          570      0.91221 
  153    -57.00000          427          515      0.90658 
  154    -58.00000          223          290      0.86940 
  155    -59.00000           39           51      0.86667 
  156    -60.00000            0            0      0.00000 
  157    -61.00000            0            0      0.00000 
  158    -62.00000            0            0      0.00000 
  159    -63.00000            0            0      0.00000 
  160    -64.00000            0            0      0.00000 
  161    -65.00000            0            0      0.00000 
  162    -66.00000            0            0      0.00000 
  163    -67.00000            0            0      0.00000 
  164    -68.00000            0            0      0.00000 
  165    -69.00000            0            0      0.00000 
  166    -70.00000            0            0      0.00000 
  167    -71.00000            0            0      0.00000 
  168    -72.00000            0            0      0.00000 
  169    -73.00000            0            0      0.00000 
  170    -74.00000            0            0      0.00000 
  171    -75.00000            0            0      0.00000 
  172    -76.00000            0            0      0.00000 
  173    -77.00000            0            0      0.00000 
  174    -78.00000            0            0      0.00000 
  175    -79.00000            0            0      0.00000 
  176    -80.00000            0            0      0.00000 
  177    -81.00000            0            0      0.00000 
  178    -82.00000            0            0      0.00000 
  179    -83.00000            0            0      0.00000 
  180    -84.00000            0            0      0.00000 
  181    -85.00000            0            0      0.00000 
  182    -86.00000            0            0      0.00000 
  183    -87.00000            0            0      0.00000 
  184    -88.00000            0            0      0.00000 
  185    -89.00000            0            0      0.00000 
  186    -90.00000            0            0      0.00000 
  187    -91.00000            0            0      0.00000 
  188    -92.00000            0            0      0.00000 
  189    -93.00000            0            0      0.00000 
  190    -94.00000            0            0      0.00000 
  191    -95.00000            0            0      0.00000 
  192    -96.00000            0            0      0.00000 
  193    -97.00000            0            0      0.00000 
  194    -98.00000            0            0      0.00000 
