# 3dSliceNDice -insetA 9m_2min_m1_binary+orig -insetB 9m_4min_m1_binary+orig -prefix 9m_2min_4min_m1
    0     96.00000            0            0      0.00000 
    1     95.00000            0            0      0.00000 
    2     94.00000            0            0      0.00000 
    3     93.00000            0            0      0.00000 
    4     92.00000            0            0      0.00000 
    5     91.00000            0            0      0.00000 
    6     90.00000            0            0      0.00000 
    7     89.00000            0            0      0.00000 
    8     88.00000            0            0      0.00000 
    9     87.00000            0            0      0.00000 
   10     86.00000            0            0      0.00000 
   11     85.00000            0            0      0.00000 
   12     84.00000            0            0      0.00000 
   13     83.00000            0            0      0.00000 
   14     82.00000            0            0      0.00000 
   15     81.00000            0            0      0.00000 
   16     80.00000            0            0      0.00000 
   17     79.00000            0            0      0.00000 
   18     78.00000            0            0      0.00000 
   19     77.00000            0            0      0.00000 
   20     76.00000            0            0      0.00000 
   21     75.00000            0            0      0.00000 
   22     74.00000            0            0      0.00000 
   23     73.00000            0            0      0.00000 
   24     72.00000            0            0      0.00000 
   25     71.00000            0            0      0.00000 
   26     70.00000            0            0      0.00000 
   27     69.00000            0            0      0.00000 
   28     68.00000            0            0      0.00000 
   29     67.00000            0            0      0.00000 
   30     66.00000            0            0      0.00000 
   31     65.00000            0            0      0.00000 
   32     64.00000            0            0      0.00000 
   33     63.00000            0            0      0.00000 
   34     62.00000            0            0      0.00000 
   35     61.00000            0            0      0.00000 
   36     60.00000            0            0      0.00000 
   37     59.00000            0            0      0.00000 
   38     58.00000            0            0      0.00000 
   39     57.00000           23            0      0.00000 
   40     56.00000          108            0      0.00000 
   41     55.00000          170            8      0.08989 
   42     54.00000          229           17      0.13821 
   43     53.00000          300           48      0.27586 
   44     52.00000          338           85      0.40189 
   45     51.00000          401          114      0.44272 
   46     50.00000          446          147      0.49578 
   47     49.00000          483          175      0.53191 
   48     48.00000          517          201      0.55989 
   49     47.00000          539          223      0.58530 
   50     46.00000          548          240      0.60914 
   51     45.00000          598          283      0.64245 
   52     44.00000          680          364      0.69732 
   53     43.00000          788          470      0.74722 
   54     42.00000          895          635      0.76471 
   55     41.00000         1045          850      0.76623 
   56     40.00000         1182         1003      0.74966 
   57     39.00000         1241         1074      0.73348 
   58     38.00000         1313         1172      0.71710 
   59     37.00000         1380         1338      0.72627 
   60     36.00000         1459         1492      0.74280 
   61     35.00000         1564         1686      0.74585 
   62     34.00000         1649         1828      0.75640 
   63     33.00000         1742         1963      0.76167 
   64     32.00000         2017         2355      0.78408 
   65     31.00000         2195         2570      0.80797 
   66     30.00000         2330         2747      0.83081 
   67     29.00000         2416         2863      0.85130 
   68     28.00000         2467         2964      0.86835 
   69     27.00000         2527         2995      0.87577 
   70     26.00000         2628         3022      0.87221 
   71     25.00000         2746         3077      0.87172 
   72     24.00000         2860         3119      0.87406 
   73     23.00000         2995         3203      0.87835 
   74     22.00000         3098         3243      0.88314 
   75     21.00000         3150         3252      0.88785 
   76     20.00000         3192         3241      0.89103 
   77     19.00000         3223         3214      0.89234 
   78     18.00000         3253         3203      0.89281 
   79     17.00000         3248         3163      0.89534 
   80     16.00000         3240         3114      0.89393 
   81     15.00000         3275         3069      0.89218 
   82     14.00000         3251         3029      0.88726 
   83     13.00000         3186         2998      0.88001 
   84     12.00000         3087         2967      0.87413 
   85     11.00000         2992         2930      0.88045 
   86     10.00000         2869         2872      0.88451 
   87      9.00000         2675         2739      0.88807 
   88      8.00000         2435         2521      0.89790 
   89      7.00000         2226         2218      0.93204 
   90      6.00000         2176         2180      0.93664 
   91      5.00000         2151         2161      0.94388 
   92      4.00000         2081         2066      0.94044 
   93      3.00000         2021         1983      0.93556 
   94      2.00000         1939         1894      0.93295 
   95      1.00000         1816         1762      0.93348 
   96      0.00000         1741         1675      0.93911 
   97     -1.00000         1761         1710      0.93691 
   98     -2.00000         1844         1809      0.93676 
   99     -3.00000         2005         1937      0.92694 
  100     -4.00000         2170         2063      0.91755 
  101     -5.00000         2320         2184      0.90631 
  102     -6.00000         2427         2276      0.90155 
  103     -7.00000         2530         2369      0.89855 
  104     -8.00000         2580         2510      0.88998 
  105     -9.00000         2626         2649      0.87659 
  106    -10.00000         2668         2747      0.87018 
  107    -11.00000         2651         2792      0.87084 
  108    -12.00000         2689         2867      0.87257 
  109    -13.00000         2713         2967      0.86866 
  110    -14.00000         2730         3058      0.87284 
  111    -15.00000         2784         3163      0.88515 
  112    -16.00000         2839         3233      0.89065 
  113    -17.00000         2876         3287      0.89307 
  114    -18.00000         2909         3355      0.89815 
  115    -19.00000         2909         3340      0.90863 
  116    -20.00000         2921         3358      0.91607 
  117    -21.00000         2889         3320      0.91158 
  118    -22.00000         2868         3297      0.90803 
  119    -23.00000         2830         3226      0.90423 
  120    -24.00000         2799         3145      0.90444 
  121    -25.00000         2775         3059      0.90812 
  122    -26.00000         2733         2922      0.90575 
  123    -27.00000         2719         2803      0.90764 
  124    -28.00000         2648         2633      0.91422 
  125    -29.00000         2573         2521      0.91323 
  126    -30.00000         2518         2425      0.91240 
  127    -31.00000         2411         2269      0.91026 
  128    -32.00000         2314         2121      0.91274 
  129    -33.00000         2228         1971      0.91355 
  130    -34.00000         2144         1859      0.90082 
  131    -35.00000         2039         1739      0.88671 
  132    -36.00000         1927         1619      0.87817 
  133    -37.00000         1748         1494      0.87847 
  134    -38.00000         1602         1408      0.88771 
  135    -39.00000         1567         1347      0.87714 
  136    -40.00000         1522         1273      0.86225 
  137    -41.00000         1419         1160      0.85149 
  138    -42.00000         1311         1024      0.84026 
  139    -43.00000         1256          955      0.84487 
  140    -44.00000         1223          910      0.84951 
  141    -45.00000         1155          848      0.84673 
  142    -46.00000         1028          749      0.84299 
  143    -47.00000          904          661      0.84473 
  144    -48.00000          812          617      0.86354 
  145    -49.00000          733          575      0.87920 
  146    -50.00000          664          545      0.90157 
  147    -51.00000          580          508      0.93382 
  148    -52.00000          523          498      0.97551 
  149    -53.00000          498          498      1.00000 
  150    -54.00000          488          488      1.00000 
  151    -55.00000          474          474      1.00000 
  152    -56.00000          448          448      1.00000 
  153    -57.00000          398          398      1.00000 
  154    -58.00000          226          226      1.00000 
  155    -59.00000           39           39      1.00000 
  156    -60.00000            0            0      0.00000 
  157    -61.00000            0            0      0.00000 
  158    -62.00000            0            0      0.00000 
  159    -63.00000            0            0      0.00000 
  160    -64.00000            0            0      0.00000 
  161    -65.00000            0            0      0.00000 
  162    -66.00000            0            0      0.00000 
  163    -67.00000            0            0      0.00000 
  164    -68.00000            0            0      0.00000 
  165    -69.00000            0            0      0.00000 
  166    -70.00000            0            0      0.00000 
  167    -71.00000            0            0      0.00000 
  168    -72.00000            0            0      0.00000 
  169    -73.00000            0            0      0.00000 
  170    -74.00000            0            0      0.00000 
  171    -75.00000            0            0      0.00000 
  172    -76.00000            0            0      0.00000 
  173    -77.00000            0            0      0.00000 
  174    -78.00000            0            0      0.00000 
  175    -79.00000            0            0      0.00000 
  176    -80.00000            0            0      0.00000 
  177    -81.00000            0            0      0.00000 
  178    -82.00000            0            0      0.00000 
  179    -83.00000            0            0      0.00000 
  180    -84.00000            0            0      0.00000 
  181    -85.00000            0            0      0.00000 
  182    -86.00000            0            0      0.00000 
  183    -87.00000            0            0      0.00000 
  184    -88.00000            0            0      0.00000 
  185    -89.00000            0            0      0.00000 
  186    -90.00000            0            0      0.00000 
  187    -91.00000            0            0      0.00000 
  188    -92.00000            0            0      0.00000 
  189    -93.00000            0            0      0.00000 
  190    -94.00000            0            0      0.00000 
  191    -95.00000            0            0      0.00000 
  192    -96.00000            0            0      0.00000 
  193    -97.00000            0            0      0.00000 
  194    -98.00000            0            0      0.00000 
