# 3dSliceNDice -insetA 9m_2min_m1_binary+orig -insetB 9m_5min_m1_binary+orig -prefix 9m_2min_5min_m1
    0    134.00000            0            0      0.00000 
    1    133.00000            0            0      0.00000 
    2    132.00000            0            0      0.00000 
    3    131.00000            0            0      0.00000 
    4    130.00000            0            0      0.00000 
    5    129.00000            0            0      0.00000 
    6    128.00000            0            0      0.00000 
    7    127.00000            0            0      0.00000 
    8    126.00000            0            0      0.00000 
    9    125.00000            0            0      0.00000 
   10    124.00000            0            0      0.00000 
   11    123.00000            0            0      0.00000 
   12    122.00000            0            0      0.00000 
   13    121.00000            0            0      0.00000 
   14    120.00000            0            0      0.00000 
   15    119.00000            0            0      0.00000 
   16    118.00000            0            0      0.00000 
   17    117.00000            0            0      0.00000 
   18    116.00000            0            0      0.00000 
   19    115.00000            0            0      0.00000 
   20    114.00000            0            0      0.00000 
   21    113.00000            0            0      0.00000 
   22    112.00000            0            0      0.00000 
   23    111.00000            0            0      0.00000 
   24    110.00000            0            0      0.00000 
   25    109.00000            0            0      0.00000 
   26    108.00000            0            0      0.00000 
   27    107.00000            0            0      0.00000 
   28    106.00000            0            0      0.00000 
   29    105.00000            0            0      0.00000 
   30    104.00000            0            0      0.00000 
   31    103.00000            0            0      0.00000 
   32    102.00000            0            0      0.00000 
   33    101.00000            0            0      0.00000 
   34    100.00000            0            0      0.00000 
   35     99.00000            0            0      0.00000 
   36     98.00000            0            0      0.00000 
   37     97.00000            0            0      0.00000 
   38     96.00000            0            0      0.00000 
   39     95.00000            0            0      0.00000 
   40     94.00000            0            0      0.00000 
   41     93.00000            0            0      0.00000 
   42     92.00000            0            0      0.00000 
   43     91.00000            0            0      0.00000 
   44     90.00000            0            0      0.00000 
   45     89.00000            0            0      0.00000 
   46     88.00000            0            0      0.00000 
   47     87.00000            0            0      0.00000 
   48     86.00000            0            0      0.00000 
   49     85.00000            0            0      0.00000 
   50     84.00000           38           36      0.97297 
   51     83.00000          132          119      0.94821 
   52     82.00000          235          205      0.93182 
   53     81.00000          374          314      0.91279 
   54     80.00000          520          440      0.91667 
   55     79.00000          661          560      0.91728 
   56     78.00000          810          684      0.91566 
   57     77.00000         1002          861      0.92432 
   58     76.00000         1221         1044      0.92185 
   59     75.00000         1491         1300      0.93157 
   60     74.00000         1751         1572      0.94613 
   61     73.00000         2021         1853      0.95663 
   62     72.00000         2364         2204      0.96497 
   63     71.00000         2624         2472      0.97017 
   64     70.00000         2921         2776      0.97385 
   65     69.00000         3110         2983      0.97555 
   66     68.00000         3266         3164      0.97729 
   67     67.00000         3422         3342      0.97782 
   68     66.00000         3548         3502      0.97730 
   69     65.00000         3647         3640      0.97708 
   70     64.00000         3715         3740      0.97653 
   71     63.00000         3804         3850      0.97309 
   72     62.00000         3827         3892      0.96930 
   73     61.00000         3860         3942      0.96411 
   74     60.00000         3856         3949      0.95862 
   75     59.00000         3784         3858      0.94897 
   76     58.00000         3722         3762      0.93773 
   77     57.00000         3578         3565      0.91502 
   78     56.00000         3521         3447      0.90069 
   79     55.00000         3435         3289      0.88043 
   80     54.00000         3237         2973      0.85411 
   81     53.00000         3016         2605      0.81622 
   82     52.00000         2756         2201      0.77749 
   83     51.00000         2575         2025      0.77478 
   84     50.00000         2323         1795      0.76639 
   85     49.00000         1951         1461      0.74443 
   86     48.00000         1443          990      0.66995 
   87     47.00000          931          415      0.43982 
   88     46.00000          960          372      0.38138 
   89     45.00000          967          317      0.31776 
   90     44.00000          914          232      0.24084 
   91     43.00000          806          116      0.13015 
   92     42.00000          772           15      0.03812 
   93     41.00000          873           64      0.13661 
   94     40.00000          979          115      0.21024 
   95     39.00000         1037          152      0.25568 
   96     38.00000         1102          181      0.28215 
   97     37.00000         1140          217      0.31982 
   98     36.00000         1131          221      0.32692 
   99     35.00000         1138          252      0.36259 
  100     34.00000         1081          261      0.38897 
  101     33.00000         1007          265      0.41667 
  102     32.00000         1002          308      0.47023 
  103     31.00000         1037          363      0.51857 
  104     30.00000         1047          413      0.56575 
  105     29.00000          999          434      0.60572 
  106     28.00000          930          451      0.65315 
  107     27.00000          856          451      0.69013 
  108     26.00000          795          440      0.71255 
  109     25.00000          742          435      0.73917 
  110     24.00000          624          388      0.76680 
  111     23.00000          471          326      0.81807 
  112     22.00000          348          265      0.86460 
  113     21.00000          348          263      0.86088 
  114     20.00000          344          260      0.86093 
  115     19.00000          334          266      0.88667 
  116     18.00000          326          267      0.90051 
  117     17.00000          303          261      0.92553 
  118     16.00000          275          247      0.94636 
  119     15.00000          254          237      0.96538 
  120     14.00000          222          216      0.98630 
  121     13.00000          209          209      1.00000 
  122     12.00000          185          185      1.00000 
  123     11.00000          160          160      1.00000 
  124     10.00000          134          134      1.00000 
  125      9.00000           88           88      1.00000 
  126      8.00000           32           32      1.00000 
  127      7.00000            0            0      0.00000 
  128      6.00000            0            0      0.00000 
  129      5.00000            0            0      0.00000 
  130      4.00000            0            0      0.00000 
  131      3.00000            0            0      0.00000 
  132      2.00000          144          172      0.91139 
  133      1.00000          282          332      0.91857 
  134      0.00000          382          446      0.92271 
  135     -1.00000          456          530      0.92495 
  136     -2.00000          516          596      0.92806 
  137     -3.00000         1071         1116      0.81116 
  138     -4.00000         1473         1571      0.80223 
  139     -5.00000         1740         1903      0.80264 
  140     -6.00000         1917         2135      0.80109 
  141     -7.00000         2043         2307      0.80230 
  142     -8.00000         2438         2572      0.88024 
  143     -9.00000         2645         2743      0.91945 
  144    -10.00000         2830         2928      0.93678 
  145    -11.00000         2927         3022      0.94974 
  146    -12.00000         2999         3084      0.95841 
  147    -13.00000         3079         3162      0.96940 
  148    -14.00000         3074         3181      0.97394 
  149    -15.00000         3101         3226      0.97708 
  150    -16.00000         3104         3227      0.97457 
  151    -17.00000         3089         3212      0.97350 
  152    -18.00000         3077         3160      0.96745 
  153    -19.00000         3056         3090      0.96225 
  154    -20.00000         3092         3046      0.96057 
  155    -21.00000         3076         2986      0.95513 
  156    -22.00000         3067         2960      0.95105 
  157    -23.00000         3018         2966      0.94953 
  158    -24.00000         2957         2997      0.94760 
  159    -25.00000         2902         3000      0.93765 
  160    -26.00000         2790         2931      0.92641 
  161    -27.00000         2684         2850      0.91652 
  162    -28.00000         2492         2778      0.89639 
  163    -29.00000         2408         2764      0.88592 
  164    -30.00000         2319         2758      0.87690 
  165    -31.00000         2145         2663      0.84734 
  166    -32.00000         1902         2504      0.79210 
  167    -33.00000         1635         2387      0.74739 
  168    -34.00000         1590         2373      0.74792 
  169    -35.00000         1513         2361      0.74393 
  170    -36.00000         1414         2288      0.73096 
  171    -37.00000         1342         2252      0.71564 
  172    -38.00000         1289         2207      0.70938 
  173    -39.00000         1231         2108      0.71219 
  174    -40.00000         1201         2044      0.71926 
  175    -41.00000         1144         1936      0.72143 
  176    -42.00000         1095         1839      0.71915 
  177    -43.00000         1054         1754      0.71795 
  178    -44.00000         1026         1678      0.72189 
  179    -45.00000          989         1589      0.73080 
  180    -46.00000          934         1479      0.72772 
  181    -47.00000          877         1384      0.72800 
  182    -48.00000          793         1237      0.72414 
  183    -49.00000          712         1108      0.72198 
  184    -50.00000          619          959      0.73511 
  185    -51.00000          512          765      0.77839 
  186    -52.00000          432          585      0.84956 
  187    -53.00000          329          403      0.89891 
  188    -54.00000          266          341      0.87644 
  189    -55.00000          197          274      0.83652 
  190    -56.00000          116          195      0.74598 
  191    -57.00000           48          118      0.57831 
  192    -58.00000           12           48      0.40000 
  193    -59.00000            0           17      0.00000 
  194    -60.00000            0            0      0.00000 
  195    -61.00000            0            0      0.00000 
  196    -62.00000            0            0      0.00000 
  197    -63.00000            0            0      0.00000 
  198    -64.00000            0            0      0.00000 
  199    -65.00000            0            0      0.00000 
  200    -66.00000            0            0      0.00000 
  201    -67.00000            0            0      0.00000 
  202    -68.00000            0            0      0.00000 
  203    -69.00000            0            0      0.00000 
  204    -70.00000            0            0      0.00000 
  205    -71.00000            0            0      0.00000 
  206    -72.00000            0            0      0.00000 
  207    -73.00000            0            0      0.00000 
  208    -74.00000            0            0      0.00000 
  209    -75.00000            0            0      0.00000 
  210    -76.00000            0            0      0.00000 
  211    -77.00000            0            0      0.00000 
  212    -78.00000            0            0      0.00000 
  213    -79.00000            0            0      0.00000 
  214    -80.00000            0            0      0.00000 
  215    -81.00000            0            0      0.00000 
  216    -82.00000            0            0      0.00000 
  217    -83.00000            0            0      0.00000 
  218    -84.00000            0            0      0.00000 
  219    -85.00000            0            0      0.00000 
  220    -86.00000            0            0      0.00000 
  221    -87.00000            0            0      0.00000 
  222    -88.00000            0            0      0.00000 
  223    -89.00000            0            0      0.00000 
  224    -90.00000            0            0      0.00000 
  225    -91.00000            0            0      0.00000 
  226    -92.00000            0            0      0.00000 
  227    -93.00000            0            0      0.00000 
  228    -94.00000            0            0      0.00000 
  229    -95.00000            0            0      0.00000 
  230    -96.00000            0            0      0.00000 
  231    -97.00000            0            0      0.00000 
  232    -98.00000            0            0      0.00000 
