# 3dSliceNDice -insetA 9m_2min_m1_binary+orig -insetB 9m_3min_m1_binary+orig -prefix 9m_2min_3min_m1
    0     96.00000            0            0      0.00000 
    1     95.00000            0            0      0.00000 
    2     94.00000            0            0      0.00000 
    3     93.00000            0            0      0.00000 
    4     92.00000            0            0      0.00000 
    5     91.00000            0            0      0.00000 
    6     90.00000            0            0      0.00000 
    7     89.00000            0            0      0.00000 
    8     88.00000            0            0      0.00000 
    9     87.00000            0            0      0.00000 
   10     86.00000            0            0      0.00000 
   11     85.00000            0            0      0.00000 
   12     84.00000            0            0      0.00000 
   13     83.00000            0            0      0.00000 
   14     82.00000            0            0      0.00000 
   15     81.00000            0            0      0.00000 
   16     80.00000            0            0      0.00000 
   17     79.00000            0            0      0.00000 
   18     78.00000            0            0      0.00000 
   19     77.00000            0            0      0.00000 
   20     76.00000            0            0      0.00000 
   21     75.00000            0            0      0.00000 
   22     74.00000            0            0      0.00000 
   23     73.00000            0            0      0.00000 
   24     72.00000            0            0      0.00000 
   25     71.00000            0            0      0.00000 
   26     70.00000            0            0      0.00000 
   27     69.00000            0            0      0.00000 
   28     68.00000            0            0      0.00000 
   29     67.00000            0            0      0.00000 
   30     66.00000            0            0      0.00000 
   31     65.00000            0            0      0.00000 
   32     64.00000            0            0      0.00000 
   33     63.00000            0            0      0.00000 
   34     62.00000            0            0      0.00000 
   35     61.00000            0            0      0.00000 
   36     60.00000            0            0      0.00000 
   37     59.00000            0            0      0.00000 
   38     58.00000            0            0      0.00000 
   39     57.00000           23           23      1.00000 
   40     56.00000          108          108      1.00000 
   41     55.00000          170          170      1.00000 
   42     54.00000          229          229      1.00000 
   43     53.00000          300          300      1.00000 
   44     52.00000          338          338      1.00000 
   45     51.00000          401          401      1.00000 
   46     50.00000          446          451      0.99443 
   47     49.00000          483          493      0.93238 
   48     48.00000          517          547      0.87406 
   49     47.00000          539          593      0.80565 
   50     46.00000          548          638      0.74368 
   51     45.00000          598          703      0.69178 
   52     44.00000          680          800      0.66486 
   53     43.00000          788          890      0.65554 
   54     42.00000          895         1028      0.66563 
   55     41.00000         1045         1222      0.70578 
   56     40.00000         1182         1355      0.73788 
   57     39.00000         1241         1394      0.75825 
   58     38.00000         1313         1464      0.78286 
   59     37.00000         1380         1500      0.80069 
   60     36.00000         1459         1507      0.81996 
   61     35.00000         1564         1560      0.83227 
   62     34.00000         1649         1582      0.84432 
   63     33.00000         1742         1600      0.85099 
   64     32.00000         2017         1930      0.84267 
   65     31.00000         2195         2182      0.85401 
   66     30.00000         2330         2343      0.87310 
   67     29.00000         2416         2491      0.88934 
   68     28.00000         2467         2610      0.90250 
   69     27.00000         2527         2699      0.90892 
   70     26.00000         2628         2766      0.90582 
   71     25.00000         2746         2859      0.90312 
   72     24.00000         2860         2944      0.90455 
   73     23.00000         2995         3055      0.90744 
   74     22.00000         3098         3132      0.90915 
   75     21.00000         3150         3172      0.91142 
   76     20.00000         3192         3196      0.91171 
   77     19.00000         3223         3204      0.91147 
   78     18.00000         3253         3220      0.90932 
   79     17.00000         3248         3188      0.90553 
   80     16.00000         3240         3129      0.89841 
   81     15.00000         3275         3094      0.89182 
   82     14.00000         3251         3051      0.88670 
   83     13.00000         3186         2940      0.88475 
   84     12.00000         3087         2863      0.90218 
   85     11.00000         2992         2850      0.91236 
   86     10.00000         2869         2792      0.91680 
   87      9.00000         2675         2677      0.91928 
   88      8.00000         2435         2525      0.92137 
   89      7.00000         2226         2315      0.94649 
   90      6.00000         2176         2254      0.95034 
   91      5.00000         2151         2224      0.95360 
   92      4.00000         2081         2120      0.95120 
   93      3.00000         2021         2000      0.94006 
   94      2.00000         1939         1892      0.92874 
   95      1.00000         1816         1737      0.91753 
   96      0.00000         1741         1649      0.90029 
   97     -1.00000         1761         1699      0.90578 
   98     -2.00000         1844         1814      0.90924 
   99     -3.00000         2005         2022      0.92724 
  100     -4.00000         2170         2205      0.93669 
  101     -5.00000         2320         2359      0.94080 
  102     -6.00000         2427         2450      0.94238 
  103     -7.00000         2530         2543      0.94264 
  104     -8.00000         2580         2690      0.92220 
  105     -9.00000         2626         2828      0.90062 
  106    -10.00000         2668         2929      0.89012 
  107    -11.00000         2651         2982      0.88443 
  108    -12.00000         2689         3067      0.88186 
  109    -13.00000         2713         3146      0.87285 
  110    -14.00000         2730         3180      0.87547 
  111    -15.00000         2784         3256      0.87517 
  112    -16.00000         2839         3275      0.87308 
  113    -17.00000         2876         3275      0.87335 
  114    -18.00000         2909         3284      0.87744 
  115    -19.00000         2909         3260      0.88702 
  116    -20.00000         2921         3265      0.89945 
  117    -21.00000         2889         3208      0.90700 
  118    -22.00000         2868         3172      0.91225 
  119    -23.00000         2830         3107      0.91662 
  120    -24.00000         2799         3035      0.91704 
  121    -25.00000         2775         2956      0.91921 
  122    -26.00000         2733         2842      0.93058 
  123    -27.00000         2719         2724      0.94543 
  124    -28.00000         2648         2584      0.96254 
  125    -29.00000         2573         2497      0.96450 
  126    -30.00000         2518         2432      0.96606 
  127    -31.00000         2411         2324      0.96473 
  128    -32.00000         2314         2254      0.96454 
  129    -33.00000         2228         2152      0.95525 
  130    -34.00000         2144         2032      0.93918 
  131    -35.00000         2039         1893      0.92218 
  132    -36.00000         1927         1744      0.91038 
  133    -37.00000         1748         1565      0.88862 
  134    -38.00000         1602         1431      0.85856 
  135    -39.00000         1567         1339      0.85272 
  136    -40.00000         1522         1235      0.84295 
  137    -41.00000         1419         1100      0.83525 
  138    -42.00000         1311          977      0.83392 
  139    -43.00000         1256          894      0.82233 
  140    -44.00000         1223          839      0.81377 
  141    -45.00000         1155          773      0.80187 
  142    -46.00000         1028          663      0.78415 
  143    -47.00000          904          557      0.76249 
  144    -48.00000          812          499      0.76125 
  145    -49.00000          733          474      0.78542 
  146    -50.00000          664          462      0.82060 
  147    -51.00000          580          428      0.84921 
  148    -52.00000          523          416      0.88605 
  149    -53.00000          498          416      0.91028 
  150    -54.00000          488          408      0.91071 
  151    -55.00000          474          394      0.90783 
  152    -56.00000          448          378      0.91525 
  153    -57.00000          398          339      0.91995 
  154    -58.00000          226          214      0.97273 
  155    -59.00000           39           39      1.00000 
  156    -60.00000            0            0      0.00000 
  157    -61.00000            0            0      0.00000 
  158    -62.00000            0            0      0.00000 
  159    -63.00000            0            0      0.00000 
  160    -64.00000            0            0      0.00000 
  161    -65.00000            0            0      0.00000 
  162    -66.00000            0            0      0.00000 
  163    -67.00000            0            0      0.00000 
  164    -68.00000            0            0      0.00000 
  165    -69.00000            0            0      0.00000 
  166    -70.00000            0            0      0.00000 
  167    -71.00000            0            0      0.00000 
  168    -72.00000            0            0      0.00000 
  169    -73.00000            0            0      0.00000 
  170    -74.00000            0            0      0.00000 
  171    -75.00000            0            0      0.00000 
  172    -76.00000            0            0      0.00000 
  173    -77.00000            0            0      0.00000 
  174    -78.00000            0            0      0.00000 
  175    -79.00000            0            0      0.00000 
  176    -80.00000            0            0      0.00000 
  177    -81.00000            0            0      0.00000 
  178    -82.00000            0            0      0.00000 
  179    -83.00000            0            0      0.00000 
  180    -84.00000            0            0      0.00000 
  181    -85.00000            0            0      0.00000 
  182    -86.00000            0            0      0.00000 
  183    -87.00000            0            0      0.00000 
  184    -88.00000            0            0      0.00000 
  185    -89.00000            0            0      0.00000 
  186    -90.00000            0            0      0.00000 
  187    -91.00000            0            0      0.00000 
  188    -92.00000            0            0      0.00000 
  189    -93.00000            0            0      0.00000 
  190    -94.00000            0            0      0.00000 
  191    -95.00000            0            0      0.00000 
  192    -96.00000            0            0      0.00000 
  193    -97.00000            0            0      0.00000 
  194    -98.00000            0            0      0.00000 
