# 3dSliceNDice -insetA 9m_2min_m5_binary+orig -insetB 9m_4min_m5_binary+orig -prefix 9m_2min_4min_m5
    0    -72.00000            0            0      0.00000 
    1    -71.00000            0            0      0.00000 
    2    -70.00000            0            0      0.00000 
    3    -69.00000            0            0      0.00000 
    4    -68.00000            0            0      0.00000 
    5    -67.00000            0            0      0.00000 
    6    -66.00000            0            0      0.00000 
    7    -65.00000            0            0      0.00000 
    8    -64.00000            0            0      0.00000 
    9    -63.00000            0            0      0.00000 
   10    -62.00000            0            0      0.00000 
   11    -61.00000            0            0      0.00000 
   12    -60.00000            0            0      0.00000 
   13    -59.00000            0            0      0.00000 
   14    -58.00000            0            0      0.00000 
   15    -57.00000            0            0      0.00000 
   16    -56.00000            0            0      0.00000 
   17    -55.00000            0            0      0.00000 
   18    -54.00000            0            0      0.00000 
   19    -53.00000            0            0      0.00000 
   20    -52.00000            0            0      0.00000 
   21    -51.00000            6            6      1.00000 
   22    -50.00000          137          137      1.00000 
   23    -49.00000          681          681      1.00000 
   24    -48.00000         1101         1101      1.00000 
   25    -47.00000         1342         1342      1.00000 
   26    -46.00000         1600         1600      1.00000 
   27    -45.00000         1862         1859      0.99919 
   28    -44.00000         2076         2068      0.99807 
   29    -43.00000         2294         2277      0.99628 
   30    -42.00000         2471         2434      0.99246 
   31    -41.00000         2598         2540      0.98871 
   32    -40.00000         2712         2641      0.98674 
   33    -39.00000         2786         2717      0.98746 
   34    -38.00000         2863         2777      0.98440 
   35    -37.00000         2903         2824      0.98376 
   36    -36.00000         2960         2888      0.98153 
   37    -35.00000         2990         2933      0.97586 
   38    -34.00000         2994         2947      0.96920 
   39    -33.00000         3021         2982      0.96585 
   40    -32.00000         3012         2978      0.96060 
   41    -31.00000         2986         2960      0.95695 
   42    -30.00000         2939         2910      0.95230 
   43    -29.00000         2874         2830      0.94600 
   44    -28.00000         2866         2752      0.94446 
   45    -27.00000         2854         2629      0.94218 
   46    -26.00000         2858         2620      0.93355 
   47    -25.00000         2774         2512      0.92357 
   48    -24.00000         2604         2309      0.91187 
   49    -23.00000         2354         1973      0.88745 
   50    -22.00000         2057         1471      0.81973 
   51    -21.00000         1946         1376      0.81337 
   52    -20.00000         1797         1237      0.79895 
   53    -19.00000         1601         1034      0.76584 
   54    -18.00000         1304          688      0.66667 
   55    -17.00000          759            0      0.00000 
   56    -16.00000          695            0      0.00000 
   57    -15.00000          623            0      0.00000 
   58    -14.00000          498            0      0.00000 
   59    -13.00000          300            0      0.00000 
   60    -12.00000            0            0      0.00000 
   61    -11.00000            0            0      0.00000 
   62    -10.00000            0            0      0.00000 
   63     -9.00000            0            0      0.00000 
   64     -8.00000            0            0      0.00000 
   65     -7.00000            0            0      0.00000 
   66     -6.00000            0            0      0.00000 
   67     -5.00000            0            0      0.00000 
   68     -4.00000            0            0      0.00000 
   69     -3.00000            0            0      0.00000 
   70     -2.00000           64           60      0.58065 
   71     -1.00000          157          138      0.74576 
   72      0.00000          229          204      0.79446 
   73      1.00000          283          254      0.81564 
   74      2.00000          331          296      0.83254 
   75      3.00000          409          412      0.87454 
   76      4.00000          513          548      0.91046 
   77      5.00000          625          679      0.91564 
   78      6.00000          715          778      0.91896 
   79      7.00000          799          863      0.92178 
   80      8.00000         1054         1169      0.84390 
   81      9.00000         1291         1501      0.80372 
   82     10.00000         1485         1793      0.77730 
   83     11.00000         1615         1977      0.76169 
   84     12.00000         1726         2130      0.75363 
   85     13.00000         1908         2367      0.76959 
   86     14.00000         2032         2550      0.78787 
   87     15.00000         2182         2749      0.80024 
   88     16.00000         2269         2898      0.80743 
   89     17.00000         2341         3027      0.81408 
   90     18.00000         2418         3131      0.82357 
   91     19.00000         2460         3165      0.82880 
   92     20.00000         2490         3221      0.83173 
   93     21.00000         2468         3204      0.82934 
   94     22.00000         2478         3209      0.82680 
   95     23.00000         2414         3168      0.81870 
   96     24.00000         2322         3096      0.80768 
   97     25.00000         2224         3025      0.79634 
   98     26.00000         2060         2906      0.78091 
   99     27.00000         1909         2815      0.77519 
  100     28.00000         1698         2752      0.75461 
  101     29.00000         1556         2692      0.72505 
  102     30.00000         1394         2586      0.69648 
  103     31.00000         1162         2368      0.65382 
  104     32.00000          903         2126      0.58303 
  105     33.00000          620         1824      0.50736 
  106     34.00000          526         1728      0.46673 
  107     35.00000          424         1627      0.41346 
  108     36.00000          282         1454      0.32488 
  109     37.00000          111         1244      0.16384 
  110     38.00000            0         1057      0.00000 
  111     39.00000            0         1007      0.00000 
  112     40.00000            0          951      0.00000 
  113     41.00000            0          838      0.00000 
  114     42.00000            0          680      0.00000 
  115     43.00000            0          539      0.00000 
  116     44.00000            0          473      0.00000 
  117     45.00000            0          412      0.00000 
  118     46.00000            0          338      0.00000 
  119     47.00000            0          283      0.00000 
  120     48.00000            0          244      0.00000 
  121     49.00000            0          207      0.00000 
  122     50.00000            0          158      0.00000 
  123     51.00000            0           96      0.00000 
  124     52.00000            0           58      0.00000 
  125     53.00000            0           24      0.00000 
  126     54.00000            0            2      0.00000 
  127     55.00000            0            0      0.00000 
  128     56.00000            0            0      0.00000 
  129     57.00000            0            0      0.00000 
  130     58.00000            0            0      0.00000 
  131     59.00000            0            0      0.00000 
  132     60.00000            0            0      0.00000 
  133     61.00000            0            0      0.00000 
  134     62.00000            0            0      0.00000 
  135     63.00000            0            0      0.00000 
  136     64.00000            0            0      0.00000 
  137     65.00000            0            0      0.00000 
  138     66.00000            0            0      0.00000 
  139     67.00000            0            0      0.00000 
  140     68.00000            0            0      0.00000 
  141     69.00000            0            0      0.00000 
  142     70.00000            0            0      0.00000 
  143     71.00000            0            0      0.00000 
  144     72.00000            0            0      0.00000 
  145     73.00000            0            0      0.00000 
  146     74.00000            0            0      0.00000 
  147     75.00000            0            0      0.00000 
  148     76.00000            0            0      0.00000 
  149     77.00000            0            0      0.00000 
  150     78.00000            0            0      0.00000 
  151     79.00000            0            0      0.00000 
  152     80.00000            0            0      0.00000 
  153     81.00000            0            0      0.00000 
  154     82.00000            0            0      0.00000 
  155     83.00000            0            0      0.00000 
  156     84.00000            0            0      0.00000 
  157     85.00000            0            0      0.00000 
  158     86.00000            0            0      0.00000 
