# 3dSliceNDice -insetA 9m_2min_m5_binary+orig -insetB 9m_3min_m5_binary+orig -prefix 9m_2min_3min_m5
    0     96.00000            0            0      0.00000 
    1     95.00000            0            0      0.00000 
    2     94.00000            0            0      0.00000 
    3     93.00000            0            0      0.00000 
    4     92.00000            0            0      0.00000 
    5     91.00000            0            0      0.00000 
    6     90.00000            0            0      0.00000 
    7     89.00000            0            0      0.00000 
    8     88.00000            0            0      0.00000 
    9     87.00000            0            0      0.00000 
   10     86.00000            0            0      0.00000 
   11     85.00000            0            0      0.00000 
   12     84.00000            0            0      0.00000 
   13     83.00000            0            0      0.00000 
   14     82.00000            0            0      0.00000 
   15     81.00000            0            0      0.00000 
   16     80.00000            0            0      0.00000 
   17     79.00000            0            0      0.00000 
   18     78.00000            0            0      0.00000 
   19     77.00000            0            0      0.00000 
   20     76.00000            0            0      0.00000 
   21     75.00000            0            0      0.00000 
   22     74.00000            0            0      0.00000 
   23     73.00000            0            0      0.00000 
   24     72.00000            0            0      0.00000 
   25     71.00000            0            0      0.00000 
   26     70.00000            0            0      0.00000 
   27     69.00000            0            0      0.00000 
   28     68.00000            0            0      0.00000 
   29     67.00000            0            0      0.00000 
   30     66.00000            0            0      0.00000 
   31     65.00000            0            0      0.00000 
   32     64.00000            0            0      0.00000 
   33     63.00000            0            0      0.00000 
   34     62.00000            0            0      0.00000 
   35     61.00000            0            0      0.00000 
   36     60.00000            0            0      0.00000 
   37     59.00000            0            0      0.00000 
   38     58.00000            0            0      0.00000 
   39     57.00000            0            0      0.00000 
   40     56.00000            0            0      0.00000 
   41     55.00000            0            0      0.00000 
   42     54.00000            0            0      0.00000 
   43     53.00000            0            0      0.00000 
   44     52.00000            0            0      0.00000 
   45     51.00000            0            0      0.00000 
   46     50.00000            0            0      0.00000 
   47     49.00000            0            0      0.00000 
   48     48.00000            0            0      0.00000 
   49     47.00000            0            0      0.00000 
   50     46.00000            0            0      0.00000 
   51     45.00000            0            0      0.00000 
   52     44.00000            0            7      0.00000 
   53     43.00000            0           23      0.00000 
   54     42.00000           24           57      0.59259 
   55     41.00000           85          114      0.85427 
   56     40.00000          156          185      0.91496 
   57     39.00000          215          237      0.95133 
   58     38.00000          269          285      0.97112 
   59     37.00000          331          337      0.99102 
   60     36.00000          391          386      0.99357 
   61     35.00000          479          465      0.98517 
   62     34.00000          555          528      0.97507 
   63     33.00000          609          574      0.97041 
   64     32.00000          672          630      0.96774 
   65     31.00000          725          661      0.95382 
   66     30.00000          789          705      0.94378 
   67     29.00000          848          742      0.93333 
   68     28.00000          907          782      0.92599 
   69     27.00000         1026         1093      0.82775 
   70     26.00000         1139         1437      0.76009 
   71     25.00000         1243         1647      0.75363 
   72     24.00000         1316         1790      0.75467 
   73     23.00000         1371         1901      0.75550 
   74     22.00000         1462         2022      0.76866 
   75     21.00000         1529         2093      0.78520 
   76     20.00000         1608         2190      0.80200 
   77     19.00000         1675         2242      0.81134 
   78     18.00000         1725         2278      0.81989 
   79     17.00000         2097         2579      0.81950 
   80     16.00000         2320         2763      0.83258 
   81     15.00000         2516         2900      0.84084 
   82     14.00000         2639         2991      0.84654 
   83     13.00000         2748         3081      0.85298 
   84     12.00000         2843         3138      0.85671 
   85     11.00000         2881         3185      0.86251 
   86     10.00000         2951         3239      0.86688 
   87      9.00000         2959         3264      0.86871 
   88      8.00000         2985         3310      0.86958 
   89      7.00000         2984         3366      0.87213 
   90      6.00000         2921         3349      0.87209 
   91      5.00000         2850         3331      0.87041 
   92      4.00000         2722         3256      0.86584 
   93      3.00000         2577         3194      0.85392 
   94      2.00000         2454         3099      0.84675 
   95      1.00000         2380         2981      0.84910 
   96      0.00000         2332         2882      0.85501 
   97     -1.00000         2304         2773      0.86626 
   98     -2.00000         2315         2731      0.87436 
   99     -3.00000         2269         2621      0.88262 
  100     -4.00000         2225         2524      0.88608 
  101     -5.00000         2128         2372      0.89200 
  102     -6.00000         1982         2162      0.90251 
  103     -7.00000         1803         1881      0.90228 
  104     -8.00000         1605         1578      0.87527 
  105     -9.00000         1537         1501      0.87821 
  106    -10.00000         1454         1408      0.88190 
  107    -11.00000         1380         1310      0.88773 
  108    -12.00000         1294         1205      0.91637 
  109    -13.00000         1177         1125      0.97741 
  110    -14.00000         1160         1096      0.97163 
  111    -15.00000         1149         1074      0.96626 
  112    -16.00000         1128         1055      0.96656 
  113    -17.00000         1125         1054      0.96742 
  114    -18.00000         1208         1137      0.89467 
  115    -19.00000         1293         1220      0.82372 
  116    -20.00000         1348         1281      0.77596 
  117    -21.00000         1382         1322      0.74260 
  118    -22.00000         1419         1357      0.71398 
  119    -23.00000         1453         1487      0.72585 
  120    -24.00000         1457         1624      0.75105 
  121    -25.00000         1466         1743      0.75538 
  122    -26.00000         1435         1790      0.76155 
  123    -27.00000         1419         1823      0.75879 
  124    -28.00000         1381         1849      0.76347 
  125    -29.00000         1340         1832      0.76986 
  126    -30.00000         1308         1828      0.77487 
  127    -31.00000         1257         1773      0.77690 
  128    -32.00000         1220         1737      0.78796 
  129    -33.00000         1185         1691      0.78720 
  130    -34.00000         1145         1631      0.78458 
  131    -35.00000         1105         1571      0.78326 
  132    -36.00000         1023         1438      0.78586 
  133    -37.00000          983         1355      0.79983 
  134    -38.00000          916         1231      0.81602 
  135    -39.00000          846         1123      0.82986 
  136    -40.00000          758          993      0.84752 
  137    -41.00000          629          829      0.85185 
  138    -42.00000          538          688      0.86786 
  139    -43.00000          503          573      0.83457 
  140    -44.00000          545          539      0.78229 
  141    -45.00000          563          513      0.73792 
  142    -46.00000          552          467      0.67910 
  143    -47.00000          518          417      0.60107 
  144    -48.00000          468          362      0.46747 
  145    -49.00000          494          340      0.47722 
  146    -50.00000          518          318      0.49043 
  147    -51.00000          474          282      0.52116 
  148    -52.00000          439          256      0.54676 
  149    -53.00000          386          216      0.56478 
  150    -54.00000          290          180      0.62979 
  151    -55.00000          201          140      0.71554 
  152    -56.00000          140           87      0.71366 
  153    -57.00000           84           30      0.52632 
  154    -58.00000           13            0      0.00000 
  155    -59.00000            0            0      0.00000 
  156    -60.00000            0            0      0.00000 
  157    -61.00000            0            0      0.00000 
  158    -62.00000            0            0      0.00000 
  159    -63.00000            0            0      0.00000 
  160    -64.00000            0            0      0.00000 
  161    -65.00000            0            0      0.00000 
  162    -66.00000            0            0      0.00000 
  163    -67.00000            0            0      0.00000 
  164    -68.00000            0            0      0.00000 
  165    -69.00000            0            0      0.00000 
  166    -70.00000            0            0      0.00000 
  167    -71.00000            0            0      0.00000 
  168    -72.00000            0            0      0.00000 
  169    -73.00000            0            0      0.00000 
  170    -74.00000            0            0      0.00000 
  171    -75.00000            0            0      0.00000 
  172    -76.00000            0            0      0.00000 
  173    -77.00000            0            0      0.00000 
  174    -78.00000            0            0      0.00000 
  175    -79.00000            0            0      0.00000 
  176    -80.00000            0            0      0.00000 
  177    -81.00000            0            0      0.00000 
  178    -82.00000            0            0      0.00000 
  179    -83.00000            0            0      0.00000 
  180    -84.00000            0            0      0.00000 
  181    -85.00000            0            0      0.00000 
  182    -86.00000            0            0      0.00000 
  183    -87.00000            0            0      0.00000 
  184    -88.00000            0            0      0.00000 
  185    -89.00000            0            0      0.00000 
  186    -90.00000            0            0      0.00000 
  187    -91.00000            0            0      0.00000 
  188    -92.00000            0            0      0.00000 
  189    -93.00000            0            0      0.00000 
  190    -94.00000            0            0      0.00000 
  191    -95.00000            0            0      0.00000 
  192    -96.00000            0            0      0.00000 
  193    -97.00000            0            0      0.00000 
  194    -98.00000            0            0      0.00000 
