# 3dSliceNDice -insetA 9m_2min_m3_binary+orig -insetB 9m_4min_m3_binary+orig -prefix 9m_2min_4min_m3
    0    -72.00000            0            0      0.00000 
    1    -71.00000            0            0      0.00000 
    2    -70.00000            0            0      0.00000 
    3    -69.00000            0            0      0.00000 
    4    -68.00000            0            0      0.00000 
    5    -67.00000            0            0      0.00000 
    6    -66.00000            0            0      0.00000 
    7    -65.00000            0            0      0.00000 
    8    -64.00000            0            0      0.00000 
    9    -63.00000            0            0      0.00000 
   10    -62.00000            0            0      0.00000 
   11    -61.00000            0            0      0.00000 
   12    -60.00000            0            0      0.00000 
   13    -59.00000            0            0      0.00000 
   14    -58.00000            0            0      0.00000 
   15    -57.00000            0            0      0.00000 
   16    -56.00000            0            0      0.00000 
   17    -55.00000            0            0      0.00000 
   18    -54.00000            0            0      0.00000 
   19    -53.00000            0            0      0.00000 
   20    -52.00000            0            0      0.00000 
   21    -51.00000            6            6      1.00000 
   22    -50.00000          137          107      0.87705 
   23    -49.00000          649          476      0.82844 
   24    -48.00000          973          731      0.81455 
   25    -47.00000         1098          827      0.81766 
   26    -46.00000         1220          961      0.82623 
   27    -45.00000         1327         1081      0.83555 
   28    -44.00000         1363         1148      0.84030 
   29    -43.00000         1422         1216      0.84913 
   30    -42.00000         1456         1276      0.86310 
   31    -41.00000         1472         1303      0.86775 
   32    -40.00000         1504         1348      0.88008 
   33    -39.00000         1503         1351      0.87807 
   34    -38.00000         1477         1355      0.88771 
   35    -37.00000         1470         1356      0.89526 
   36    -36.00000         1487         1375      0.90077 
   37    -35.00000         1508         1397      0.91153 
   38    -34.00000         1529         1412      0.92418 
   39    -33.00000         1540         1408      0.93555 
   40    -32.00000         1540         1412      0.93835 
   41    -31.00000         1533         1402      0.92743 
   42    -30.00000         1540         1392      0.91542 
   43    -29.00000         1533         1354      0.89505 
   44    -28.00000         1558         1347      0.87229 
   45    -27.00000         1735         1584      0.89304 
   46    -26.00000         1888         1760      0.91393 
   47    -25.00000         2012         1888      0.92462 
   48    -24.00000         2072         1985      0.93862 
   49    -23.00000         2118         2058      0.94588 
   50    -22.00000         2197         2183      0.94475 
   51    -21.00000         2262         2284      0.94281 
   52    -20.00000         2346         2422      0.93624 
   53    -19.00000         2412         2513      0.93117 
   54    -18.00000         2462         2595      0.92545 
   55    -17.00000         2539         2752      0.91174 
   56    -16.00000         2610         2861      0.90477 
   57    -15.00000         2733         3009      0.90421 
   58    -14.00000         2831         3159      0.89883 
   59    -13.00000         2905         3263      0.89494 
   60    -12.00000         2933         3316      0.89198 
   61    -11.00000         2928         3333      0.89155 
   62    -10.00000         2941         3360      0.89002 
   63     -9.00000         2897         3335      0.89024 
   64     -8.00000         2879         3324      0.89312 
   65     -7.00000         2820         3276      0.89534 
   66     -6.00000         2747         3216      0.89686 
   67     -5.00000         2679         3147      0.90079 
   68     -4.00000         2555         3031      0.89868 
   69     -3.00000         2450         2940      0.89239 
   70     -2.00000         2314         2799      0.88676 
   71     -1.00000         2186         2680      0.88081 
   72      0.00000         2034         2538      0.87358 
   73      1.00000         1848         2334      0.86657 
   74      2.00000         1667         2177      0.84287 
   75      3.00000         1536         1969      0.82796 
   76      4.00000         1428         1839      0.82583 
   77      5.00000         1295         1662      0.82516 
   78      6.00000         1111         1416      0.82469 
   79      7.00000          812         1063      0.81707 
   80      8.00000          216          506      0.59834 
   81      9.00000          180          452      0.56962 
   82     10.00000          140          382      0.53640 
   83     11.00000           88          288      0.46809 
   84     12.00000           32          164      0.32653 
   85     13.00000          176          148      0.74074 
   86     14.00000          370          320      0.80000 
   87     15.00000          522          458      0.83265 
   88     16.00000          632          562      0.85092 
   89     17.00000          719          652      0.86360 
   90     18.00000          810          787      0.87289 
   91     19.00000          860          932      0.86830 
   92     20.00000          941         1086      0.86630 
   93     21.00000          982         1189      0.85767 
   94     22.00000         1022         1283      0.84772 
   95     23.00000         1104         1385      0.85818 
   96     24.00000         1173         1444      0.87352 
   97     25.00000         1232         1487      0.88783 
   98     26.00000         1267         1503      0.89892 
   99     27.00000         1294         1517      0.90715 
  100     28.00000         1434         1640      0.92453 
  101     29.00000         1481         1673      0.93469 
  102     30.00000         1535         1704      0.94597 
  103     31.00000         1559         1717      0.94628 
  104     32.00000         1589         1737      0.94708 
  105     33.00000         1627         1731      0.93746 
  106     34.00000         1618         1668      0.92149 
  107     35.00000         1634         1617      0.90741 
  108     36.00000         1612         1542      0.89727 
  109     37.00000         1602         1500      0.88846 
  110     38.00000         1556         1419      0.88000 
  111     39.00000         1470         1319      0.86985 
  112     40.00000         1365         1208      0.86125 
  113     41.00000         1257         1096      0.85763 
  114     42.00000         1184          985      0.86491 
  115     43.00000         1091          891      0.86983 
  116     44.00000          951          790      0.86617 
  117     45.00000          817          701      0.87088 
  118     46.00000          661          577      0.87237 
  119     47.00000          481          437      0.86275 
  120     48.00000          284          269      0.84629 
  121     49.00000          141          166      0.85342 
  122     50.00000           71          103      0.81609 
  123     51.00000           16           36      0.61538 
  124     52.00000            0            3      0.00000 
  125     53.00000            0            0      0.00000 
  126     54.00000            0            0      0.00000 
  127     55.00000            0            0      0.00000 
  128     56.00000            0            0      0.00000 
  129     57.00000            0            0      0.00000 
  130     58.00000            0            0      0.00000 
  131     59.00000            0            0      0.00000 
  132     60.00000            0            0      0.00000 
  133     61.00000            0            0      0.00000 
  134     62.00000            0            0      0.00000 
  135     63.00000            0            0      0.00000 
  136     64.00000            0            0      0.00000 
  137     65.00000            0            0      0.00000 
  138     66.00000            0            0      0.00000 
  139     67.00000            0            0      0.00000 
  140     68.00000            0            0      0.00000 
  141     69.00000            0            0      0.00000 
  142     70.00000            0            0      0.00000 
  143     71.00000            0            0      0.00000 
  144     72.00000            0            0      0.00000 
  145     73.00000            0            0      0.00000 
  146     74.00000            0            0      0.00000 
  147     75.00000            0            0      0.00000 
  148     76.00000            0            0      0.00000 
  149     77.00000            0            0      0.00000 
  150     78.00000            0            0      0.00000 
  151     79.00000            0            0      0.00000 
  152     80.00000            0            0      0.00000 
  153     81.00000            0            0      0.00000 
  154     82.00000            0            0      0.00000 
  155     83.00000            0            0      0.00000 
  156     84.00000            0            0      0.00000 
  157     85.00000            0            0      0.00000 
  158     86.00000            0            0      0.00000 
