# 3dSliceNDice -insetA 9m_2min_m4_binary+orig -insetB 9m_4min_m4_binary+orig -prefix 9m_2min_4min_m4
    0     96.00000            0            0      0.00000 
    1     95.00000            0            0      0.00000 
    2     94.00000            0            0      0.00000 
    3     93.00000            0            0      0.00000 
    4     92.00000            0            0      0.00000 
    5     91.00000            0            0      0.00000 
    6     90.00000            0            0      0.00000 
    7     89.00000            0            0      0.00000 
    8     88.00000            0            0      0.00000 
    9     87.00000            0            0      0.00000 
   10     86.00000            0            0      0.00000 
   11     85.00000            0            0      0.00000 
   12     84.00000            0            0      0.00000 
   13     83.00000            0            0      0.00000 
   14     82.00000            0            0      0.00000 
   15     81.00000            0            0      0.00000 
   16     80.00000            0            0      0.00000 
   17     79.00000            0            0      0.00000 
   18     78.00000            0            0      0.00000 
   19     77.00000            0            0      0.00000 
   20     76.00000            0            0      0.00000 
   21     75.00000            0            0      0.00000 
   22     74.00000            0            0      0.00000 
   23     73.00000            0            0      0.00000 
   24     72.00000            0            0      0.00000 
   25     71.00000            0            0      0.00000 
   26     70.00000            0            0      0.00000 
   27     69.00000            0            0      0.00000 
   28     68.00000            0            0      0.00000 
   29     67.00000            0            0      0.00000 
   30     66.00000            0            0      0.00000 
   31     65.00000            0            0      0.00000 
   32     64.00000            0            0      0.00000 
   33     63.00000            0            0      0.00000 
   34     62.00000            0            0      0.00000 
   35     61.00000            0            0      0.00000 
   36     60.00000            0            0      0.00000 
   37     59.00000            0            0      0.00000 
   38     58.00000            0            0      0.00000 
   39     57.00000            0            0      0.00000 
   40     56.00000            0            0      0.00000 
   41     55.00000            0            0      0.00000 
   42     54.00000            0            0      0.00000 
   43     53.00000            0            0      0.00000 
   44     52.00000            0            0      0.00000 
   45     51.00000            0            0      0.00000 
   46     50.00000            0            0      0.00000 
   47     49.00000            0            0      0.00000 
   48     48.00000            0            0      0.00000 
   49     47.00000            0            0      0.00000 
   50     46.00000            0            0      0.00000 
   51     45.00000            0            0      0.00000 
   52     44.00000            0            0      0.00000 
   53     43.00000            0            0      0.00000 
   54     42.00000           90           68      0.78481 
   55     41.00000          232          197      0.86247 
   56     40.00000          346          309      0.88244 
   57     39.00000          437          398      0.89341 
   58     38.00000          527          487      0.90138 
   59     37.00000          627          583      0.90579 
   60     36.00000          732          672      0.90741 
   61     35.00000          877          798      0.91701 
   62     34.00000          989          891      0.92340 
   63     33.00000         1089          978      0.92985 
   64     32.00000         1194         1068      0.93457 
   65     31.00000         1257         1119      0.93771 
   66     30.00000         1319         1173      0.94141 
   67     29.00000         1352         1208      0.94375 
   68     28.00000         1386         1241      0.94480 
   69     27.00000         1397         1285      0.94034 
   70     26.00000         1412         1351      0.93304 
   71     25.00000         1453         1427      0.91806 
   72     24.00000         1478         1501      0.91104 
   73     23.00000         1506         1574      0.90065 
   74     22.00000         1583         1798      0.86602 
   75     21.00000         1648         1984      0.85738 
   76     20.00000         1710         2126      0.84932 
   77     19.00000         1746         2204      0.84304 
   78     18.00000         1807         2294      0.84126 
   79     17.00000         1900         2360      0.84366 
   80     16.00000         1966         2392      0.85131 
   81     15.00000         2049         2441      0.85345 
   82     14.00000         2122         2429      0.85036 
   83     13.00000         2183         2406      0.84419 
   84     12.00000         2637         2872      0.88401 
   85     11.00000         2787         3021      0.90427 
   86     10.00000         2899         3074      0.91445 
   87      9.00000         2984         3104      0.92214 
   88      8.00000         3037         3092      0.93098 
   89      7.00000         3081         3089      0.93485 
   90      6.00000         3075         3083      0.93472 
   91      5.00000         3073         3094      0.93368 
   92      4.00000         3006         3069      0.92872 
   93      3.00000         2928         3022      0.92639 
   94      2.00000         2784         2922      0.91973 
   95      1.00000         2609         2777      0.91496 
   96      0.00000         2506         2698      0.90892 
   97     -1.00000         2531         2775      0.90388 
   98     -2.00000         2622         2938      0.89424 
   99     -3.00000         2702         3043      0.89469 
  100     -4.00000         2790         3092      0.90445 
  101     -5.00000         2848         3110      0.91339 
  102     -6.00000         2851         3095      0.91692 
  103     -7.00000         2876         3097      0.92115 
  104     -8.00000         2848         3035      0.92742 
  105     -9.00000         2800         2978      0.92662 
  106    -10.00000         2750         2903      0.92765 
  107    -11.00000         2633         2785      0.92100 
  108    -12.00000         2451         2612      0.90381 
  109    -13.00000         2001         2211      0.90123 
  110    -14.00000         1948         2159      0.89506 
  111    -15.00000         1914         2116      0.88139 
  112    -16.00000         1860         2013      0.85722 
  113    -17.00000         1764         1870      0.81398 
  114    -18.00000         1531         1719      0.78400 
  115    -19.00000         1544         1793      0.80911 
  116    -20.00000         1532         1829      0.82356 
  117    -21.00000         1472         1837      0.82502 
  118    -22.00000         1411         1836      0.81922 
  119    -23.00000         1396         1828      0.80645 
  120    -24.00000         1440         1791      0.80161 
  121    -25.00000         1472         1746      0.80112 
  122    -26.00000         1504         1690      0.80150 
  123    -27.00000         1539         1661      0.79813 
  124    -28.00000         1553         1557      0.80386 
  125    -29.00000         1534         1456      0.80736 
  126    -30.00000         1505         1331      0.81171 
  127    -31.00000         1466         1196      0.82344 
  128    -32.00000         1419         1065      0.83816 
  129    -33.00000         1355          967      0.83290 
  130    -34.00000         1279          890      0.82065 
  131    -35.00000         1191          809      0.80900 
  132    -36.00000         1048          698      0.79954 
  133    -37.00000          947          611      0.78434 
  134    -38.00000          868          551      0.77660 
  135    -39.00000          868          533      0.76089 
  136    -40.00000          836          496      0.74474 
  137    -41.00000          733          423      0.73183 
  138    -42.00000          580          322      0.71397 
  139    -43.00000          515          291      0.72208 
  140    -44.00000          525          337      0.78190 
  141    -45.00000          543          383      0.82721 
  142    -46.00000          527          399      0.86177 
  143    -47.00000          519          419      0.89339 
  144    -48.00000          504          444      0.93671 
  145    -49.00000          477          445      0.96529 
  146    -50.00000          437          437      1.00000 
  147    -51.00000          380          412      0.95960 
  148    -52.00000          327          387      0.91597 
  149    -53.00000          252          352      0.83444 
  150    -54.00000          205          333      0.76208 
  151    -55.00000          142          301      0.64108 
  152    -56.00000           88          269      0.49300 
  153    -57.00000           32          207      0.26778 
  154    -58.00000            0           38      0.00000 
  155    -59.00000            0            0      0.00000 
  156    -60.00000            0            0      0.00000 
  157    -61.00000            0            0      0.00000 
  158    -62.00000            0            0      0.00000 
  159    -63.00000            0            0      0.00000 
  160    -64.00000            0            0      0.00000 
  161    -65.00000            0            0      0.00000 
  162    -66.00000            0            0      0.00000 
  163    -67.00000            0            0      0.00000 
  164    -68.00000            0            0      0.00000 
  165    -69.00000            0            0      0.00000 
  166    -70.00000            0            0      0.00000 
  167    -71.00000            0            0      0.00000 
  168    -72.00000            0            0      0.00000 
  169    -73.00000            0            0      0.00000 
  170    -74.00000            0            0      0.00000 
  171    -75.00000            0            0      0.00000 
  172    -76.00000            0            0      0.00000 
  173    -77.00000            0            0      0.00000 
  174    -78.00000            0            0      0.00000 
  175    -79.00000            0            0      0.00000 
  176    -80.00000            0            0      0.00000 
  177    -81.00000            0            0      0.00000 
  178    -82.00000            0            0      0.00000 
  179    -83.00000            0            0      0.00000 
  180    -84.00000            0            0      0.00000 
  181    -85.00000            0            0      0.00000 
  182    -86.00000            0            0      0.00000 
  183    -87.00000            0            0      0.00000 
  184    -88.00000            0            0      0.00000 
  185    -89.00000            0            0      0.00000 
  186    -90.00000            0            0      0.00000 
  187    -91.00000            0            0      0.00000 
  188    -92.00000            0            0      0.00000 
  189    -93.00000            0            0      0.00000 
  190    -94.00000            0            0      0.00000 
  191    -95.00000            0            0      0.00000 
  192    -96.00000            0            0      0.00000 
  193    -97.00000            0            0      0.00000 
  194    -98.00000            0            0      0.00000 
