# 3dSliceNDice -insetA 9m_2min_m3_binary+orig -insetB 9m_5min_m3_binary+orig -prefix 9m_2min_5min_m3
    0    134.00000            0            0      0.00000 
    1    133.00000            0            0      0.00000 
    2    132.00000            0            0      0.00000 
    3    131.00000            0            0      0.00000 
    4    130.00000            0            0      0.00000 
    5    129.00000            0            0      0.00000 
    6    128.00000            0            0      0.00000 
    7    127.00000            0            0      0.00000 
    8    126.00000            0            0      0.00000 
    9    125.00000            0            0      0.00000 
   10    124.00000            0            0      0.00000 
   11    123.00000            0            0      0.00000 
   12    122.00000            0            0      0.00000 
   13    121.00000            0            0      0.00000 
   14    120.00000            0            0      0.00000 
   15    119.00000            0            0      0.00000 
   16    118.00000            0            0      0.00000 
   17    117.00000            0            0      0.00000 
   18    116.00000            0            0      0.00000 
   19    115.00000            0            0      0.00000 
   20    114.00000            0            0      0.00000 
   21    113.00000            0            0      0.00000 
   22    112.00000            0            0      0.00000 
   23    111.00000            0            0      0.00000 
   24    110.00000            0            0      0.00000 
   25    109.00000            0            0      0.00000 
   26    108.00000            0            0      0.00000 
   27    107.00000            0            0      0.00000 
   28    106.00000            0            0      0.00000 
   29    105.00000            0            0      0.00000 
   30    104.00000            0            0      0.00000 
   31    103.00000            0            0      0.00000 
   32    102.00000            0            0      0.00000 
   33    101.00000            0            0      0.00000 
   34    100.00000            0            0      0.00000 
   35     99.00000            0            0      0.00000 
   36     98.00000            0            0      0.00000 
   37     97.00000            0            0      0.00000 
   38     96.00000            0            0      0.00000 
   39     95.00000            0            0      0.00000 
   40     94.00000            0            0      0.00000 
   41     93.00000            0            0      0.00000 
   42     92.00000            0            0      0.00000 
   43     91.00000            0            0      0.00000 
   44     90.00000            0            0      0.00000 
   45     89.00000            0            0      0.00000 
   46     88.00000            0            0      0.00000 
   47     87.00000            0            0      0.00000 
   48     86.00000            0            0      0.00000 
   49     85.00000            0            0      0.00000 
   50     84.00000            0            0      0.00000 
   51     83.00000            0            0      0.00000 
   52     82.00000            0            0      0.00000 
   53     81.00000            0            0      0.00000 
   54     80.00000            0            0      0.00000 
   55     79.00000            0            0      0.00000 
   56     78.00000            0            0      0.00000 
   57     77.00000            0            0      0.00000 
   58     76.00000            0            0      0.00000 
   59     75.00000            0            0      0.00000 
   60     74.00000            0            0      0.00000 
   61     73.00000            0            0      0.00000 
   62     72.00000           10           10      1.00000 
   63     71.00000           39           39      1.00000 
   64     70.00000           88           88      1.00000 
   65     69.00000          130          130      1.00000 
   66     68.00000          169          169      1.00000 
   67     67.00000          287          232      0.87476 
   68     66.00000          427          321      0.77273 
   69     65.00000          571          421      0.73992 
   70     64.00000          707          528      0.73360 
   71     63.00000          831          621      0.73691 
   72     62.00000          961          828      0.81163 
   73     61.00000         1066          996      0.86906 
   74     60.00000         1208         1156      0.89425 
   75     59.00000         1296         1250      0.90888 
   76     58.00000         1370         1323      0.91942 
   77     57.00000         1461         1406      0.92850 
   78     56.00000         1518         1454      0.92665 
   79     55.00000         1605         1517      0.92761 
   80     54.00000         1681         1565      0.92730 
   81     53.00000         1743         1615      0.92793 
   82     52.00000         2011         1732      0.87577 
   83     51.00000         2319         1857      0.84914 
   84     50.00000         2500         1977      0.85236 
   85     49.00000         2603         2034      0.85486 
   86     48.00000         2708         2087      0.84755 
   87     47.00000         2782         2212      0.86424 
   88     46.00000         2814         2383      0.88859 
   89     45.00000         2854         2509      0.90658 
   90     44.00000         2827         2519      0.91283 
   91     43.00000         2770         2423      0.90352 
   92     42.00000         2669         2296      0.90030 
   93     41.00000         2706         2398      0.91536 
   94     40.00000         2773         2538      0.92186 
   95     39.00000         2793         2639      0.92968 
   96     38.00000         2796         2734      0.93996 
   97     37.00000         2804         2826      0.94707 
   98     36.00000         2831         2861      0.94519 
   99     35.00000         2894         2930      0.94402 
  100     34.00000         2918         2938      0.94331 
  101     33.00000         2962         2968      0.94266 
  102     32.00000         2993         2981      0.94309 
  103     31.00000         2983         2945      0.94399 
  104     30.00000         2990         2943      0.94691 
  105     29.00000         2970         2925      0.94962 
  106     28.00000         2953         2910      0.95241 
  107     27.00000         2893         2852      0.95492 
  108     26.00000         2803         2769      0.95477 
  109     25.00000         2733         2703      0.95659 
  110     24.00000         2633         2607      0.95573 
  111     23.00000         2533         2521      0.95370 
  112     22.00000         2425         2427      0.95342 
  113     21.00000         2313         2320      0.95187 
  114     20.00000         2167         2178      0.95144 
  115     19.00000         2025         2059      0.95348 
  116     18.00000         1928         1996      0.95770 
  117     17.00000         1833         1957      0.94828 
  118     16.00000         1759         1953      0.93319 
  119     15.00000         1683         1935      0.92261 
  120     14.00000         1601         1879      0.91724 
  121     13.00000         1556         1851      0.91341 
  122     12.00000         1523         1861      0.90012 
  123     11.00000         1502         1876      0.88928 
  124     10.00000         1453         1856      0.87821 
  125      9.00000         1356         1783      0.86397 
  126      8.00000         1260         1715      0.84706 
  127      7.00000         1120         1611      0.82021 
  128      6.00000          979         1469      0.79984 
  129      5.00000          892         1390      0.78089 
  130      4.00000          765         1251      0.75298 
  131      3.00000          623         1057      0.70476 
  132      2.00000          531          924      0.68179 
  133      1.00000          498          856      0.68390 
  134      0.00000          460          785      0.68755 
  135     -1.00000          392          683      0.64744 
  136     -2.00000          299          560      0.57509 
  137     -3.00000          343          595      0.68870 
  138     -4.00000          451          718      0.76989 
  139     -5.00000          535          778      0.81493 
  140     -6.00000          587          798      0.84765 
  141     -7.00000          620          813      0.86532 
  142     -8.00000          683          813      0.87032 
  143     -9.00000          741          787      0.85733 
  144    -10.00000          809          767      0.86421 
  145    -11.00000          858          738      0.87719 
  146    -12.00000          893          722      0.87926 
  147    -13.00000          930          727      0.86904 
  148    -14.00000          915          707      0.87053 
  149    -15.00000          921          696      0.86085 
  150    -16.00000          919          692      0.85909 
  151    -17.00000          914          692      0.86177 
  152    -18.00000          899          684      0.86418 
  153    -19.00000          858          656      0.86658 
  154    -20.00000          825          629      0.86520 
  155    -21.00000          764          593      0.87251 
  156    -22.00000          720          565      0.87004 
  157    -23.00000          637          546      0.85376 
  158    -24.00000          572          558      0.80885 
  159    -25.00000          483          554      0.75410 
  160    -26.00000          369          511      0.70000 
  161    -27.00000          269          437      0.61756 
  162    -28.00000          148          362      0.50588 
  163    -29.00000          117          337      0.44493 
  164    -30.00000           77          300      0.35013 
  165    -31.00000           36          256      0.20548 
  166    -32.00000            1          202      0.00985 
  167    -33.00000            0          196      0.00000 
  168    -34.00000            0          179      0.00000 
  169    -35.00000            0          168      0.00000 
  170    -36.00000            0          140      0.00000 
  171    -37.00000            0          112      0.00000 
  172    -38.00000            0           81      0.00000 
  173    -39.00000            0           54      0.00000 
  174    -40.00000            0           33      0.00000 
  175    -41.00000            0           12      0.00000 
  176    -42.00000            0            0      0.00000 
  177    -43.00000            0            0      0.00000 
  178    -44.00000            0            0      0.00000 
  179    -45.00000            0            0      0.00000 
  180    -46.00000            0            0      0.00000 
  181    -47.00000            0            0      0.00000 
  182    -48.00000            0            0      0.00000 
  183    -49.00000            0            0      0.00000 
  184    -50.00000            0            0      0.00000 
  185    -51.00000            0            0      0.00000 
  186    -52.00000            0            0      0.00000 
  187    -53.00000            0            0      0.00000 
  188    -54.00000            0            0      0.00000 
  189    -55.00000            0            0      0.00000 
  190    -56.00000            0            0      0.00000 
  191    -57.00000            0            0      0.00000 
  192    -58.00000            0            0      0.00000 
  193    -59.00000            0            0      0.00000 
  194    -60.00000            0            0      0.00000 
  195    -61.00000            0            0      0.00000 
  196    -62.00000            0            0      0.00000 
  197    -63.00000            0            0      0.00000 
  198    -64.00000            0            0      0.00000 
  199    -65.00000            0            0      0.00000 
  200    -66.00000            0            0      0.00000 
  201    -67.00000            0            0      0.00000 
  202    -68.00000            0            0      0.00000 
  203    -69.00000            0            0      0.00000 
  204    -70.00000            0            0      0.00000 
  205    -71.00000            0            0      0.00000 
  206    -72.00000            0            0      0.00000 
  207    -73.00000            0            0      0.00000 
  208    -74.00000            0            0      0.00000 
  209    -75.00000            0            0      0.00000 
  210    -76.00000            0            0      0.00000 
  211    -77.00000            0            0      0.00000 
  212    -78.00000            0            0      0.00000 
  213    -79.00000            0            0      0.00000 
  214    -80.00000            0            0      0.00000 
  215    -81.00000            0            0      0.00000 
  216    -82.00000            0            0      0.00000 
  217    -83.00000            0            0      0.00000 
  218    -84.00000            0            0      0.00000 
  219    -85.00000            0            0      0.00000 
  220    -86.00000            0            0      0.00000 
  221    -87.00000            0            0      0.00000 
  222    -88.00000            0            0      0.00000 
  223    -89.00000            0            0      0.00000 
  224    -90.00000            0            0      0.00000 
  225    -91.00000            0            0      0.00000 
  226    -92.00000            0            0      0.00000 
  227    -93.00000            0            0      0.00000 
  228    -94.00000            0            0      0.00000 
  229    -95.00000            0            0      0.00000 
  230    -96.00000            0            0      0.00000 
  231    -97.00000            0            0      0.00000 
  232    -98.00000            0            0      0.00000 
