# 3dSliceNDice -insetA 9m_2min_m4_binary+orig -insetB 9m_3min_m4_binary+orig -prefix 9m_2min_3min_m4
    0     96.00000            0            0      0.00000 
    1     95.00000            0            0      0.00000 
    2     94.00000            0            0      0.00000 
    3     93.00000            0            0      0.00000 
    4     92.00000            0            0      0.00000 
    5     91.00000            0            0      0.00000 
    6     90.00000            0            0      0.00000 
    7     89.00000            0            0      0.00000 
    8     88.00000            0            0      0.00000 
    9     87.00000            0            0      0.00000 
   10     86.00000            0            0      0.00000 
   11     85.00000            0            0      0.00000 
   12     84.00000            0            0      0.00000 
   13     83.00000            0            0      0.00000 
   14     82.00000            0            0      0.00000 
   15     81.00000            0            0      0.00000 
   16     80.00000            0            0      0.00000 
   17     79.00000            0            0      0.00000 
   18     78.00000            0            0      0.00000 
   19     77.00000            0            0      0.00000 
   20     76.00000            0            0      0.00000 
   21     75.00000            0            0      0.00000 
   22     74.00000            0            0      0.00000 
   23     73.00000            0            0      0.00000 
   24     72.00000            0            0      0.00000 
   25     71.00000            0            0      0.00000 
   26     70.00000            0            0      0.00000 
   27     69.00000            0            0      0.00000 
   28     68.00000            0            0      0.00000 
   29     67.00000            0            0      0.00000 
   30     66.00000            0            0      0.00000 
   31     65.00000            0            0      0.00000 
   32     64.00000            0            0      0.00000 
   33     63.00000            0            0      0.00000 
   34     62.00000            0            0      0.00000 
   35     61.00000            0            0      0.00000 
   36     60.00000            0            0      0.00000 
   37     59.00000            0            0      0.00000 
   38     58.00000            0            0      0.00000 
   39     57.00000            0            0      0.00000 
   40     56.00000            0            0      0.00000 
   41     55.00000            0            0      0.00000 
   42     54.00000            0            0      0.00000 
   43     53.00000            0            0      0.00000 
   44     52.00000            0            0      0.00000 
   45     51.00000            0            0      0.00000 
   46     50.00000            0            0      0.00000 
   47     49.00000            0            0      0.00000 
   48     48.00000            0            0      0.00000 
   49     47.00000            0            0      0.00000 
   50     46.00000            0            0      0.00000 
   51     45.00000            0            0      0.00000 
   52     44.00000            0            0      0.00000 
   53     43.00000            0            0      0.00000 
   54     42.00000           90           69      0.77987 
   55     41.00000          232          205      0.86041 
   56     40.00000          346          324      0.88358 
   57     39.00000          437          419      0.89486 
   58     38.00000          527          512      0.89894 
   59     37.00000          627          617      0.91479 
   60     36.00000          732          726      0.92044 
   61     35.00000          877          864      0.93509 
   62     34.00000          989          967      0.93763 
   63     33.00000         1089         1059      0.93669 
   64     32.00000         1194         1153      0.94078 
   65     31.00000         1257         1208      0.93793 
   66     30.00000         1319         1274      0.93637 
   67     29.00000         1352         1309      0.93499 
   68     28.00000         1386         1344      0.93040 
   69     27.00000         1397         1357      0.92593 
   70     26.00000         1412         1360      0.93001 
   71     25.00000         1453         1381      0.93296 
   72     24.00000         1478         1407      0.94073 
   73     23.00000         1506         1445      0.94002 
   74     22.00000         1583         1591      0.92754 
   75     21.00000         1648         1722      0.92166 
   76     20.00000         1710         1829      0.91834 
   77     19.00000         1746         1888      0.91414 
   78     18.00000         1807         1966      0.91333 
   79     17.00000         1900         2034      0.91713 
   80     16.00000         1966         2095      0.92588 
   81     15.00000         2049         2148      0.92638 
   82     14.00000         2122         2143      0.92192 
   83     13.00000         2183         2122      0.91429 
   84     12.00000         2637         2630      0.94741 
   85     11.00000         2787         2804      0.96512 
   86     10.00000         2899         2903      0.97070 
   87      9.00000         2984         2983      0.97000 
   88      8.00000         3037         3043      0.96941 
   89      7.00000         3081         3083      0.96593 
   90      6.00000         3075         3088      0.96447 
   91      5.00000         3073         3076      0.96016 
   92      4.00000         3006         3040      0.95270 
   93      3.00000         2928         2988      0.94760 
   94      2.00000         2784         2881      0.93875 
   95      1.00000         2609         2723      0.93136 
   96      0.00000         2506         2645      0.92526 
   97     -1.00000         2531         2707      0.92440 
   98     -2.00000         2622         2843      0.91894 
   99     -3.00000         2702         2919      0.92439 
  100     -4.00000         2790         2948      0.93691 
  101     -5.00000         2848         2936      0.94848 
  102     -6.00000         2851         2897      0.95442 
  103     -7.00000         2876         2926      0.96070 
  104     -8.00000         2848         2879      0.96735 
  105     -9.00000         2800         2828      0.97015 
  106    -10.00000         2750         2755      0.97475 
  107    -11.00000         2633         2650      0.97217 
  108    -12.00000         2451         2490      0.96013 
  109    -13.00000         2001         2043      0.97132 
  110    -14.00000         1948         2033      0.96910 
  111    -15.00000         1914         2046      0.96465 
  112    -16.00000         1860         2031      0.95297 
  113    -17.00000         1764         1975      0.92913 
  114    -18.00000         1531         1718      0.89381 
  115    -19.00000         1544         1744      0.89781 
  116    -20.00000         1532         1760      0.89854 
  117    -21.00000         1472         1744      0.89117 
  118    -22.00000         1411         1732      0.88260 
  119    -23.00000         1396         1691      0.86621 
  120    -24.00000         1440         1628      0.85854 
  121    -25.00000         1472         1551      0.85676 
  122    -26.00000         1504         1479      0.86423 
  123    -27.00000         1539         1417      0.87348 
  124    -28.00000         1553         1350      0.87771 
  125    -29.00000         1534         1310      0.87201 
  126    -30.00000         1505         1256      0.86490 
  127    -31.00000         1466         1196      0.86101 
  128    -32.00000         1419         1137      0.85211 
  129    -33.00000         1355         1063      0.84119 
  130    -34.00000         1279          983      0.83201 
  131    -35.00000         1191          900      0.81683 
  132    -36.00000         1048          791      0.79935 
  133    -37.00000          947          708      0.78550 
  134    -38.00000          868          677      0.79871 
  135    -39.00000          868          707      0.82921 
  136    -40.00000          836          715      0.85751 
  137    -41.00000          733          667      0.89000 
  138    -42.00000          580          571      0.94353 
  139    -43.00000          515          515      1.00000 
  140    -44.00000          525          525      1.00000 
  141    -45.00000          543          543      1.00000 
  142    -46.00000          527          527      1.00000 
  143    -47.00000          519          519      1.00000 
  144    -48.00000          504          504      1.00000 
  145    -49.00000          477          477      1.00000 
  146    -50.00000          437          437      1.00000 
  147    -51.00000          380          380      1.00000 
  148    -52.00000          327          327      1.00000 
  149    -53.00000          252          252      1.00000 
  150    -54.00000          205          205      1.00000 
  151    -55.00000          142          142      1.00000 
  152    -56.00000           88           88      1.00000 
  153    -57.00000           32           32      1.00000 
  154    -58.00000            0            0      0.00000 
  155    -59.00000            0            0      0.00000 
  156    -60.00000            0            0      0.00000 
  157    -61.00000            0            0      0.00000 
  158    -62.00000            0            0      0.00000 
  159    -63.00000            0            0      0.00000 
  160    -64.00000            0            0      0.00000 
  161    -65.00000            0            0      0.00000 
  162    -66.00000            0            0      0.00000 
  163    -67.00000            0            0      0.00000 
  164    -68.00000            0            0      0.00000 
  165    -69.00000            0            0      0.00000 
  166    -70.00000            0            0      0.00000 
  167    -71.00000            0            0      0.00000 
  168    -72.00000            0            0      0.00000 
  169    -73.00000            0            0      0.00000 
  170    -74.00000            0            0      0.00000 
  171    -75.00000            0            0      0.00000 
  172    -76.00000            0            0      0.00000 
  173    -77.00000            0            0      0.00000 
  174    -78.00000            0            0      0.00000 
  175    -79.00000            0            0      0.00000 
  176    -80.00000            0            0      0.00000 
  177    -81.00000            0            0      0.00000 
  178    -82.00000            0            0      0.00000 
  179    -83.00000            0            0      0.00000 
  180    -84.00000            0            0      0.00000 
  181    -85.00000            0            0      0.00000 
  182    -86.00000            0            0      0.00000 
  183    -87.00000            0            0      0.00000 
  184    -88.00000            0            0      0.00000 
  185    -89.00000            0            0      0.00000 
  186    -90.00000            0            0      0.00000 
  187    -91.00000            0            0      0.00000 
  188    -92.00000            0            0      0.00000 
  189    -93.00000            0            0      0.00000 
  190    -94.00000            0            0      0.00000 
  191    -95.00000            0            0      0.00000 
  192    -96.00000            0            0      0.00000 
  193    -97.00000            0            0      0.00000 
  194    -98.00000            0            0      0.00000 
