# 3dSliceNDice -insetA 9m_2min_m5_binary+orig -insetB 9m_3min_m5_binary+orig -prefix 9m_2min_3min_m5
    0    134.00000            0            0      0.00000 
    1    133.00000            0            0      0.00000 
    2    132.00000            0            0      0.00000 
    3    131.00000            0            0      0.00000 
    4    130.00000            0            0      0.00000 
    5    129.00000            0            0      0.00000 
    6    128.00000            0            0      0.00000 
    7    127.00000            0            0      0.00000 
    8    126.00000            0            0      0.00000 
    9    125.00000            0            0      0.00000 
   10    124.00000            0            0      0.00000 
   11    123.00000            0            0      0.00000 
   12    122.00000            0            0      0.00000 
   13    121.00000            0            0      0.00000 
   14    120.00000            0            0      0.00000 
   15    119.00000            0            0      0.00000 
   16    118.00000            0            0      0.00000 
   17    117.00000            0            0      0.00000 
   18    116.00000            0            0      0.00000 
   19    115.00000            0            0      0.00000 
   20    114.00000            0            0      0.00000 
   21    113.00000            0            0      0.00000 
   22    112.00000            0            0      0.00000 
   23    111.00000            0            0      0.00000 
   24    110.00000            0            0      0.00000 
   25    109.00000            0            0      0.00000 
   26    108.00000            0            0      0.00000 
   27    107.00000            0            0      0.00000 
   28    106.00000            0            0      0.00000 
   29    105.00000            0            0      0.00000 
   30    104.00000            0            0      0.00000 
   31    103.00000            0            0      0.00000 
   32    102.00000            0            0      0.00000 
   33    101.00000            0            0      0.00000 
   34    100.00000            0            0      0.00000 
   35     99.00000            0            0      0.00000 
   36     98.00000            0            0      0.00000 
   37     97.00000            0            0      0.00000 
   38     96.00000            0            0      0.00000 
   39     95.00000            0            0      0.00000 
   40     94.00000            0            0      0.00000 
   41     93.00000            0            0      0.00000 
   42     92.00000            0            0      0.00000 
   43     91.00000            0            0      0.00000 
   44     90.00000            0            0      0.00000 
   45     89.00000            0            0      0.00000 
   46     88.00000            0            0      0.00000 
   47     87.00000            0            0      0.00000 
   48     86.00000            0            0      0.00000 
   49     85.00000            0            0      0.00000 
   50     84.00000            0            0      0.00000 
   51     83.00000            0            0      0.00000 
   52     82.00000            0            0      0.00000 
   53     81.00000            0            0      0.00000 
   54     80.00000            0            0      0.00000 
   55     79.00000            0            0      0.00000 
   56     78.00000            0            0      0.00000 
   57     77.00000            0            0      0.00000 
   58     76.00000            0            0      0.00000 
   59     75.00000            0            0      0.00000 
   60     74.00000            0            0      0.00000 
   61     73.00000            0            0      0.00000 
   62     72.00000           32           32      1.00000 
   63     71.00000           83           83      1.00000 
   64     70.00000          143          143      1.00000 
   65     69.00000          192          192      1.00000 
   66     68.00000          230          230      1.00000 
   67     67.00000          329          326      0.99542 
   68     66.00000          414          414      0.98551 
   69     65.00000          494          505      0.98098 
   70     64.00000          558          580      0.97364 
   71     63.00000          614          649      0.96912 
   72     62.00000          845          831      0.92482 
   73     61.00000         1065         1017      0.92411 
   74     60.00000         1255         1192      0.92440 
   75     59.00000         1415         1331      0.92498 
   76     58.00000         1539         1441      0.92550 
   77     57.00000         1721         1581      0.92187 
   78     56.00000         1897         1708      0.91817 
   79     55.00000         2061         1850      0.91997 
   80     54.00000         2185         1959      0.91892 
   81     53.00000         2289         2045      0.91647 
   82     52.00000         2381         2156      0.91294 
   83     51.00000         2435         2279      0.91472 
   84     50.00000         2502         2426      0.92086 
   85     49.00000         2571         2563      0.92092 
   86     48.00000         2668         2700      0.92213 
   87     47.00000         2757         2854      0.92461 
   88     46.00000         2803         2937      0.91882 
   89     45.00000         2881         3057      0.91445 
   90     44.00000         2898         3100      0.90730 
   91     43.00000         2920         3149      0.90031 
   92     42.00000         2914         3176      0.89163 
   93     41.00000         2877         3173      0.88529 
   94     40.00000         2848         3216      0.88358 
   95     39.00000         2784         3196      0.88328 
   96     38.00000         2777         3212      0.88329 
   97     37.00000         2743         3188      0.88720 
   98     36.00000         2680         3103      0.88847 
   99     35.00000         2644         3046      0.88787 
  100     34.00000         2593         2942      0.88708 
  101     33.00000         2577         2853      0.88692 
  102     32.00000         2582         2960      0.86395 
  103     31.00000         2571         3083      0.83021 
  104     30.00000         2550         3122      0.80818 
  105     29.00000         2493         3129      0.78833 
  106     28.00000         2397         3111      0.76325 
  107     27.00000         2358         3105      0.75416 
  108     26.00000         2345         3059      0.76129 
  109     25.00000         2325         3023      0.76253 
  110     24.00000         2258         2897      0.76663 
  111     23.00000         2196         2753      0.77551 
  112     22.00000         2162         2647      0.78852 
  113     21.00000         2080         2561      0.78561 
  114     20.00000         1986         2475      0.78547 
  115     19.00000         1884         2376      0.77981 
  116     18.00000         1828         2333      0.77433 
  117     17.00000         1756         2294      0.76840 
  118     16.00000         1711         2264      0.76629 
  119     15.00000         1684         2257      0.76681 
  120     14.00000         1625         2215      0.76198 
  121     13.00000         1569         2189      0.76317 
  122     12.00000         1513         2140      0.76814 
  123     11.00000         1480         2062      0.77583 
  124     10.00000         1431         1990      0.77755 
  125      9.00000         1335         1850      0.77739 
  126      8.00000         1220         1695      0.77461 
  127      7.00000         1084         1517      0.77047 
  128      6.00000          970         1379      0.76543 
  129      5.00000          928         1323      0.76766 
  130      4.00000          835         1217      0.75634 
  131      3.00000          743         1143      0.73807 
  132      2.00000          647         1045      0.69858 
  133      1.00000          603          954      0.69236 
  134      0.00000          568          848      0.67373 
  135     -1.00000          521          696      0.63270 
  136     -2.00000          480          523      0.52841 
  137     -3.00000          435          372      0.38166 
  138     -4.00000          402          320      0.33795 
  139     -5.00000          368          260      0.27389 
  140     -6.00000          309          176      0.15670 
  141     -7.00000          242           64      0.00000 
  142     -8.00000          194            0      0.00000 
  143     -9.00000          176            0      0.00000 
  144    -10.00000          160            0      0.00000 
  145    -11.00000          131            0      0.00000 
  146    -12.00000          105            0      0.00000 
  147    -13.00000           72            0      0.00000 
  148    -14.00000           52            0      0.00000 
  149    -15.00000           40            0      0.00000 
  150    -16.00000           23            0      0.00000 
  151    -17.00000            4            0      0.00000 
  152    -18.00000            0            0      0.00000 
  153    -19.00000            0            0      0.00000 
  154    -20.00000            0            0      0.00000 
  155    -21.00000            0            0      0.00000 
  156    -22.00000            0            0      0.00000 
  157    -23.00000            0            0      0.00000 
  158    -24.00000            0            0      0.00000 
  159    -25.00000            0            0      0.00000 
  160    -26.00000            0            0      0.00000 
  161    -27.00000            0            0      0.00000 
  162    -28.00000            0            0      0.00000 
  163    -29.00000            0            0      0.00000 
  164    -30.00000            0            0      0.00000 
  165    -31.00000            0            0      0.00000 
  166    -32.00000            0            0      0.00000 
  167    -33.00000            0            0      0.00000 
  168    -34.00000            0            0      0.00000 
  169    -35.00000            0            0      0.00000 
  170    -36.00000            0            0      0.00000 
  171    -37.00000            0            0      0.00000 
  172    -38.00000            0            0      0.00000 
  173    -39.00000            0            0      0.00000 
  174    -40.00000            0            0      0.00000 
  175    -41.00000            0            0      0.00000 
  176    -42.00000            0            0      0.00000 
  177    -43.00000            0            0      0.00000 
  178    -44.00000            0            0      0.00000 
  179    -45.00000            0            0      0.00000 
  180    -46.00000            0            0      0.00000 
  181    -47.00000            0            0      0.00000 
  182    -48.00000            0            0      0.00000 
  183    -49.00000            0            0      0.00000 
  184    -50.00000            0            0      0.00000 
  185    -51.00000            0            0      0.00000 
  186    -52.00000            0            0      0.00000 
  187    -53.00000            0            0      0.00000 
  188    -54.00000            0            0      0.00000 
  189    -55.00000            0            0      0.00000 
  190    -56.00000            0            0      0.00000 
  191    -57.00000            0            0      0.00000 
  192    -58.00000            0            0      0.00000 
  193    -59.00000            0            0      0.00000 
  194    -60.00000            0            0      0.00000 
  195    -61.00000            0            0      0.00000 
  196    -62.00000            0            0      0.00000 
  197    -63.00000            0            0      0.00000 
  198    -64.00000            0            0      0.00000 
  199    -65.00000            0            0      0.00000 
  200    -66.00000            0            0      0.00000 
  201    -67.00000            0            0      0.00000 
  202    -68.00000            0            0      0.00000 
  203    -69.00000            0            0      0.00000 
  204    -70.00000            0            0      0.00000 
  205    -71.00000            0            0      0.00000 
  206    -72.00000            0            0      0.00000 
  207    -73.00000            0            0      0.00000 
  208    -74.00000            0            0      0.00000 
  209    -75.00000            0            0      0.00000 
  210    -76.00000            0            0      0.00000 
  211    -77.00000            0            0      0.00000 
  212    -78.00000            0            0      0.00000 
  213    -79.00000            0            0      0.00000 
  214    -80.00000            0            0      0.00000 
  215    -81.00000            0            0      0.00000 
  216    -82.00000            0            0      0.00000 
  217    -83.00000            0            0      0.00000 
  218    -84.00000            0            0      0.00000 
  219    -85.00000            0            0      0.00000 
  220    -86.00000            0            0      0.00000 
  221    -87.00000            0            0      0.00000 
  222    -88.00000            0            0      0.00000 
  223    -89.00000            0            0      0.00000 
  224    -90.00000            0            0      0.00000 
  225    -91.00000            0            0      0.00000 
  226    -92.00000            0            0      0.00000 
  227    -93.00000            0            0      0.00000 
  228    -94.00000            0            0      0.00000 
  229    -95.00000            0            0      0.00000 
  230    -96.00000            0            0      0.00000 
  231    -97.00000            0            0      0.00000 
  232    -98.00000            0            0      0.00000 
