# 3dSliceNDice -insetA 9m_2min_m5_binary+orig -insetB 9m_5min_m5_binary+orig -prefix 9m_2min_5min_m5
    0    -72.00000            0            0      0.00000 
    1    -71.00000            0            0      0.00000 
    2    -70.00000            0            0      0.00000 
    3    -69.00000            0            0      0.00000 
    4    -68.00000            0            0      0.00000 
    5    -67.00000            0            0      0.00000 
    6    -66.00000            0            0      0.00000 
    7    -65.00000            0            0      0.00000 
    8    -64.00000            0            0      0.00000 
    9    -63.00000            0            0      0.00000 
   10    -62.00000            0            0      0.00000 
   11    -61.00000            0            0      0.00000 
   12    -60.00000            0            0      0.00000 
   13    -59.00000            0            0      0.00000 
   14    -58.00000            0            0      0.00000 
   15    -57.00000            0            0      0.00000 
   16    -56.00000            0            0      0.00000 
   17    -55.00000            0            0      0.00000 
   18    -54.00000            0            0      0.00000 
   19    -53.00000            0            0      0.00000 
   20    -52.00000            0            0      0.00000 
   21    -51.00000            6            6      1.00000 
   22    -50.00000          137          137      1.00000 
   23    -49.00000          681          681      1.00000 
   24    -48.00000         1101         1101      1.00000 
   25    -47.00000         1342         1342      1.00000 
   26    -46.00000         1600         1598      0.99937 
   27    -45.00000         1862         1840      0.99406 
   28    -44.00000         2076         2042      0.99174 
   29    -43.00000         2294         2243      0.98832 
   30    -42.00000         2471         2412      0.98628 
   31    -41.00000         2598         2527      0.98459 
   32    -40.00000         2712         2631      0.98484 
   33    -39.00000         2786         2704      0.98506 
   34    -38.00000         2863         2771      0.98332 
   35    -37.00000         2903         2815      0.98286 
   36    -36.00000         2960         2875      0.98201 
   37    -35.00000         2990         2900      0.97895 
   38    -34.00000         2994         2894      0.97351 
   39    -33.00000         3021         2891      0.96888 
   40    -32.00000         3012         2867      0.96241 
   41    -31.00000         2986         2835      0.95894 
   42    -30.00000         2939         2771      0.95236 
   43    -29.00000         2874         2668      0.94118 
   44    -28.00000         2866         2588      0.93399 
   45    -27.00000         2854         2486      0.93109 
   46    -26.00000         2858         2495      0.93219 
   47    -25.00000         2774         2420      0.93184 
   48    -24.00000         2604         2262      0.92972 
   49    -23.00000         2354         2016      0.92220 
   50    -22.00000         2057         1743      0.90421 
   51    -21.00000         1946         1643      0.90164 
   52    -20.00000         1797         1506      0.89676 
   53    -19.00000         1601         1309      0.88247 
   54    -18.00000         1304          979      0.83662 
   55    -17.00000          759          296      0.56114 
   56    -16.00000          695          254      0.53530 
   57    -15.00000          623          204      0.49335 
   58    -14.00000          498          138      0.43396 
   59    -13.00000          300           60      0.33333 
   60    -12.00000            0            0      0.00000 
   61    -11.00000            0            0      0.00000 
   62    -10.00000            0            0      0.00000 
   63     -9.00000            0            0      0.00000 
   64     -8.00000            0            0      0.00000 
   65     -7.00000            0            0      0.00000 
   66     -6.00000            0            0      0.00000 
   67     -5.00000            0            0      0.00000 
   68     -4.00000            0            0      0.00000 
   69     -3.00000            0            0      0.00000 
   70     -2.00000           64           60      0.58065 
   71     -1.00000          157          138      0.74576 
   72      0.00000          229          204      0.79446 
   73      1.00000          283          254      0.81564 
   74      2.00000          331          296      0.83254 
   75      3.00000          409          401      0.77778 
   76      4.00000          513          554      0.75914 
   77      5.00000          625          728      0.75831 
   78      6.00000          715          865      0.75696 
   79      7.00000          799          990      0.75797 
   80      8.00000         1054         1303      0.78999 
   81      9.00000         1291         1685      0.77823 
   82     10.00000         1485         2029      0.76494 
   83     11.00000         1615         2250      0.75602 
   84     12.00000         1726         2432      0.75421 
   85     13.00000         1908         2643      0.76379 
   86     14.00000         2032         2740      0.77997 
   87     15.00000         2182         2878      0.79526 
   88     16.00000         2269         2958      0.80543 
   89     17.00000         2341         3025      0.81401 
   90     18.00000         2418         3102      0.82174 
   91     19.00000         2460         3148      0.82489 
   92     20.00000         2490         3202      0.82537 
   93     21.00000         2468         3197      0.81942 
   94     22.00000         2478         3199      0.81522 
   95     23.00000         2414         3174      0.80852 
   96     24.00000         2322         3129      0.79728 
   97     25.00000         2224         3078      0.78536 
   98     26.00000         2060         2936      0.76821 
   99     27.00000         1909         2820      0.75238 
  100     28.00000         1698         2678      0.73720 
  101     29.00000         1556         2573      0.71833 
  102     30.00000         1394         2430      0.69351 
  103     31.00000         1162         2185      0.65731 
  104     32.00000          903         1913      0.60085 
  105     33.00000          620         1626      0.52894 
  106     34.00000          526         1531      0.49101 
  107     35.00000          424         1435      0.43464 
  108     36.00000          282         1263      0.34175 
  109     37.00000          111         1025      0.16725 
  110     38.00000            0          754      0.00000 
  111     39.00000            0          725      0.00000 
  112     40.00000            0          701      0.00000 
  113     41.00000            0          665      0.00000 
  114     42.00000            0          620      0.00000 
  115     43.00000            0          574      0.00000 
  116     44.00000            0          531      0.00000 
  117     45.00000            0          494      0.00000 
  118     46.00000            0          437      0.00000 
  119     47.00000            0          387      0.00000 
  120     48.00000            0          342      0.00000 
  121     49.00000            0          297      0.00000 
  122     50.00000            0          234      0.00000 
  123     51.00000            0          154      0.00000 
  124     52.00000            0           87      0.00000 
  125     53.00000            0           29      0.00000 
  126     54.00000            0            3      0.00000 
  127     55.00000            0            0      0.00000 
  128     56.00000            0            0      0.00000 
  129     57.00000            0            0      0.00000 
  130     58.00000            0            0      0.00000 
  131     59.00000            0            0      0.00000 
  132     60.00000            0            0      0.00000 
  133     61.00000            0            0      0.00000 
  134     62.00000            0            0      0.00000 
  135     63.00000            0            0      0.00000 
  136     64.00000            0            0      0.00000 
  137     65.00000            0            0      0.00000 
  138     66.00000            0            0      0.00000 
  139     67.00000            0            0      0.00000 
  140     68.00000            0            0      0.00000 
  141     69.00000            0            0      0.00000 
  142     70.00000            0            0      0.00000 
  143     71.00000            0            0      0.00000 
  144     72.00000            0            0      0.00000 
  145     73.00000            0            0      0.00000 
  146     74.00000            0            0      0.00000 
  147     75.00000            0            0      0.00000 
  148     76.00000            0            0      0.00000 
  149     77.00000            0            0      0.00000 
  150     78.00000            0            0      0.00000 
  151     79.00000            0            0      0.00000 
  152     80.00000            0            0      0.00000 
  153     81.00000            0            0      0.00000 
  154     82.00000            0            0      0.00000 
  155     83.00000            0            0      0.00000 
  156     84.00000            0            0      0.00000 
  157     85.00000            0            0      0.00000 
  158     86.00000            0            0      0.00000 
