# 3dSliceNDice -insetA 9m_2min_m5_binary+orig -insetB 9m_3min_m5_binary+orig -prefix 9m_2min_3min_m5
    0    -72.00000            0            0      0.00000 
    1    -71.00000            0            0      0.00000 
    2    -70.00000            0            0      0.00000 
    3    -69.00000            0            0      0.00000 
    4    -68.00000            0            0      0.00000 
    5    -67.00000            0            0      0.00000 
    6    -66.00000            0            0      0.00000 
    7    -65.00000            0            0      0.00000 
    8    -64.00000            0            0      0.00000 
    9    -63.00000            0            0      0.00000 
   10    -62.00000            0            0      0.00000 
   11    -61.00000            0            0      0.00000 
   12    -60.00000            0            0      0.00000 
   13    -59.00000            0            0      0.00000 
   14    -58.00000            0            0      0.00000 
   15    -57.00000            0            0      0.00000 
   16    -56.00000            0            0      0.00000 
   17    -55.00000            0            0      0.00000 
   18    -54.00000            0            0      0.00000 
   19    -53.00000            0            0      0.00000 
   20    -52.00000            0            0      0.00000 
   21    -51.00000            6            6      1.00000 
   22    -50.00000          137          137      1.00000 
   23    -49.00000          681          681      1.00000 
   24    -48.00000         1101         1101      1.00000 
   25    -47.00000         1342         1342      1.00000 
   26    -46.00000         1600         1600      1.00000 
   27    -45.00000         1862         1862      1.00000 
   28    -44.00000         2076         2076      1.00000 
   29    -43.00000         2294         2295      0.99978 
   30    -42.00000         2471         2469      0.99798 
   31    -41.00000         2598         2587      0.99634 
   32    -40.00000         2712         2692      0.99630 
   33    -39.00000         2786         2755      0.99441 
   34    -38.00000         2863         2819      0.99190 
   35    -37.00000         2903         2847      0.98887 
   36    -36.00000         2960         2894      0.98702 
   37    -35.00000         2990         2911      0.98424 
   38    -34.00000         2994         2898      0.97929 
   39    -33.00000         3021         2894      0.97447 
   40    -32.00000         3012         2866      0.96904 
   41    -31.00000         2986         2836      0.96702 
   42    -30.00000         2939         2775      0.96185 
   43    -29.00000         2874         2690      0.95435 
   44    -28.00000         2866         2646      0.95210 
   45    -27.00000         2854         2604      0.95420 
   46    -26.00000         2858         2612      0.95503 
   47    -25.00000         2774         2528      0.95360 
   48    -24.00000         2604         2362      0.95127 
   49    -23.00000         2354         2093      0.94131 
   50    -22.00000         2057         1673      0.89705 
   51    -21.00000         1946         1579      0.89589 
   52    -20.00000         1797         1450      0.89313 
   53    -19.00000         1601         1280      0.88719 
   54    -18.00000         1304          999      0.86062 
   55    -17.00000          759          357      0.61290 
   56    -16.00000          695          312      0.58391 
   57    -15.00000          623          266      0.54443 
   58    -14.00000          498          176      0.44807 
   59    -13.00000          300           64      0.21978 
   60    -12.00000            0            0      0.00000 
   61    -11.00000            0            0      0.00000 
   62    -10.00000            0            0      0.00000 
   63     -9.00000            0            0      0.00000 
   64     -8.00000            0            0      0.00000 
   65     -7.00000            0            0      0.00000 
   66     -6.00000            0            0      0.00000 
   67     -5.00000            0            0      0.00000 
   68     -4.00000            0            0      0.00000 
   69     -3.00000            0            0      0.00000 
   70     -2.00000           64          112      0.72727 
   71     -1.00000          157          213      0.84865 
   72      0.00000          229          293      0.87739 
   73      1.00000          283          353      0.88994 
   74      2.00000          331          401      0.90437 
   75      3.00000          409          498      0.85777 
   76      4.00000          513          614      0.80923 
   77      5.00000          625          751      0.77180 
   78      6.00000          715          850      0.75016 
   79      7.00000          799          936      0.73775 
   80      8.00000         1054         1193      0.74143 
   81      9.00000         1291         1476      0.72136 
   82     10.00000         1485         1729      0.71686 
   83     11.00000         1615         1895      0.71624 
   84     12.00000         1726         2031      0.71706 
   85     13.00000         1908         2237      0.72811 
   86     14.00000         2032         2349      0.74001 
   87     15.00000         2182         2505      0.76125 
   88     16.00000         2269         2601      0.77166 
   89     17.00000         2341         2689      0.77972 
   90     18.00000         2418         2765      0.79491 
   91     19.00000         2460         2794      0.80662 
   92     20.00000         2490         2834      0.81480 
   93     21.00000         2468         2795      0.81816 
   94     22.00000         2478         2781      0.82107 
   95     23.00000         2414         2729      0.81898 
   96     24.00000         2322         2658      0.81406 
   97     25.00000         2224         2599      0.80614 
   98     26.00000         2060         2474      0.79797 
   99     27.00000         1909         2364      0.79710 
  100     28.00000         1698         2248      0.78814 
  101     29.00000         1556         2174      0.76300 
  102     30.00000         1394         2091      0.73343 
  103     31.00000         1162         1925      0.69193 
  104     32.00000          903         1753      0.63705 
  105     33.00000          620         1574      0.56518 
  106     34.00000          526         1538      0.50969 
  107     35.00000          424         1508      0.43892 
  108     36.00000          282         1413      0.33274 
  109     37.00000          111         1316      0.15557 
  110     38.00000            0         1199      0.00000 
  111     39.00000            0         1149      0.00000 
  112     40.00000            0         1089      0.00000 
  113     41.00000            0          975      0.00000 
  114     42.00000            0          788      0.00000 
  115     43.00000            0          574      0.00000 
  116     44.00000            0          531      0.00000 
  117     45.00000            0          494      0.00000 
  118     46.00000            0          437      0.00000 
  119     47.00000            0          387      0.00000 
  120     48.00000            0          342      0.00000 
  121     49.00000            0          297      0.00000 
  122     50.00000            0          234      0.00000 
  123     51.00000            0          154      0.00000 
  124     52.00000            0           87      0.00000 
  125     53.00000            0           29      0.00000 
  126     54.00000            0            3      0.00000 
  127     55.00000            0            0      0.00000 
  128     56.00000            0            0      0.00000 
  129     57.00000            0            0      0.00000 
  130     58.00000            0            0      0.00000 
  131     59.00000            0            0      0.00000 
  132     60.00000            0            0      0.00000 
  133     61.00000            0            0      0.00000 
  134     62.00000            0            0      0.00000 
  135     63.00000            0            0      0.00000 
  136     64.00000            0            0      0.00000 
  137     65.00000            0            0      0.00000 
  138     66.00000            0            0      0.00000 
  139     67.00000            0            0      0.00000 
  140     68.00000            0            0      0.00000 
  141     69.00000            0            0      0.00000 
  142     70.00000            0            0      0.00000 
  143     71.00000            0            0      0.00000 
  144     72.00000            0            0      0.00000 
  145     73.00000            0            0      0.00000 
  146     74.00000            0            0      0.00000 
  147     75.00000            0            0      0.00000 
  148     76.00000            0            0      0.00000 
  149     77.00000            0            0      0.00000 
  150     78.00000            0            0      0.00000 
  151     79.00000            0            0      0.00000 
  152     80.00000            0            0      0.00000 
  153     81.00000            0            0      0.00000 
  154     82.00000            0            0      0.00000 
  155     83.00000            0            0      0.00000 
  156     84.00000            0            0      0.00000 
  157     85.00000            0            0      0.00000 
  158     86.00000            0            0      0.00000 
