# 3dSliceNDice -insetA 9m_2min_m3_binary+orig -insetB 9m_5min_m3_binary+orig -prefix 9m_2min_5min_m3
    0     96.00000            0            0      0.00000 
    1     95.00000            0            0      0.00000 
    2     94.00000            0            0      0.00000 
    3     93.00000            0            0      0.00000 
    4     92.00000            0            0      0.00000 
    5     91.00000            0            0      0.00000 
    6     90.00000            0            0      0.00000 
    7     89.00000            0            0      0.00000 
    8     88.00000            0            0      0.00000 
    9     87.00000            0            0      0.00000 
   10     86.00000            0            0      0.00000 
   11     85.00000            0            0      0.00000 
   12     84.00000            0            0      0.00000 
   13     83.00000            0            0      0.00000 
   14     82.00000            0            0      0.00000 
   15     81.00000            0            0      0.00000 
   16     80.00000            0            0      0.00000 
   17     79.00000            0            0      0.00000 
   18     78.00000            0            0      0.00000 
   19     77.00000            0            0      0.00000 
   20     76.00000            0            0      0.00000 
   21     75.00000            0            0      0.00000 
   22     74.00000            0            0      0.00000 
   23     73.00000            0            0      0.00000 
   24     72.00000            0            0      0.00000 
   25     71.00000            0            0      0.00000 
   26     70.00000            0            0      0.00000 
   27     69.00000            0            0      0.00000 
   28     68.00000            0            0      0.00000 
   29     67.00000            0            0      0.00000 
   30     66.00000            0            0      0.00000 
   31     65.00000            0            0      0.00000 
   32     64.00000            0            0      0.00000 
   33     63.00000            0            0      0.00000 
   34     62.00000            0            0      0.00000 
   35     61.00000            0            0      0.00000 
   36     60.00000            0            0      0.00000 
   37     59.00000            0            0      0.00000 
   38     58.00000            0            0      0.00000 
   39     57.00000            0            0      0.00000 
   40     56.00000            0            0      0.00000 
   41     55.00000            0            0      0.00000 
   42     54.00000            0            0      0.00000 
   43     53.00000            0            0      0.00000 
   44     52.00000            0            0      0.00000 
   45     51.00000            0            0      0.00000 
   46     50.00000            0            0      0.00000 
   47     49.00000            0            0      0.00000 
   48     48.00000            0            0      0.00000 
   49     47.00000            0            0      0.00000 
   50     46.00000            0            0      0.00000 
   51     45.00000            0            0      0.00000 
   52     44.00000            0            0      0.00000 
   53     43.00000            0            0      0.00000 
   54     42.00000            0            0      0.00000 
   55     41.00000            0            0      0.00000 
   56     40.00000            0            0      0.00000 
   57     39.00000            0            0      0.00000 
   58     38.00000            0            0      0.00000 
   59     37.00000           60           32      0.08696 
   60     36.00000          138           88      0.36283 
   61     35.00000          204          140      0.48256 
   62     34.00000          254          180      0.53456 
   63     33.00000          296          216      0.57031 
   64     32.00000          351          338      0.55733 
   65     31.00000          400          483      0.60476 
   66     30.00000          462          617      0.65431 
   67     29.00000          501          720      0.68632 
   68     28.00000          534          804      0.70553 
   69     27.00000          821         1024      0.83577 
   70     26.00000         1065         1181      0.93321 
   71     25.00000         1233         1336      0.95524 
   72     24.00000         1354         1444      0.96212 
   73     23.00000         1441         1527      0.96698 
   74     22.00000         1597         1677      0.95968 
   75     21.00000         1734         1801      0.95446 
   76     20.00000         1868         1919      0.95432 
   77     19.00000         1956         1998      0.95296 
   78     18.00000         2020         2059      0.95219 
   79     17.00000         2311         2322      0.92726 
   80     16.00000         2545         2562      0.92500 
   81     15.00000         2755         2754      0.92648 
   82     14.00000         2903         2882      0.92895 
   83     13.00000         3039         3001      0.93179 
   84     12.00000         3187         3112      0.93697 
   85     11.00000         3282         3168      0.94016 
   86     10.00000         3385         3246      0.94526 
   87      9.00000         3459         3302      0.94838 
   88      8.00000         3544         3368      0.94994 
   89      7.00000         3668         3437      0.94750 
   90      6.00000         3745         3445      0.94131 
   91      5.00000         3807         3456      0.93680 
   92      4.00000         3807         3427      0.93337 
   93      3.00000         3788         3390      0.92839 
   94      2.00000         3705         3306      0.92683 
   95      1.00000         3569         3187      0.92658 
   96      0.00000         3494         3112      0.92401 
   97     -1.00000         3498         3070      0.91596 
   98     -2.00000         3576         3096      0.90917 
   99     -3.00000         3577         3073      0.90496 
  100     -4.00000         3542         3033      0.90251 
  101     -5.00000         3478         2992      0.90201 
  102     -6.00000         3340         2888      0.90270 
  103     -7.00000         3177         2798      0.89573 
  104     -8.00000         2940         2757      0.91136 
  105     -9.00000         2803         2739      0.91844 
  106    -10.00000         2635         2674      0.91430 
  107    -11.00000         2481         2534      0.91246 
  108    -12.00000         2325         2354      0.92071 
  109    -13.00000         2137         2138      0.93333 
  110    -14.00000         2112         2087      0.93832 
  111    -15.00000         2079         2022      0.94270 
  112    -16.00000         1988         1909      0.94278 
  113    -17.00000         1869         1805      0.94012 
  114    -18.00000         1738         1719      0.94301 
  115    -19.00000         1663         1654      0.94483 
  116    -20.00000         1582         1568      0.94730 
  117    -21.00000         1447         1427      0.93737 
  118    -22.00000         1290         1243      0.91117 
  119    -23.00000         1126         1009      0.87963 
  120    -24.00000         1058          939      0.87631 
  121    -25.00000          963          835      0.86541 
  122    -26.00000          858          704      0.84123 
  123    -27.00000          738          524      0.78605 
  124    -28.00000          685          422      0.76242 
  125    -29.00000          692          460      0.79861 
  126    -30.00000          680          491      0.83860 
  127    -31.00000          637          505      0.87215 
  128    -32.00000          573          518      0.93492 
  129    -33.00000          548          598      0.91798 
  130    -34.00000          573          712      0.87626 
  131    -35.00000          602          812      0.84583 
  132    -36.00000          616          868      0.82210 
  133    -37.00000          628          921      0.80697 
  134    -38.00000          633         1007      0.76707 
  135    -39.00000          626         1066      0.73759 
  136    -40.00000          620         1120      0.70920 
  137    -41.00000          608         1123      0.68169 
  138    -42.00000          577         1095      0.65311 
  139    -43.00000          550         1063      0.62616 
  140    -44.00000          510         1004      0.60238 
  141    -45.00000          471          956      0.57323 
  142    -46.00000          416          875      0.54222 
  143    -47.00000          347          810      0.49957 
  144    -48.00000          284          734      0.47151 
  145    -49.00000          215          652      0.44291 
  146    -50.00000          153          601      0.39788 
  147    -51.00000          111          541      0.34049 
  148    -52.00000           85          490      0.29565 
  149    -53.00000           54          389      0.24379 
  150    -54.00000           25          294      0.15674 
  151    -55.00000            2          191      0.02073 
  152    -56.00000            0          114      0.00000 
  153    -57.00000            0           41      0.00000 
  154    -58.00000            0            1      0.00000 
  155    -59.00000            0            0      0.00000 
  156    -60.00000            0            0      0.00000 
  157    -61.00000            0            0      0.00000 
  158    -62.00000            0            0      0.00000 
  159    -63.00000            0            0      0.00000 
  160    -64.00000            0            0      0.00000 
  161    -65.00000            0            0      0.00000 
  162    -66.00000            0            0      0.00000 
  163    -67.00000            0            0      0.00000 
  164    -68.00000            0            0      0.00000 
  165    -69.00000            0            0      0.00000 
  166    -70.00000            0            0      0.00000 
  167    -71.00000            0            0      0.00000 
  168    -72.00000            0            0      0.00000 
  169    -73.00000            0            0      0.00000 
  170    -74.00000            0            0      0.00000 
  171    -75.00000            0            0      0.00000 
  172    -76.00000            0            0      0.00000 
  173    -77.00000            0            0      0.00000 
  174    -78.00000            0            0      0.00000 
  175    -79.00000            0            0      0.00000 
  176    -80.00000            0            0      0.00000 
  177    -81.00000            0            0      0.00000 
  178    -82.00000            0            0      0.00000 
  179    -83.00000            0            0      0.00000 
  180    -84.00000            0            0      0.00000 
  181    -85.00000            0            0      0.00000 
  182    -86.00000            0            0      0.00000 
  183    -87.00000            0            0      0.00000 
  184    -88.00000            0            0      0.00000 
  185    -89.00000            0            0      0.00000 
  186    -90.00000            0            0      0.00000 
  187    -91.00000            0            0      0.00000 
  188    -92.00000            0            0      0.00000 
  189    -93.00000            0            0      0.00000 
  190    -94.00000            0            0      0.00000 
  191    -95.00000            0            0      0.00000 
  192    -96.00000            0            0      0.00000 
  193    -97.00000            0            0      0.00000 
  194    -98.00000            0            0      0.00000 
