# 3dSliceNDice -insetA 9m_2min_m5_binary+orig -insetB 9m_4min_m5_binary+orig -prefix 9m_2min_4min_m5
    0     96.00000            0            0      0.00000 
    1     95.00000            0            0      0.00000 
    2     94.00000            0            0      0.00000 
    3     93.00000            0            0      0.00000 
    4     92.00000            0            0      0.00000 
    5     91.00000            0            0      0.00000 
    6     90.00000            0            0      0.00000 
    7     89.00000            0            0      0.00000 
    8     88.00000            0            0      0.00000 
    9     87.00000            0            0      0.00000 
   10     86.00000            0            0      0.00000 
   11     85.00000            0            0      0.00000 
   12     84.00000            0            0      0.00000 
   13     83.00000            0            0      0.00000 
   14     82.00000            0            0      0.00000 
   15     81.00000            0            0      0.00000 
   16     80.00000            0            0      0.00000 
   17     79.00000            0            0      0.00000 
   18     78.00000            0            0      0.00000 
   19     77.00000            0            0      0.00000 
   20     76.00000            0            0      0.00000 
   21     75.00000            0            0      0.00000 
   22     74.00000            0            0      0.00000 
   23     73.00000            0            0      0.00000 
   24     72.00000            0            0      0.00000 
   25     71.00000            0            0      0.00000 
   26     70.00000            0            0      0.00000 
   27     69.00000            0            0      0.00000 
   28     68.00000            0            0      0.00000 
   29     67.00000            0            0      0.00000 
   30     66.00000            0            0      0.00000 
   31     65.00000            0            0      0.00000 
   32     64.00000            0            0      0.00000 
   33     63.00000            0            0      0.00000 
   34     62.00000            0            0      0.00000 
   35     61.00000            0            0      0.00000 
   36     60.00000            0            0      0.00000 
   37     59.00000            0            0      0.00000 
   38     58.00000            0            0      0.00000 
   39     57.00000            0            0      0.00000 
   40     56.00000            0            0      0.00000 
   41     55.00000            0            0      0.00000 
   42     54.00000            0            0      0.00000 
   43     53.00000            0            0      0.00000 
   44     52.00000            0            0      0.00000 
   45     51.00000            0            0      0.00000 
   46     50.00000            0            0      0.00000 
   47     49.00000            0            0      0.00000 
   48     48.00000            0            0      0.00000 
   49     47.00000            0            0      0.00000 
   50     46.00000            0            0      0.00000 
   51     45.00000            0            0      0.00000 
   52     44.00000            0           43      0.00000 
   53     43.00000            0           79      0.00000 
   54     42.00000           24          121      0.33103 
   55     41.00000           85          163      0.68548 
   56     40.00000          156          237      0.79389 
   57     39.00000          215          288      0.85487 
   58     38.00000          269          335      0.89073 
   59     37.00000          331          382      0.92847 
   60     36.00000          391          427      0.95599 
   61     35.00000          479          513      0.96573 
   62     34.00000          555          578      0.97793 
   63     33.00000          609          620      0.98454 
   64     32.00000          672          668      0.98358 
   65     31.00000          725          691      0.97316 
   66     30.00000          789          724      0.95704 
   67     29.00000          848          752      0.94000 
   68     28.00000          907          775      0.92152 
   69     27.00000         1026         1096      0.78417 
   70     26.00000         1139         1323      0.75955 
   71     25.00000         1243         1490      0.75668 
   72     24.00000         1316         1631      0.76485 
   73     23.00000         1371         1735      0.76948 
   74     22.00000         1462         1857      0.78518 
   75     21.00000         1529         1921      0.80000 
   76     20.00000         1608         2009      0.81062 
   77     19.00000         1675         2061      0.81692 
   78     18.00000         1725         2106      0.82328 
   79     17.00000         2097         2434      0.83558 
   80     16.00000         2320         2613      0.84330 
   81     15.00000         2516         2751      0.84868 
   82     14.00000         2639         2845      0.85485 
   83     13.00000         2748         2936      0.85961 
   84     12.00000         2843         3032      0.86945 
   85     11.00000         2881         3085      0.87529 
   86     10.00000         2951         3151      0.87873 
   87      9.00000         2959         3158      0.87788 
   88      8.00000         2985         3197      0.87221 
   89      7.00000         2984         3234      0.86587 
   90      6.00000         2921         3212      0.85929 
   91      5.00000         2850         3204      0.84836 
   92      4.00000         2722         3156      0.83260 
   93      3.00000         2577         3126      0.81045 
   94      2.00000         2454         3058      0.79644 
   95      1.00000         2380         2956      0.79273 
   96      0.00000         2332         2872      0.78862 
   97     -1.00000         2304         2785      0.79112 
   98     -2.00000         2315         2742      0.79375 
   99     -3.00000         2269         2631      0.79837 
  100     -4.00000         2225         2524      0.80480 
  101     -5.00000         2128         2374      0.81208 
  102     -6.00000         1982         2180      0.82653 
  103     -7.00000         1803         1983      0.83677 
  104     -8.00000         1605         1819      0.83703 
  105     -9.00000         1537         1716      0.85091 
  106    -10.00000         1454         1579      0.86449 
  107    -11.00000         1380         1517      0.86227 
  108    -12.00000         1294         1417      0.86241 
  109    -13.00000         1177         1319      0.85176 
  110    -14.00000         1160         1339      0.84594 
  111    -15.00000         1149         1380      0.83986 
  112    -16.00000         1128         1398      0.83769 
  113    -17.00000         1125         1429      0.83555 
  114    -18.00000         1208         1509      0.85020 
  115    -19.00000         1293         1585      0.86101 
  116    -20.00000         1348         1647      0.85476 
  117    -21.00000         1382         1677      0.84145 
  118    -22.00000         1419         1698      0.82836 
  119    -23.00000         1453         1761      0.81145 
  120    -24.00000         1457         1841      0.80230 
  121    -25.00000         1466         1916      0.79007 
  122    -26.00000         1435         1920      0.77496 
  123    -27.00000         1419         1925      0.76555 
  124    -28.00000         1381         1913      0.76321 
  125    -29.00000         1340         1875      0.76205 
  126    -30.00000         1308         1842      0.77333 
  127    -31.00000         1257         1777      0.78181 
  128    -32.00000         1220         1740      0.79054 
  129    -33.00000         1185         1698      0.79292 
  130    -34.00000         1145         1640      0.79210 
  131    -35.00000         1105         1578      0.79538 
  132    -36.00000         1023         1473      0.78446 
  133    -37.00000          983         1394      0.79007 
  134    -38.00000          916         1285      0.79055 
  135    -39.00000          846         1179      0.79111 
  136    -40.00000          758         1050      0.79204 
  137    -41.00000          629          879      0.78515 
  138    -42.00000          538          684      0.81342 
  139    -43.00000          503          531      0.81044 
  140    -44.00000          545          544      0.81726 
  141    -45.00000          563          537      0.82364 
  142    -46.00000          552          508      0.82264 
  143    -47.00000          518          446      0.81535 
  144    -48.00000          468          379      0.83589 
  145    -49.00000          494          407      0.84795 
  146    -50.00000          518          435      0.85834 
  147    -51.00000          474          443      0.90949 
  148    -52.00000          439          444      0.94677 
  149    -53.00000          386          404      0.96456 
  150    -54.00000          290          311      0.96506 
  151    -55.00000          201          221      0.95261 
  152    -56.00000          140          158      0.93960 
  153    -57.00000           84           90      0.96552 
  154    -58.00000           13           13      1.00000 
  155    -59.00000            0            0      0.00000 
  156    -60.00000            0            0      0.00000 
  157    -61.00000            0            0      0.00000 
  158    -62.00000            0            0      0.00000 
  159    -63.00000            0            0      0.00000 
  160    -64.00000            0            0      0.00000 
  161    -65.00000            0            0      0.00000 
  162    -66.00000            0            0      0.00000 
  163    -67.00000            0            0      0.00000 
  164    -68.00000            0            0      0.00000 
  165    -69.00000            0            0      0.00000 
  166    -70.00000            0            0      0.00000 
  167    -71.00000            0            0      0.00000 
  168    -72.00000            0            0      0.00000 
  169    -73.00000            0            0      0.00000 
  170    -74.00000            0            0      0.00000 
  171    -75.00000            0            0      0.00000 
  172    -76.00000            0            0      0.00000 
  173    -77.00000            0            0      0.00000 
  174    -78.00000            0            0      0.00000 
  175    -79.00000            0            0      0.00000 
  176    -80.00000            0            0      0.00000 
  177    -81.00000            0            0      0.00000 
  178    -82.00000            0            0      0.00000 
  179    -83.00000            0            0      0.00000 
  180    -84.00000            0            0      0.00000 
  181    -85.00000            0            0      0.00000 
  182    -86.00000            0            0      0.00000 
  183    -87.00000            0            0      0.00000 
  184    -88.00000            0            0      0.00000 
  185    -89.00000            0            0      0.00000 
  186    -90.00000            0            0      0.00000 
  187    -91.00000            0            0      0.00000 
  188    -92.00000            0            0      0.00000 
  189    -93.00000            0            0      0.00000 
  190    -94.00000            0            0      0.00000 
  191    -95.00000            0            0      0.00000 
  192    -96.00000            0            0      0.00000 
  193    -97.00000            0            0      0.00000 
  194    -98.00000            0            0      0.00000 
