# 3dSliceNDice -insetA 9m_2min_m3_binary+orig -insetB 9m_3min_m3_binary+orig -prefix 9m_2min_3min_m3
    0    134.00000            0            0      0.00000 
    1    133.00000            0            0      0.00000 
    2    132.00000            0            0      0.00000 
    3    131.00000            0            0      0.00000 
    4    130.00000            0            0      0.00000 
    5    129.00000            0            0      0.00000 
    6    128.00000            0            0      0.00000 
    7    127.00000            0            0      0.00000 
    8    126.00000            0            0      0.00000 
    9    125.00000            0            0      0.00000 
   10    124.00000            0            0      0.00000 
   11    123.00000            0            0      0.00000 
   12    122.00000            0            0      0.00000 
   13    121.00000            0            0      0.00000 
   14    120.00000            0            0      0.00000 
   15    119.00000            0            0      0.00000 
   16    118.00000            0            0      0.00000 
   17    117.00000            0            0      0.00000 
   18    116.00000            0            0      0.00000 
   19    115.00000            0            0      0.00000 
   20    114.00000            0            0      0.00000 
   21    113.00000            0            0      0.00000 
   22    112.00000            0            0      0.00000 
   23    111.00000            0            0      0.00000 
   24    110.00000            0            0      0.00000 
   25    109.00000            0            0      0.00000 
   26    108.00000            0            0      0.00000 
   27    107.00000            0            0      0.00000 
   28    106.00000            0            0      0.00000 
   29    105.00000            0            0      0.00000 
   30    104.00000            0            0      0.00000 
   31    103.00000            0            0      0.00000 
   32    102.00000            0            0      0.00000 
   33    101.00000            0            0      0.00000 
   34    100.00000            0            0      0.00000 
   35     99.00000            0            0      0.00000 
   36     98.00000            0            0      0.00000 
   37     97.00000            0            0      0.00000 
   38     96.00000            0            0      0.00000 
   39     95.00000            0            0      0.00000 
   40     94.00000            0            0      0.00000 
   41     93.00000            0            0      0.00000 
   42     92.00000            0            0      0.00000 
   43     91.00000            0            0      0.00000 
   44     90.00000            0            0      0.00000 
   45     89.00000            0            0      0.00000 
   46     88.00000            0            0      0.00000 
   47     87.00000            0            0      0.00000 
   48     86.00000            0            0      0.00000 
   49     85.00000            0            0      0.00000 
   50     84.00000            0            0      0.00000 
   51     83.00000            0            0      0.00000 
   52     82.00000            0            0      0.00000 
   53     81.00000            0            0      0.00000 
   54     80.00000            0            0      0.00000 
   55     79.00000            0            0      0.00000 
   56     78.00000            0            0      0.00000 
   57     77.00000            0            0      0.00000 
   58     76.00000            0            0      0.00000 
   59     75.00000            0            0      0.00000 
   60     74.00000            0            0      0.00000 
   61     73.00000            0            0      0.00000 
   62     72.00000           10           32      0.47619 
   63     71.00000           39           84      0.63415 
   64     70.00000           88          162      0.66400 
   65     69.00000          130          224      0.69492 
   66     68.00000          169          271      0.70909 
   67     67.00000          287          394      0.76946 
   68     66.00000          427          528      0.82513 
   69     65.00000          571          670      0.87188 
   70     64.00000          707          795      0.90679 
   71     63.00000          831          913      0.93234 
   72     62.00000          961         1031      0.95683 
   73     61.00000         1066         1119      0.96934 
   74     60.00000         1208         1253      0.97928 
   75     59.00000         1296         1335      0.97377 
   76     58.00000         1370         1411      0.97087 
   77     57.00000         1461         1560      0.95333 
   78     56.00000         1518         1683      0.92784 
   79     55.00000         1605         1811      0.91569 
   80     54.00000         1681         1906      0.90215 
   81     53.00000         1743         1989      0.89068 
   82     52.00000         2011         2179      0.86778 
   83     51.00000         2319         2300      0.87508 
   84     50.00000         2500         2390      0.87935 
   85     49.00000         2603         2455      0.87979 
   86     48.00000         2708         2533      0.88037 
   87     47.00000         2782         2588      0.88156 
   88     46.00000         2814         2639      0.88905 
   89     45.00000         2854         2720      0.89989 
   90     44.00000         2827         2731      0.90932 
   91     43.00000         2770         2681      0.91029 
   92     42.00000         2669         2559      0.90627 
   93     41.00000         2706         2628      0.91114 
   94     40.00000         2773         2727      0.91745 
   95     39.00000         2793         2770      0.92145 
   96     38.00000         2796         2804      0.93071 
   97     37.00000         2804         2849      0.94357 
   98     36.00000         2831         2871      0.94248 
   99     35.00000         2894         2914      0.94215 
  100     34.00000         2918         2895      0.94306 
  101     33.00000         2962         2908      0.94412 
  102     32.00000         2993         2885      0.94658 
  103     31.00000         2983         2821      0.94866 
  104     30.00000         2990         2801      0.95251 
  105     29.00000         2970         2767      0.95346 
  106     28.00000         2953         2738      0.95308 
  107     27.00000         2893         2683      0.95337 
  108     26.00000         2803         2603      0.95376 
  109     25.00000         2733         2544      0.95471 
  110     24.00000         2633         2465      0.95135 
  111     23.00000         2533         2393      0.94803 
  112     22.00000         2425         2322      0.94628 
  113     21.00000         2313         2240      0.94663 
  114     20.00000         2167         2133      0.94651 
  115     19.00000         2025         2034      0.95393 
  116     18.00000         1928         1951      0.96262 
  117     17.00000         1833         1851      0.96797 
  118     16.00000         1759         1771      0.97280 
  119     15.00000         1683         1690      0.98073 
  120     14.00000         1601         1592      0.99092 
  121     13.00000         1556         1534      0.98317 
  122     12.00000         1523         1516      0.96940 
  123     11.00000         1502         1508      0.95814 
  124     10.00000         1453         1463      0.94856 
  125      9.00000         1356         1374      0.93700 
  126      8.00000         1260         1287      0.93129 
  127      7.00000         1120         1163      0.91984 
  128      6.00000          979         1027      0.91226 
  129      5.00000          892          941      0.90998 
  130      4.00000          765          809      0.90470 
  131      3.00000          623          623      0.87801 
  132      2.00000          531          334      0.70289 
  133      1.00000          498          305      0.72229 
  134      0.00000          460          279      0.75507 
  135     -1.00000          392          238      0.75556 
  136     -2.00000          299          211      0.82745 
  137     -3.00000          343          318      0.96218 
  138     -4.00000          451          449      0.99778 
  139     -5.00000          535          535      1.00000 
  140     -6.00000          587          587      1.00000 
  141     -7.00000          620          620      1.00000 
  142     -8.00000          683          651      0.97601 
  143     -9.00000          741          643      0.92919 
  144    -10.00000          809          645      0.88721 
  145    -11.00000          858          636      0.85141 
  146    -12.00000          893          622      0.82112 
  147    -13.00000          930          611      0.79299 
  148    -14.00000          915          585      0.78000 
  149    -15.00000          921          559      0.75541 
  150    -16.00000          919          557      0.75474 
  151    -17.00000          914          555      0.75562 
  152    -18.00000          899          547      0.75657 
  153    -19.00000          858          525      0.75922 
  154    -20.00000          825          501      0.75566 
  155    -21.00000          764          468      0.75974 
  156    -22.00000          720          447      0.76607 
  157    -23.00000          637          402      0.77382 
  158    -24.00000          572          366      0.78038 
  159    -25.00000          483          317      0.79250 
  160    -26.00000          369          257      0.82109 
  161    -27.00000          269          190      0.82789 
  162    -28.00000          148          129      0.93141 
  163    -29.00000          117          101      0.92661 
  164    -30.00000           77           66      0.92308 
  165    -31.00000           36           30      0.90909 
  166    -32.00000            1            1      1.00000 
  167    -33.00000            0            0      0.00000 
  168    -34.00000            0            0      0.00000 
  169    -35.00000            0            0      0.00000 
  170    -36.00000            0            0      0.00000 
  171    -37.00000            0            0      0.00000 
  172    -38.00000            0            0      0.00000 
  173    -39.00000            0            0      0.00000 
  174    -40.00000            0            0      0.00000 
  175    -41.00000            0            0      0.00000 
  176    -42.00000            0            0      0.00000 
  177    -43.00000            0            0      0.00000 
  178    -44.00000            0            0      0.00000 
  179    -45.00000            0            0      0.00000 
  180    -46.00000            0            0      0.00000 
  181    -47.00000            0            0      0.00000 
  182    -48.00000            0            0      0.00000 
  183    -49.00000            0            0      0.00000 
  184    -50.00000            0            0      0.00000 
  185    -51.00000            0            0      0.00000 
  186    -52.00000            0            0      0.00000 
  187    -53.00000            0            0      0.00000 
  188    -54.00000            0            0      0.00000 
  189    -55.00000            0            0      0.00000 
  190    -56.00000            0            0      0.00000 
  191    -57.00000            0            0      0.00000 
  192    -58.00000            0            0      0.00000 
  193    -59.00000            0            0      0.00000 
  194    -60.00000            0            0      0.00000 
  195    -61.00000            0            0      0.00000 
  196    -62.00000            0            0      0.00000 
  197    -63.00000            0            0      0.00000 
  198    -64.00000            0            0      0.00000 
  199    -65.00000            0            0      0.00000 
  200    -66.00000            0            0      0.00000 
  201    -67.00000            0            0      0.00000 
  202    -68.00000            0            0      0.00000 
  203    -69.00000            0            0      0.00000 
  204    -70.00000            0            0      0.00000 
  205    -71.00000            0            0      0.00000 
  206    -72.00000            0            0      0.00000 
  207    -73.00000            0            0      0.00000 
  208    -74.00000            0            0      0.00000 
  209    -75.00000            0            0      0.00000 
  210    -76.00000            0            0      0.00000 
  211    -77.00000            0            0      0.00000 
  212    -78.00000            0            0      0.00000 
  213    -79.00000            0            0      0.00000 
  214    -80.00000            0            0      0.00000 
  215    -81.00000            0            0      0.00000 
  216    -82.00000            0            0      0.00000 
  217    -83.00000            0            0      0.00000 
  218    -84.00000            0            0      0.00000 
  219    -85.00000            0            0      0.00000 
  220    -86.00000            0            0      0.00000 
  221    -87.00000            0            0      0.00000 
  222    -88.00000            0            0      0.00000 
  223    -89.00000            0            0      0.00000 
  224    -90.00000            0            0      0.00000 
  225    -91.00000            0            0      0.00000 
  226    -92.00000            0            0      0.00000 
  227    -93.00000            0            0      0.00000 
  228    -94.00000            0            0      0.00000 
  229    -95.00000            0            0      0.00000 
  230    -96.00000            0            0      0.00000 
  231    -97.00000            0            0      0.00000 
  232    -98.00000            0            0      0.00000 
