# 3dSliceNDice -insetA 9m_2min_m2_binary+orig -insetB 9m_5min_m2_binary+orig -prefix 9m_2min_5min_m2
    0    -72.00000            0            0      0.00000 
    1    -71.00000            0            0      0.00000 
    2    -70.00000            0            0      0.00000 
    3    -69.00000            0            0      0.00000 
    4    -68.00000            0            0      0.00000 
    5    -67.00000            0            0      0.00000 
    6    -66.00000            0            0      0.00000 
    7    -65.00000            0            0      0.00000 
    8    -64.00000            0            0      0.00000 
    9    -63.00000            0            0      0.00000 
   10    -62.00000            0            0      0.00000 
   11    -61.00000            0            0      0.00000 
   12    -60.00000            0            0      0.00000 
   13    -59.00000            0            0      0.00000 
   14    -58.00000            0            0      0.00000 
   15    -57.00000            0            0      0.00000 
   16    -56.00000            0            0      0.00000 
   17    -55.00000            0            0      0.00000 
   18    -54.00000            0            0      0.00000 
   19    -53.00000            0            0      0.00000 
   20    -52.00000            0            0      0.00000 
   21    -51.00000            6            6      1.00000 
   22    -50.00000          137          137      1.00000 
   23    -49.00000          681          681      1.00000 
   24    -48.00000         1101         1101      1.00000 
   25    -47.00000         1342         1342      1.00000 
   26    -46.00000         1600         1600      1.00000 
   27    -45.00000         1862         1862      1.00000 
   28    -44.00000         2076         2076      1.00000 
   29    -43.00000         2295         2287      0.99825 
   30    -42.00000         2469         2464      0.99655 
   31    -41.00000         2587         2583      0.99420 
   32    -40.00000         2692         2684      0.99293 
   33    -39.00000         2773         2738      0.98966 
   34    -38.00000         2838         2789      0.98454 
   35    -37.00000         2889         2805      0.97998 
   36    -36.00000         2948         2829      0.97455 
   37    -35.00000         2975         2826      0.97018 
   38    -34.00000         2966         2795      0.96580 
   39    -33.00000         2954         2781      0.96495 
   40    -32.00000         2916         2741      0.96270 
   41    -31.00000         2872         2697      0.96103 
   42    -30.00000         2807         2628      0.95823 
   43    -29.00000         2705         2524      0.95353 
   44    -28.00000         2663         2519      0.95716 
   45    -27.00000         2634         2542      0.96329 
   46    -26.00000         2661         2587      0.96380 
   47    -25.00000         2601         2556      0.96645 
   48    -24.00000         2474         2452      0.97036 
   49    -23.00000         2379         2363      0.97469 
   50    -22.00000         2284         2267      0.97122 
   51    -21.00000         2205         2193      0.96726 
   52    -20.00000         2104         2098      0.96002 
   53    -19.00000         1961         1982      0.95207 
   54    -18.00000         1804         1864      0.93075 
   55    -17.00000         1682         1773      0.91404 
   56    -16.00000         1589         1748      0.89901 
   57    -15.00000         1501         1740      0.87998 
   58    -14.00000         1372         1716      0.84780 
   59    -13.00000         1189         1659      0.79284 
   60    -12.00000          991         1569      0.71953 
   61    -11.00000          907         1514      0.70219 
   62    -10.00000          799         1453      0.67229 
   63     -9.00000          648         1342      0.62613 
   64     -8.00000          404         1156      0.51154 
   65     -7.00000            0          852      0.00000 
   66     -6.00000            0          833      0.00000 
   67     -5.00000            0          797      0.00000 
   68     -4.00000            0          719      0.00000 
   69     -3.00000            0          578      0.00000 
   70     -2.00000           88          530      0.10356 
   71     -1.00000          188          651      0.20977 
   72      0.00000          268          752      0.27451 
   73      1.00000          328          814      0.31524 
   74      2.00000          376          870      0.34671 
   75      3.00000          475          947      0.42053 
   76      4.00000          534          998      0.49608 
   77      5.00000          604         1047      0.54028 
   78      6.00000          646         1059      0.57713 
   79      7.00000          681         1071      0.60274 
   80      8.00000          717         1103      0.62857 
   81      9.00000          726         1133      0.62507 
   82     10.00000          742         1167      0.64013 
   83     11.00000          747         1157      0.64706 
   84     12.00000          750         1146      0.64979 
   85     13.00000          751         1116      0.66095 
   86     14.00000          739         1083      0.66740 
   87     15.00000          725         1036      0.67462 
   88     16.00000          704          936      0.67805 
   89     17.00000          688          843      0.70542 
   90     18.00000          649          725      0.70306 
   91     19.00000          608          667      0.68706 
   92     20.00000          560          596      0.65398 
   93     21.00000          491          491      0.59674 
   94     22.00000          387          337      0.43923 
   95     23.00000          216          150      0.00000 
   96     24.00000          180          124      0.00000 
   97     25.00000          140           98      0.00000 
   98     26.00000           88           67      0.00000 
   99     27.00000           32           29      0.00000 
  100     28.00000            0            0      0.00000 
  101     29.00000            0            0      0.00000 
  102     30.00000            0            0      0.00000 
  103     31.00000            0            0      0.00000 
  104     32.00000            0            0      0.00000 
  105     33.00000            0            0      0.00000 
  106     34.00000            0            0      0.00000 
  107     35.00000            0            0      0.00000 
  108     36.00000            0            0      0.00000 
  109     37.00000            0            0      0.00000 
  110     38.00000            0            0      0.00000 
  111     39.00000            0            0      0.00000 
  112     40.00000            0            0      0.00000 
  113     41.00000            0            0      0.00000 
  114     42.00000            0            0      0.00000 
  115     43.00000            0            0      0.00000 
  116     44.00000            0            0      0.00000 
  117     45.00000            0            0      0.00000 
  118     46.00000            0            0      0.00000 
  119     47.00000            0            0      0.00000 
  120     48.00000            0            0      0.00000 
  121     49.00000            0            0      0.00000 
  122     50.00000            0            0      0.00000 
  123     51.00000            0            0      0.00000 
  124     52.00000            0            0      0.00000 
  125     53.00000            0            0      0.00000 
  126     54.00000            0            0      0.00000 
  127     55.00000            0            0      0.00000 
  128     56.00000            0            0      0.00000 
  129     57.00000            0            0      0.00000 
  130     58.00000            0            0      0.00000 
  131     59.00000            0            0      0.00000 
  132     60.00000            0            0      0.00000 
  133     61.00000            0            0      0.00000 
  134     62.00000            0            0      0.00000 
  135     63.00000            0            0      0.00000 
  136     64.00000            0            0      0.00000 
  137     65.00000            0            0      0.00000 
  138     66.00000            0            0      0.00000 
  139     67.00000            0            0      0.00000 
  140     68.00000            0            0      0.00000 
  141     69.00000            0            0      0.00000 
  142     70.00000            0            0      0.00000 
  143     71.00000            0            0      0.00000 
  144     72.00000            0            0      0.00000 
  145     73.00000            0            0      0.00000 
  146     74.00000            0            0      0.00000 
  147     75.00000            0            0      0.00000 
  148     76.00000            0            0      0.00000 
  149     77.00000            0            0      0.00000 
  150     78.00000            0            0      0.00000 
  151     79.00000            0            0      0.00000 
  152     80.00000            0            0      0.00000 
  153     81.00000            0            0      0.00000 
  154     82.00000            0            0      0.00000 
  155     83.00000            0            0      0.00000 
  156     84.00000            0            0      0.00000 
  157     85.00000            0            0      0.00000 
  158     86.00000            0            0      0.00000 
