# 3dSliceNDice -insetA 9m_2min_m2_binary+orig -insetB 9m_3min_m2_binary+orig -prefix 9m_2min_3min_m2
    0    -72.00000            0            0      0.00000 
    1    -71.00000            0            0      0.00000 
    2    -70.00000            0            0      0.00000 
    3    -69.00000            0            0      0.00000 
    4    -68.00000            0            0      0.00000 
    5    -67.00000            0            0      0.00000 
    6    -66.00000            0            0      0.00000 
    7    -65.00000            0            0      0.00000 
    8    -64.00000            0            0      0.00000 
    9    -63.00000            0            0      0.00000 
   10    -62.00000            0            0      0.00000 
   11    -61.00000            0            0      0.00000 
   12    -60.00000            0            0      0.00000 
   13    -59.00000            0            0      0.00000 
   14    -58.00000            0            0      0.00000 
   15    -57.00000            0            0      0.00000 
   16    -56.00000            0            0      0.00000 
   17    -55.00000            0            0      0.00000 
   18    -54.00000            0            0      0.00000 
   19    -53.00000            0            0      0.00000 
   20    -52.00000            0            0      0.00000 
   21    -51.00000            6            6      1.00000 
   22    -50.00000          137          137      1.00000 
   23    -49.00000          681          681      1.00000 
   24    -48.00000         1101         1101      1.00000 
   25    -47.00000         1342         1342      1.00000 
   26    -46.00000         1600         1600      1.00000 
   27    -45.00000         1862         1858      0.99892 
   28    -44.00000         2076         2061      0.99637 
   29    -43.00000         2295         2267      0.99386 
   30    -42.00000         2469         2429      0.99183 
   31    -41.00000         2587         2537      0.99024 
   32    -40.00000         2692         2639      0.99006 
   33    -39.00000         2773         2708      0.98668 
   34    -38.00000         2838         2762      0.98500 
   35    -37.00000         2889         2797      0.98206 
   36    -36.00000         2948         2841      0.97772 
   37    -35.00000         2975         2866      0.97483 
   38    -34.00000         2966         2880      0.97468 
   39    -33.00000         2954         2896      0.97197 
   40    -32.00000         2916         2882      0.97137 
   41    -31.00000         2872         2850      0.96994 
   42    -30.00000         2807         2802      0.96880 
   43    -29.00000         2705         2736      0.96343 
   44    -28.00000         2663         2711      0.95608 
   45    -27.00000         2634         2662      0.95733 
   46    -26.00000         2661         2676      0.95709 
   47    -25.00000         2601         2609      0.95893 
   48    -24.00000         2474         2478      0.96325 
   49    -23.00000         2379         2367      0.96882 
   50    -22.00000         2284         2256      0.97225 
   51    -21.00000         2205         2177      0.96805 
   52    -20.00000         2104         2078      0.96174 
   53    -19.00000         1961         1932      0.95299 
   54    -18.00000         1804         1791      0.93741 
   55    -17.00000         1682         1669      0.93226 
   56    -16.00000         1589         1578      0.93148 
   57    -15.00000         1501         1477      0.92747 
   58    -14.00000         1372         1344      0.91532 
   59    -13.00000         1189         1175      0.87310 
   60    -12.00000          991          981      0.79716 
   61    -11.00000          907          897      0.78492 
   62    -10.00000          799          792      0.76681 
   63     -9.00000          648          648      0.72994 
   64     -8.00000          404          424      0.61836 
   65     -7.00000            0           32      0.00000 
   66     -6.00000            0           88      0.00000 
   67     -5.00000            0          140      0.00000 
   68     -4.00000            0          180      0.00000 
   69     -3.00000            0          216      0.00000 
   70     -2.00000           88          348      0.27523 
   71     -1.00000          188          483      0.41133 
   72      0.00000          268          591      0.47497 
   73      1.00000          328          655      0.51679 
   74      2.00000          376          712      0.54412 
   75      3.00000          475          879      0.63220 
   76      4.00000          534         1015      0.65462 
   77      5.00000          604         1138      0.66246 
   78      6.00000          646         1198      0.67245 
   79      7.00000          681         1245      0.68120 
   80      8.00000          717         1284      0.69165 
   81      9.00000          726         1271      0.70305 
   82     10.00000          742         1279      0.71153 
   83     11.00000          747         1238      0.72343 
   84     12.00000          750         1188      0.74510 
   85     13.00000          751         1159      0.75707 
   86     14.00000          739         1140      0.75572 
   87     15.00000          725         1113      0.75843 
   88     16.00000          704         1057      0.77115 
   89     17.00000          688         1012      0.77647 
   90     18.00000          649          929      0.79594 
   91     19.00000          608          843      0.81323 
   92     20.00000          560          747      0.84009 
   93     21.00000          491          616      0.87805 
   94     22.00000          387          434      0.94275 
   95     23.00000          216          216      1.00000 
   96     24.00000          180          180      1.00000 
   97     25.00000          140          140      1.00000 
   98     26.00000           88           88      1.00000 
   99     27.00000           32           32      1.00000 
  100     28.00000            0            0      0.00000 
  101     29.00000            0            0      0.00000 
  102     30.00000            0            0      0.00000 
  103     31.00000            0            0      0.00000 
  104     32.00000            0            0      0.00000 
  105     33.00000            0            0      0.00000 
  106     34.00000            0            0      0.00000 
  107     35.00000            0            0      0.00000 
  108     36.00000            0            0      0.00000 
  109     37.00000            0            0      0.00000 
  110     38.00000            0            0      0.00000 
  111     39.00000            0            0      0.00000 
  112     40.00000            0            0      0.00000 
  113     41.00000            0            0      0.00000 
  114     42.00000            0            0      0.00000 
  115     43.00000            0            0      0.00000 
  116     44.00000            0            0      0.00000 
  117     45.00000            0            0      0.00000 
  118     46.00000            0            0      0.00000 
  119     47.00000            0            0      0.00000 
  120     48.00000            0            0      0.00000 
  121     49.00000            0            0      0.00000 
  122     50.00000            0            0      0.00000 
  123     51.00000            0            0      0.00000 
  124     52.00000            0            0      0.00000 
  125     53.00000            0            0      0.00000 
  126     54.00000            0            0      0.00000 
  127     55.00000            0            0      0.00000 
  128     56.00000            0            0      0.00000 
  129     57.00000            0            0      0.00000 
  130     58.00000            0            0      0.00000 
  131     59.00000            0            0      0.00000 
  132     60.00000            0            0      0.00000 
  133     61.00000            0            0      0.00000 
  134     62.00000            0            0      0.00000 
  135     63.00000            0            0      0.00000 
  136     64.00000            0            0      0.00000 
  137     65.00000            0            0      0.00000 
  138     66.00000            0            0      0.00000 
  139     67.00000            0            0      0.00000 
  140     68.00000            0            0      0.00000 
  141     69.00000            0            0      0.00000 
  142     70.00000            0            0      0.00000 
  143     71.00000            0            0      0.00000 
  144     72.00000            0            0      0.00000 
  145     73.00000            0            0      0.00000 
  146     74.00000            0            0      0.00000 
  147     75.00000            0            0      0.00000 
  148     76.00000            0            0      0.00000 
  149     77.00000            0            0      0.00000 
  150     78.00000            0            0      0.00000 
  151     79.00000            0            0      0.00000 
  152     80.00000            0            0      0.00000 
  153     81.00000            0            0      0.00000 
  154     82.00000            0            0      0.00000 
  155     83.00000            0            0      0.00000 
  156     84.00000            0            0      0.00000 
  157     85.00000            0            0      0.00000 
  158     86.00000            0            0      0.00000 
