# 3dSliceNDice -insetA 9m_2min_m5_binary+orig -insetB 9m_5min_m5_binary+orig -prefix 9m_2min_5min_m5
    0    134.00000            0            0      0.00000 
    1    133.00000            0            0      0.00000 
    2    132.00000            0            0      0.00000 
    3    131.00000            0            0      0.00000 
    4    130.00000            0            0      0.00000 
    5    129.00000            0            0      0.00000 
    6    128.00000            0            0      0.00000 
    7    127.00000            0            0      0.00000 
    8    126.00000            0            0      0.00000 
    9    125.00000            0            0      0.00000 
   10    124.00000            0            0      0.00000 
   11    123.00000            0            0      0.00000 
   12    122.00000            0            0      0.00000 
   13    121.00000            0            0      0.00000 
   14    120.00000            0            0      0.00000 
   15    119.00000            0            0      0.00000 
   16    118.00000            0            0      0.00000 
   17    117.00000            0            0      0.00000 
   18    116.00000            0            0      0.00000 
   19    115.00000            0            0      0.00000 
   20    114.00000            0            0      0.00000 
   21    113.00000            0            0      0.00000 
   22    112.00000            0            0      0.00000 
   23    111.00000            0            0      0.00000 
   24    110.00000            0            0      0.00000 
   25    109.00000            0            0      0.00000 
   26    108.00000            0            0      0.00000 
   27    107.00000            0            0      0.00000 
   28    106.00000            0            0      0.00000 
   29    105.00000            0            0      0.00000 
   30    104.00000            0            0      0.00000 
   31    103.00000            0            0      0.00000 
   32    102.00000            0            0      0.00000 
   33    101.00000            0            0      0.00000 
   34    100.00000            0            0      0.00000 
   35     99.00000            0            0      0.00000 
   36     98.00000            0            0      0.00000 
   37     97.00000            0            0      0.00000 
   38     96.00000            0            0      0.00000 
   39     95.00000            0            0      0.00000 
   40     94.00000            0            0      0.00000 
   41     93.00000            0            0      0.00000 
   42     92.00000            0            0      0.00000 
   43     91.00000            0            0      0.00000 
   44     90.00000            0            0      0.00000 
   45     89.00000            0            0      0.00000 
   46     88.00000            0            0      0.00000 
   47     87.00000            0            0      0.00000 
   48     86.00000            0            0      0.00000 
   49     85.00000            0            0      0.00000 
   50     84.00000            0            0      0.00000 
   51     83.00000            0            0      0.00000 
   52     82.00000            0            0      0.00000 
   53     81.00000            0            0      0.00000 
   54     80.00000            0            0      0.00000 
   55     79.00000            0            0      0.00000 
   56     78.00000            0            0      0.00000 
   57     77.00000            0            0      0.00000 
   58     76.00000            0            0      0.00000 
   59     75.00000            0            0      0.00000 
   60     74.00000            0            0      0.00000 
   61     73.00000            0            0      0.00000 
   62     72.00000           32           25      0.84211 
   63     71.00000           83           92      0.77714 
   64     70.00000          143          159      0.80132 
   65     69.00000          192          214      0.82759 
   66     68.00000          230          259      0.84254 
   67     67.00000          329          328      0.82192 
   68     66.00000          414          402      0.82108 
   69     65.00000          494          475      0.83798 
   70     64.00000          558          542      0.85455 
   71     63.00000          614          613      0.86879 
   72     62.00000          845          749      0.82811 
   73     61.00000         1065          901      0.83215 
   74     60.00000         1255         1058      0.84047 
   75     59.00000         1415         1183      0.84988 
   76     58.00000         1539         1288      0.86028 
   77     57.00000         1721         1525      0.90327 
   78     56.00000         1897         1678      0.91245 
   79     55.00000         2061         1819      0.91856 
   80     54.00000         2185         1916      0.92173 
   81     53.00000         2289         2002      0.92426 
   82     52.00000         2381         2113      0.92479 
   83     51.00000         2435         2224      0.92638 
   84     50.00000         2502         2363      0.93361 
   85     49.00000         2571         2505      0.93893 
   86     48.00000         2668         2657      0.94085 
   87     47.00000         2757         2818      0.94170 
   88     46.00000         2803         2910      0.93471 
   89     45.00000         2881         3038      0.92752 
   90     44.00000         2898         3079      0.91852 
   91     43.00000         2920         3122      0.91063 
   92     42.00000         2914         3123      0.89879 
   93     41.00000         2877         3105      0.89234 
   94     40.00000         2848         3122      0.89146 
   95     39.00000         2784         3072      0.88798 
   96     38.00000         2777         3046      0.87824 
   97     37.00000         2743         3045      0.87975 
   98     36.00000         2680         2994      0.88227 
   99     35.00000         2644         2995      0.88668 
  100     34.00000         2593         2959      0.88184 
  101     33.00000         2577         2952      0.87864 
  102     32.00000         2582         3012      0.85520 
  103     31.00000         2571         3033      0.82691 
  104     30.00000         2550         3027      0.79684 
  105     29.00000         2493         2989      0.76614 
  106     28.00000         2397         2937      0.73003 
  107     27.00000         2358         3004      0.74002 
  108     26.00000         2345         2985      0.75760 
  109     25.00000         2325         2935      0.76920 
  110     24.00000         2258         2816      0.78439 
  111     23.00000         2196         2683      0.80508 
  112     22.00000         2162         2593      0.83323 
  113     21.00000         2080         2535      0.83770 
  114     20.00000         1986         2487      0.84283 
  115     19.00000         1884         2416      0.83581 
  116     18.00000         1828         2372      0.82714 
  117     17.00000         1756         2364      0.81068 
  118     16.00000         1711         2372      0.79549 
  119     15.00000         1684         2407      0.78220 
  120     14.00000         1625         2397      0.76629 
  121     13.00000         1569         2394      0.75448 
  122     12.00000         1513         2369      0.74858 
  123     11.00000         1480         2322      0.74803 
  124     10.00000         1431         2274      0.74224 
  125      9.00000         1335         2164      0.72878 
  126      8.00000         1220         2068      0.71472 
  127      7.00000         1084         1921      0.69817 
  128      6.00000          970         1792      0.69877 
  129      5.00000          928         1701      0.70597 
  130      4.00000          835         1540      0.70316 
  131      3.00000          743         1388      0.69733 
  132      2.00000          647         1198      0.70136 
  133      1.00000          603         1085      0.71445 
  134      0.00000          568          960      0.72251 
  135     -1.00000          521          795      0.73556 
  136     -2.00000          480          635      0.75695 
  137     -3.00000          435          504      0.75399 
  138     -4.00000          402          474      0.75571 
  139     -5.00000          368          438      0.74938 
  140     -6.00000          309          379      0.73547 
  141     -7.00000          242          292      0.72659 
  142     -8.00000          194          227      0.78385 
  143     -9.00000          176          237      0.77482 
  144    -10.00000          160          249      0.75306 
  145    -11.00000          131          242      0.70241 
  146    -12.00000          105          229      0.62874 
  147    -13.00000           72          206      0.51799 
  148    -14.00000           52          190      0.42975 
  149    -15.00000           40          185      0.35556 
  150    -16.00000           23          179      0.22772 
  151    -17.00000            4          162      0.04819 
  152    -18.00000            0          136      0.00000 
  153    -19.00000            0          112      0.00000 
  154    -20.00000            0           92      0.00000 
  155    -21.00000            0           61      0.00000 
  156    -22.00000            0           27      0.00000 
  157    -23.00000            0            0      0.00000 
  158    -24.00000            0            0      0.00000 
  159    -25.00000            0            0      0.00000 
  160    -26.00000            0            0      0.00000 
  161    -27.00000            0            0      0.00000 
  162    -28.00000            0            0      0.00000 
  163    -29.00000            0            0      0.00000 
  164    -30.00000            0            0      0.00000 
  165    -31.00000            0            0      0.00000 
  166    -32.00000            0            0      0.00000 
  167    -33.00000            0            0      0.00000 
  168    -34.00000            0            0      0.00000 
  169    -35.00000            0            0      0.00000 
  170    -36.00000            0            0      0.00000 
  171    -37.00000            0            0      0.00000 
  172    -38.00000            0            0      0.00000 
  173    -39.00000            0            0      0.00000 
  174    -40.00000            0            0      0.00000 
  175    -41.00000            0            0      0.00000 
  176    -42.00000            0            0      0.00000 
  177    -43.00000            0            0      0.00000 
  178    -44.00000            0            0      0.00000 
  179    -45.00000            0            0      0.00000 
  180    -46.00000            0            0      0.00000 
  181    -47.00000            0            0      0.00000 
  182    -48.00000            0            0      0.00000 
  183    -49.00000            0            0      0.00000 
  184    -50.00000            0            0      0.00000 
  185    -51.00000            0            0      0.00000 
  186    -52.00000            0            0      0.00000 
  187    -53.00000            0            0      0.00000 
  188    -54.00000            0            0      0.00000 
  189    -55.00000            0            0      0.00000 
  190    -56.00000            0            0      0.00000 
  191    -57.00000            0            0      0.00000 
  192    -58.00000            0            0      0.00000 
  193    -59.00000            0            0      0.00000 
  194    -60.00000            0            0      0.00000 
  195    -61.00000            0            0      0.00000 
  196    -62.00000            0            0      0.00000 
  197    -63.00000            0            0      0.00000 
  198    -64.00000            0            0      0.00000 
  199    -65.00000            0            0      0.00000 
  200    -66.00000            0            0      0.00000 
  201    -67.00000            0            0      0.00000 
  202    -68.00000            0            0      0.00000 
  203    -69.00000            0            0      0.00000 
  204    -70.00000            0            0      0.00000 
  205    -71.00000            0            0      0.00000 
  206    -72.00000            0            0      0.00000 
  207    -73.00000            0            0      0.00000 
  208    -74.00000            0            0      0.00000 
  209    -75.00000            0            0      0.00000 
  210    -76.00000            0            0      0.00000 
  211    -77.00000            0            0      0.00000 
  212    -78.00000            0            0      0.00000 
  213    -79.00000            0            0      0.00000 
  214    -80.00000            0            0      0.00000 
  215    -81.00000            0            0      0.00000 
  216    -82.00000            0            0      0.00000 
  217    -83.00000            0            0      0.00000 
  218    -84.00000            0            0      0.00000 
  219    -85.00000            0            0      0.00000 
  220    -86.00000            0            0      0.00000 
  221    -87.00000            0            0      0.00000 
  222    -88.00000            0            0      0.00000 
  223    -89.00000            0            0      0.00000 
  224    -90.00000            0            0      0.00000 
  225    -91.00000            0            0      0.00000 
  226    -92.00000            0            0      0.00000 
  227    -93.00000            0            0      0.00000 
  228    -94.00000            0            0      0.00000 
  229    -95.00000            0            0      0.00000 
  230    -96.00000            0            0      0.00000 
  231    -97.00000            0            0      0.00000 
  232    -98.00000            0            0      0.00000 
