# 3dSliceNDice -insetA 9m_2min_m2_binary+orig -insetB 9m_5min_m2_binary+orig -prefix 9m_2min_5min_m2
    0     96.00000            0            0      0.00000 
    1     95.00000            0            0      0.00000 
    2     94.00000            0            0      0.00000 
    3     93.00000            0            0      0.00000 
    4     92.00000            0            0      0.00000 
    5     91.00000            0            0      0.00000 
    6     90.00000            0            0      0.00000 
    7     89.00000            0            0      0.00000 
    8     88.00000            0            0      0.00000 
    9     87.00000            0            0      0.00000 
   10     86.00000            0            0      0.00000 
   11     85.00000            0            0      0.00000 
   12     84.00000            0            0      0.00000 
   13     83.00000            0            0      0.00000 
   14     82.00000            0            0      0.00000 
   15     81.00000            0            0      0.00000 
   16     80.00000            0            0      0.00000 
   17     79.00000            0            0      0.00000 
   18     78.00000            0            0      0.00000 
   19     77.00000            0            0      0.00000 
   20     76.00000            0            0      0.00000 
   21     75.00000            0            0      0.00000 
   22     74.00000            0            0      0.00000 
   23     73.00000            0            0      0.00000 
   24     72.00000            0            0      0.00000 
   25     71.00000            0            0      0.00000 
   26     70.00000            0            0      0.00000 
   27     69.00000            0            0      0.00000 
   28     68.00000            0            0      0.00000 
   29     67.00000            0            0      0.00000 
   30     66.00000            0            0      0.00000 
   31     65.00000            0            0      0.00000 
   32     64.00000            0            0      0.00000 
   33     63.00000            0            0      0.00000 
   34     62.00000            0            0      0.00000 
   35     61.00000            0            0      0.00000 
   36     60.00000            0            0      0.00000 
   37     59.00000            0            0      0.00000 
   38     58.00000            0            0      0.00000 
   39     57.00000            0            0      0.00000 
   40     56.00000            0            0      0.00000 
   41     55.00000            0            0      0.00000 
   42     54.00000            0           15      0.00000 
   43     53.00000            0           80      0.00000 
   44     52.00000            0          146      0.00000 
   45     51.00000            0          188      0.00000 
   46     50.00000            0          230      0.00000 
   47     49.00000            0          269      0.00000 
   48     48.00000            0          279      0.00000 
   49     47.00000            0          297      0.00000 
   50     46.00000            0          297      0.00000 
   51     45.00000            0          297      0.00000 
   52     44.00000            7          276      0.00000 
   53     43.00000           23          256      0.00000 
   54     42.00000           57          240      0.16162 
   55     41.00000          114          265      0.44855 
   56     40.00000          185          296      0.64865 
   57     39.00000          237          303      0.79630 
   58     38.00000          285          301      0.91809 
   59     37.00000          337          331      0.99102 
   60     36.00000          391          386      0.99357 
   61     35.00000          476          466      0.98301 
   62     34.00000          546          530      0.96840 
   63     33.00000          597          576      0.96164 
   64     32.00000          666          629      0.95598 
   65     31.00000          733          670      0.94227 
   66     30.00000          811          730      0.94225 
   67     29.00000          873          781      0.94317 
   68     28.00000          928          833      0.94492 
   69     27.00000          989          888      0.94619 
   70     26.00000         1026          947      0.95489 
   71     25.00000         1077         1004      0.95435 
   72     24.00000         1119         1052      0.95256 
   73     23.00000         1144         1086      0.95336 
   74     22.00000         1180         1158      0.94525 
   75     21.00000         1235         1213      0.93627 
   76     20.00000         1301         1270      0.93271 
   77     19.00000         1359         1303      0.92637 
   78     18.00000         1398         1321      0.91946 
   79     17.00000         1438         1364      0.92220 
   80     16.00000         1452         1401      0.92885 
   81     15.00000         1490         1458      0.93555 
   82     14.00000         1506         1494      0.94067 
   83     13.00000         1531         1536      0.94425 
   84     12.00000         1547         1580      0.94340 
   85     11.00000         1550         1619      0.93279 
   86     10.00000         1553         1646      0.92529 
   87      9.00000         1575         1684      0.92298 
   88      8.00000         1610         1737      0.92202 
   89      7.00000         1656         1811      0.91837 
   90      6.00000         1666         1834      0.91543 
   91      5.00000         1666         1858      0.90976 
   92      4.00000         1647         1849      0.91133 
   93      3.00000         1617         1829      0.90946 
   94      2.00000         1568         1796      0.90785 
   95      1.00000         1525         1765      0.90699 
   96      0.00000         1519         1760      0.90881 
   97     -1.00000         1516         1745      0.91567 
   98     -2.00000         1518         1742      0.92086 
   99     -3.00000         1516         1720      0.92892 
  100     -4.00000         1523         1724      0.93255 
  101     -5.00000         1495         1684      0.93866 
  102     -6.00000         1463         1638      0.94357 
  103     -7.00000         1432         1592      0.94709 
  104     -8.00000         1395         1550      0.94737 
  105     -9.00000         1371         1520      0.94846 
  106    -10.00000         1349         1488      0.95100 
  107    -11.00000         1335         1463      0.94925 
  108    -12.00000         1339         1439      0.94960 
  109    -13.00000         1316         1413      0.94980 
  110    -14.00000         1283         1393      0.95291 
  111    -15.00000         1260         1377      0.95563 
  112    -16.00000         1228         1343      0.95527 
  113    -17.00000         1218         1332      0.95529 
  114    -18.00000         1197         1391      0.92504 
  115    -19.00000         1172         1467      0.88822 
  116    -20.00000         1142         1504      0.86243 
  117    -21.00000         1102         1504      0.84114 
  118    -22.00000         1060         1502      0.81577 
  119    -23.00000         1035         1527      0.79625 
  120    -24.00000         1005         1532      0.78281 
  121    -25.00000          967         1536      0.76628 
  122    -26.00000          905         1475      0.75630 
  123    -27.00000          862         1435      0.75054 
  124    -28.00000          919         1436      0.70913 
  125    -29.00000          981         1466      0.68410 
  126    -30.00000         1010         1480      0.66827 
  127    -31.00000         1005         1444      0.65251 
  128    -32.00000         1009         1404      0.63904 
  129    -33.00000         1017         1349      0.63567 
  130    -34.00000         1003         1279      0.63365 
  131    -35.00000          992         1191      0.62941 
  132    -36.00000          923         1048      0.62100 
  133    -37.00000          873          971      0.60629 
  134    -38.00000          816          889      0.60059 
  135    -39.00000          749          794      0.58717 
  136    -40.00000          682          716      0.58941 
  137    -41.00000          600          636      0.61003 
  138    -42.00000          534          568      0.65880 
  139    -43.00000          499          528      0.74391 
  140    -44.00000          466          483      0.82824 
  141    -45.00000          446          470      0.90175 
  142    -46.00000          460          462      0.94143 
  143    -47.00000          492          477      0.93705 
  144    -48.00000          524          502      0.91618 
  145    -49.00000          538          508      0.90440 
  146    -50.00000          558          521      0.88601 
  147    -51.00000          558          521      0.87674 
  148    -52.00000          558          522      0.87037 
  149    -53.00000          546          512      0.85822 
  150    -54.00000          528          497      0.84683 
  151    -55.00000          504          477      0.83384 
  152    -56.00000          478          450      0.81466 
  153    -57.00000          427          407      0.81295 
  154    -58.00000          223          266      0.87526 
  155    -59.00000           39           51      0.86667 
  156    -60.00000            0            0      0.00000 
  157    -61.00000            0            0      0.00000 
  158    -62.00000            0            0      0.00000 
  159    -63.00000            0            0      0.00000 
  160    -64.00000            0            0      0.00000 
  161    -65.00000            0            0      0.00000 
  162    -66.00000            0            0      0.00000 
  163    -67.00000            0            0      0.00000 
  164    -68.00000            0            0      0.00000 
  165    -69.00000            0            0      0.00000 
  166    -70.00000            0            0      0.00000 
  167    -71.00000            0            0      0.00000 
  168    -72.00000            0            0      0.00000 
  169    -73.00000            0            0      0.00000 
  170    -74.00000            0            0      0.00000 
  171    -75.00000            0            0      0.00000 
  172    -76.00000            0            0      0.00000 
  173    -77.00000            0            0      0.00000 
  174    -78.00000            0            0      0.00000 
  175    -79.00000            0            0      0.00000 
  176    -80.00000            0            0      0.00000 
  177    -81.00000            0            0      0.00000 
  178    -82.00000            0            0      0.00000 
  179    -83.00000            0            0      0.00000 
  180    -84.00000            0            0      0.00000 
  181    -85.00000            0            0      0.00000 
  182    -86.00000            0            0      0.00000 
  183    -87.00000            0            0      0.00000 
  184    -88.00000            0            0      0.00000 
  185    -89.00000            0            0      0.00000 
  186    -90.00000            0            0      0.00000 
  187    -91.00000            0            0      0.00000 
  188    -92.00000            0            0      0.00000 
  189    -93.00000            0            0      0.00000 
  190    -94.00000            0            0      0.00000 
  191    -95.00000            0            0      0.00000 
  192    -96.00000            0            0      0.00000 
  193    -97.00000            0            0      0.00000 
  194    -98.00000            0            0      0.00000 
