# 3dSliceNDice -insetA 9m_2min_m1_binary+orig -insetB 9m_5min_m1_binary+orig -prefix 9m_2min_5min_m1
    0     96.00000            0            0      0.00000 
    1     95.00000            0            0      0.00000 
    2     94.00000            0            0      0.00000 
    3     93.00000            0            0      0.00000 
    4     92.00000            0            0      0.00000 
    5     91.00000            0            0      0.00000 
    6     90.00000            0            0      0.00000 
    7     89.00000            0            0      0.00000 
    8     88.00000            0            0      0.00000 
    9     87.00000            0            0      0.00000 
   10     86.00000            0            0      0.00000 
   11     85.00000            0            0      0.00000 
   12     84.00000            0            0      0.00000 
   13     83.00000            0            0      0.00000 
   14     82.00000            0            0      0.00000 
   15     81.00000            0            0      0.00000 
   16     80.00000            0            0      0.00000 
   17     79.00000            0            0      0.00000 
   18     78.00000            0            0      0.00000 
   19     77.00000            0            0      0.00000 
   20     76.00000            0            0      0.00000 
   21     75.00000            0            0      0.00000 
   22     74.00000            0            0      0.00000 
   23     73.00000            0            0      0.00000 
   24     72.00000            0            0      0.00000 
   25     71.00000            0            0      0.00000 
   26     70.00000            0            0      0.00000 
   27     69.00000            0            0      0.00000 
   28     68.00000            0            0      0.00000 
   29     67.00000            0            0      0.00000 
   30     66.00000            0            0      0.00000 
   31     65.00000            0            0      0.00000 
   32     64.00000            0            0      0.00000 
   33     63.00000            0            0      0.00000 
   34     62.00000            0            0      0.00000 
   35     61.00000            0            0      0.00000 
   36     60.00000            0            0      0.00000 
   37     59.00000            0            0      0.00000 
   38     58.00000            0            0      0.00000 
   39     57.00000           23            0      0.00000 
   40     56.00000          108            0      0.00000 
   41     55.00000          170            8      0.08989 
   42     54.00000          229           17      0.13821 
   43     53.00000          300           48      0.27586 
   44     52.00000          338           85      0.40189 
   45     51.00000          401          114      0.44272 
   46     50.00000          446          152      0.49164 
   47     49.00000          483          215      0.50716 
   48     48.00000          517          286      0.50809 
   49     47.00000          539          349      0.51126 
   50     46.00000          548          398      0.50740 
   51     45.00000          598          480      0.51763 
   52     44.00000          680          584      0.53797 
   53     43.00000          788          713      0.59027 
   54     42.00000          895          867      0.63110 
   55     41.00000         1045         1049      0.66762 
   56     40.00000         1182         1213      0.69144 
   57     39.00000         1241         1280      0.70369 
   58     38.00000         1313         1382      0.71466 
   59     37.00000         1380         1461      0.71735 
   60     36.00000         1459         1526      0.73099 
   61     35.00000         1564         1622      0.74451 
   62     34.00000         1649         1671      0.76265 
   63     33.00000         1742         1722      0.77771 
   64     32.00000         2017         2064      0.79784 
   65     31.00000         2195         2252      0.80729 
   66     30.00000         2330         2402      0.82122 
   67     29.00000         2416         2516      0.83658 
   68     28.00000         2467         2607      0.84943 
   69     27.00000         2527         2692      0.86147 
   70     26.00000         2628         2758      0.86595 
   71     25.00000         2746         2830      0.86693 
   72     24.00000         2860         2894      0.87174 
   73     23.00000         2995         2981      0.87617 
   74     22.00000         3098         3061      0.87936 
   75     21.00000         3150         3098      0.88188 
   76     20.00000         3192         3123      0.88456 
   77     19.00000         3223         3148      0.89374 
   78     18.00000         3253         3181      0.90146 
   79     17.00000         3248         3181      0.90652 
   80     16.00000         3240         3151      0.90252 
   81     15.00000         3275         3132      0.89496 
   82     14.00000         3251         3092      0.88728 
   83     13.00000         3186         3050      0.88133 
   84     12.00000         3087         2963      0.88099 
   85     11.00000         2992         2927      0.88461 
   86     10.00000         2869         2848      0.88613 
   87      9.00000         2675         2723      0.88996 
   88      8.00000         2435         2497      0.90227 
   89      7.00000         2226         2103      0.95542 
   90      6.00000         2176         2046      0.95926 
   91      5.00000         2151         2017      0.96065 
   92      4.00000         2081         1928      0.94887 
   93      3.00000         2021         1840      0.93395 
   94      2.00000         1939         1770      0.92909 
   95      1.00000         1816         1689      0.93238 
   96      0.00000         1741         1656      0.93494 
   97     -1.00000         1761         1705      0.94057 
   98     -2.00000         1844         1814      0.94533 
   99     -3.00000         2005         2000      0.93633 
  100     -4.00000         2170         2221      0.92462 
  101     -5.00000         2320         2389      0.91145 
  102     -6.00000         2427         2518      0.90435 
  103     -7.00000         2530         2644      0.89988 
  104     -8.00000         2580         2766      0.88515 
  105     -9.00000         2626         2887      0.87176 
  106    -10.00000         2668         2990      0.85825 
  107    -11.00000         2651         3043      0.85072 
  108    -12.00000         2689         3117      0.84878 
  109    -13.00000         2713         3199      0.85047 
  110    -14.00000         2730         3241      0.85580 
  111    -15.00000         2784         3292      0.86932 
  112    -16.00000         2839         3327      0.87480 
  113    -17.00000         2876         3368      0.88213 
  114    -18.00000         2909         3407      0.88885 
  115    -19.00000         2909         3369      0.89646 
  116    -20.00000         2921         3369      0.90397 
  117    -21.00000         2889         3313      0.89906 
  118    -22.00000         2868         3285      0.89550 
  119    -23.00000         2830         3209      0.89253 
  120    -24.00000         2799         3141      0.89663 
  121    -25.00000         2775         3059      0.90298 
  122    -26.00000         2733         2920      0.90748 
  123    -27.00000         2719         2756      0.91507 
  124    -28.00000         2648         2541      0.91848 
  125    -29.00000         2573         2443      0.91667 
  126    -30.00000         2518         2353      0.91521 
  127    -31.00000         2411         2190      0.91024 
  128    -32.00000         2314         2068      0.90507 
  129    -33.00000         2228         1939      0.89513 
  130    -34.00000         2144         1824      0.88256 
  131    -35.00000         2039         1699      0.86677 
  132    -36.00000         1927         1558      0.85509 
  133    -37.00000         1748         1408      0.85298 
  134    -38.00000         1602         1272      0.84830 
  135    -39.00000         1567         1193      0.83333 
  136    -40.00000         1522         1109      0.81186 
  137    -41.00000         1419         1013      0.79276 
  138    -42.00000         1311          910      0.78073 
  139    -43.00000         1256          846      0.76213 
  140    -44.00000         1223          806      0.75012 
  141    -45.00000         1155          758      0.73288 
  142    -46.00000         1028          665      0.70644 
  143    -47.00000          904          570      0.67571 
  144    -48.00000          812          507      0.68537 
  145    -49.00000          733          484      0.72309 
  146    -50.00000          664          468      0.78445 
  147    -51.00000          580          437      0.83972 
  148    -52.00000          523          416      0.88605 
  149    -53.00000          498          416      0.91028 
  150    -54.00000          488          408      0.91071 
  151    -55.00000          474          394      0.90783 
  152    -56.00000          448          356      0.88557 
  153    -57.00000          398          303      0.86448 
  154    -58.00000          226          165      0.84399 
  155    -59.00000           39           26      0.80000 
  156    -60.00000            0            0      0.00000 
  157    -61.00000            0            0      0.00000 
  158    -62.00000            0            0      0.00000 
  159    -63.00000            0            0      0.00000 
  160    -64.00000            0            0      0.00000 
  161    -65.00000            0            0      0.00000 
  162    -66.00000            0            0      0.00000 
  163    -67.00000            0            0      0.00000 
  164    -68.00000            0            0      0.00000 
  165    -69.00000            0            0      0.00000 
  166    -70.00000            0            0      0.00000 
  167    -71.00000            0            0      0.00000 
  168    -72.00000            0            0      0.00000 
  169    -73.00000            0            0      0.00000 
  170    -74.00000            0            0      0.00000 
  171    -75.00000            0            0      0.00000 
  172    -76.00000            0            0      0.00000 
  173    -77.00000            0            0      0.00000 
  174    -78.00000            0            0      0.00000 
  175    -79.00000            0            0      0.00000 
  176    -80.00000            0            0      0.00000 
  177    -81.00000            0            0      0.00000 
  178    -82.00000            0            0      0.00000 
  179    -83.00000            0            0      0.00000 
  180    -84.00000            0            0      0.00000 
  181    -85.00000            0            0      0.00000 
  182    -86.00000            0            0      0.00000 
  183    -87.00000            0            0      0.00000 
  184    -88.00000            0            0      0.00000 
  185    -89.00000            0            0      0.00000 
  186    -90.00000            0            0      0.00000 
  187    -91.00000            0            0      0.00000 
  188    -92.00000            0            0      0.00000 
  189    -93.00000            0            0      0.00000 
  190    -94.00000            0            0      0.00000 
  191    -95.00000            0            0      0.00000 
  192    -96.00000            0            0      0.00000 
  193    -97.00000            0            0      0.00000 
  194    -98.00000            0            0      0.00000 
