# 3dSliceNDice -insetA 9m_2min_m5_binary+orig -insetB 9m_5min_m5_binary+orig -prefix 9m_2min_5min_m5
    0     96.00000            0            0      0.00000 
    1     95.00000            0            0      0.00000 
    2     94.00000            0            0      0.00000 
    3     93.00000            0            0      0.00000 
    4     92.00000            0            0      0.00000 
    5     91.00000            0            0      0.00000 
    6     90.00000            0            0      0.00000 
    7     89.00000            0            0      0.00000 
    8     88.00000            0            0      0.00000 
    9     87.00000            0            0      0.00000 
   10     86.00000            0            0      0.00000 
   11     85.00000            0            0      0.00000 
   12     84.00000            0            0      0.00000 
   13     83.00000            0            0      0.00000 
   14     82.00000            0            0      0.00000 
   15     81.00000            0            0      0.00000 
   16     80.00000            0            0      0.00000 
   17     79.00000            0            0      0.00000 
   18     78.00000            0            0      0.00000 
   19     77.00000            0            0      0.00000 
   20     76.00000            0            0      0.00000 
   21     75.00000            0            0      0.00000 
   22     74.00000            0            0      0.00000 
   23     73.00000            0            0      0.00000 
   24     72.00000            0            0      0.00000 
   25     71.00000            0            0      0.00000 
   26     70.00000            0            0      0.00000 
   27     69.00000            0            0      0.00000 
   28     68.00000            0            0      0.00000 
   29     67.00000            0            0      0.00000 
   30     66.00000            0            0      0.00000 
   31     65.00000            0            0      0.00000 
   32     64.00000            0            0      0.00000 
   33     63.00000            0            0      0.00000 
   34     62.00000            0            0      0.00000 
   35     61.00000            0            0      0.00000 
   36     60.00000            0            0      0.00000 
   37     59.00000            0            0      0.00000 
   38     58.00000            0            0      0.00000 
   39     57.00000            0            0      0.00000 
   40     56.00000            0            0      0.00000 
   41     55.00000            0            0      0.00000 
   42     54.00000            0            0      0.00000 
   43     53.00000            0            0      0.00000 
   44     52.00000            0            0      0.00000 
   45     51.00000            0            0      0.00000 
   46     50.00000            0            0      0.00000 
   47     49.00000            0            0      0.00000 
   48     48.00000            0            0      0.00000 
   49     47.00000            0            0      0.00000 
   50     46.00000            0            0      0.00000 
   51     45.00000            0            0      0.00000 
   52     44.00000            0           32      0.00000 
   53     43.00000            0           58      0.00000 
   54     42.00000           24           90      0.42105 
   55     41.00000           85          134      0.77626 
   56     40.00000          156          202      0.87151 
   57     39.00000          215          250      0.92473 
   58     38.00000          269          295      0.95390 
   59     37.00000          331          342      0.98366 
   60     36.00000          391          391      1.00000 
   61     35.00000          479          477      0.99791 
   62     34.00000          555          548      0.99365 
   63     33.00000          609          598      0.99089 
   64     32.00000          672          654      0.98643 
   65     31.00000          725          690      0.97527 
   66     30.00000          789          744      0.97065 
   67     29.00000          848          785      0.96142 
   68     28.00000          907          830      0.95567 
   69     27.00000         1026         1147      0.85688 
   70     26.00000         1139         1377      0.82591 
   71     25.00000         1243         1539      0.81452 
   72     24.00000         1316         1664      0.81074 
   73     23.00000         1371         1760      0.80996 
   74     22.00000         1462         1870      0.81873 
   75     21.00000         1529         1919      0.82889 
   76     20.00000         1608         2003      0.83855 
   77     19.00000         1675         2048      0.84341 
   78     18.00000         1725         2085      0.84672 
   79     17.00000         2097         2297      0.83705 
   80     16.00000         2320         2431      0.83561 
   81     15.00000         2516         2550      0.83656 
   82     14.00000         2639         2626      0.83951 
   83     13.00000         2748         2707      0.84400 
   84     12.00000         2843         2785      0.85181 
   85     11.00000         2881         2847      0.86313 
   86     10.00000         2951         2947      0.87521 
   87      9.00000         2959         3022      0.88413 
   88      8.00000         2985         3104      0.88980 
   89      7.00000         2984         3191      0.89134 
   90      6.00000         2921         3209      0.89038 
   91      5.00000         2850         3224      0.88607 
   92      4.00000         2722         3192      0.87521 
   93      3.00000         2577         3170      0.85958 
   94      2.00000         2454         3105      0.85087 
   95      1.00000         2380         3000      0.85056 
   96      0.00000         2332         2919      0.85050 
   97     -1.00000         2304         2842      0.85542 
   98     -2.00000         2315         2819      0.85781 
   99     -3.00000         2269         2731      0.86240 
  100     -4.00000         2225         2647      0.86823 
  101     -5.00000         2128         2502      0.87430 
  102     -6.00000         1982         2286      0.87957 
  103     -7.00000         1803         1975      0.88248 
  104     -8.00000         1605         1722      0.89570 
  105     -9.00000         1537         1689      0.88345 
  106    -10.00000         1454         1620      0.87183 
  107    -11.00000         1380         1532      0.86813 
  108    -12.00000         1294         1430      0.86784 
  109    -13.00000         1177         1344      0.86315 
  110    -14.00000         1160         1346      0.85395 
  111    -15.00000         1149         1359      0.84450 
  112    -16.00000         1128         1362      0.84659 
  113    -17.00000         1125         1374      0.84674 
  114    -18.00000         1208         1533      0.79460 
  115    -19.00000         1293         1672      0.77504 
  116    -20.00000         1348         1774      0.76361 
  117    -21.00000         1382         1838      0.75714 
  118    -22.00000         1419         1894      0.75702 
  119    -23.00000         1453         1949      0.75132 
  120    -24.00000         1457         1969      0.74956 
  121    -25.00000         1466         2027      0.73919 
  122    -26.00000         1435         2001      0.73225 
  123    -27.00000         1419         1961      0.72604 
  124    -28.00000         1381         1920      0.72221 
  125    -29.00000         1340         1869      0.71486 
  126    -30.00000         1308         1821      0.71652 
  127    -31.00000         1257         1745      0.73151 
  128    -32.00000         1220         1691      0.73720 
  129    -33.00000         1185         1613      0.74339 
  130    -34.00000         1145         1532      0.74561 
  131    -35.00000         1105         1441      0.75334 
  132    -36.00000         1023         1290      0.76783 
  133    -37.00000          983         1182      0.78430 
  134    -38.00000          916         1099      0.79801 
  135    -39.00000          846         1054      0.79053 
  136    -40.00000          758          998      0.78588 
  137    -41.00000          629          904      0.76973 
  138    -42.00000          538          820      0.76141 
  139    -43.00000          503          761      0.75000 
  140    -44.00000          545          771      0.78267 
  141    -45.00000          563          788      0.79349 
  142    -46.00000          552          763      0.78935 
  143    -47.00000          518          728      0.77368 
  144    -48.00000          468          684      0.73438 
  145    -49.00000          494          674      0.76027 
  146    -50.00000          518          602      0.82321 
  147    -51.00000          474          530      0.82271 
  148    -52.00000          439          492      0.83781 
  149    -53.00000          386          426      0.85222 
  150    -54.00000          290          329      0.86591 
  151    -55.00000          201          232      0.89145 
  152    -56.00000          140          149      0.95502 
  153    -57.00000           84           84      1.00000 
  154    -58.00000           13           13      1.00000 
  155    -59.00000            0            0      0.00000 
  156    -60.00000            0            0      0.00000 
  157    -61.00000            0            0      0.00000 
  158    -62.00000            0            0      0.00000 
  159    -63.00000            0            0      0.00000 
  160    -64.00000            0            0      0.00000 
  161    -65.00000            0            0      0.00000 
  162    -66.00000            0            0      0.00000 
  163    -67.00000            0            0      0.00000 
  164    -68.00000            0            0      0.00000 
  165    -69.00000            0            0      0.00000 
  166    -70.00000            0            0      0.00000 
  167    -71.00000            0            0      0.00000 
  168    -72.00000            0            0      0.00000 
  169    -73.00000            0            0      0.00000 
  170    -74.00000            0            0      0.00000 
  171    -75.00000            0            0      0.00000 
  172    -76.00000            0            0      0.00000 
  173    -77.00000            0            0      0.00000 
  174    -78.00000            0            0      0.00000 
  175    -79.00000            0            0      0.00000 
  176    -80.00000            0            0      0.00000 
  177    -81.00000            0            0      0.00000 
  178    -82.00000            0            0      0.00000 
  179    -83.00000            0            0      0.00000 
  180    -84.00000            0            0      0.00000 
  181    -85.00000            0            0      0.00000 
  182    -86.00000            0            0      0.00000 
  183    -87.00000            0            0      0.00000 
  184    -88.00000            0            0      0.00000 
  185    -89.00000            0            0      0.00000 
  186    -90.00000            0            0      0.00000 
  187    -91.00000            0            0      0.00000 
  188    -92.00000            0            0      0.00000 
  189    -93.00000            0            0      0.00000 
  190    -94.00000            0            0      0.00000 
  191    -95.00000            0            0      0.00000 
  192    -96.00000            0            0      0.00000 
  193    -97.00000            0            0      0.00000 
  194    -98.00000            0            0      0.00000 
