# 3dSliceNDice -insetA 9m_2min_m3_binary+orig -insetB 9m_3min_m3_binary+orig -prefix 9m_2min_3min_m3
    0     96.00000            0            0      0.00000 
    1     95.00000            0            0      0.00000 
    2     94.00000            0            0      0.00000 
    3     93.00000            0            0      0.00000 
    4     92.00000            0            0      0.00000 
    5     91.00000            0            0      0.00000 
    6     90.00000            0            0      0.00000 
    7     89.00000            0            0      0.00000 
    8     88.00000            0            0      0.00000 
    9     87.00000            0            0      0.00000 
   10     86.00000            0            0      0.00000 
   11     85.00000            0            0      0.00000 
   12     84.00000            0            0      0.00000 
   13     83.00000            0            0      0.00000 
   14     82.00000            0            0      0.00000 
   15     81.00000            0            0      0.00000 
   16     80.00000            0            0      0.00000 
   17     79.00000            0            0      0.00000 
   18     78.00000            0            0      0.00000 
   19     77.00000            0            0      0.00000 
   20     76.00000            0            0      0.00000 
   21     75.00000            0            0      0.00000 
   22     74.00000            0            0      0.00000 
   23     73.00000            0            0      0.00000 
   24     72.00000            0            0      0.00000 
   25     71.00000            0            0      0.00000 
   26     70.00000            0            0      0.00000 
   27     69.00000            0            0      0.00000 
   28     68.00000            0            0      0.00000 
   29     67.00000            0            0      0.00000 
   30     66.00000            0            0      0.00000 
   31     65.00000            0            0      0.00000 
   32     64.00000            0            0      0.00000 
   33     63.00000            0            0      0.00000 
   34     62.00000            0            0      0.00000 
   35     61.00000            0            0      0.00000 
   36     60.00000            0            0      0.00000 
   37     59.00000            0            0      0.00000 
   38     58.00000            0            0      0.00000 
   39     57.00000            0            0      0.00000 
   40     56.00000            0            0      0.00000 
   41     55.00000            0            0      0.00000 
   42     54.00000            0            0      0.00000 
   43     53.00000            0            0      0.00000 
   44     52.00000            0            0      0.00000 
   45     51.00000            0            0      0.00000 
   46     50.00000            0            0      0.00000 
   47     49.00000            0            0      0.00000 
   48     48.00000            0            0      0.00000 
   49     47.00000            0            0      0.00000 
   50     46.00000            0            0      0.00000 
   51     45.00000            0            0      0.00000 
   52     44.00000            0            0      0.00000 
   53     43.00000            0            0      0.00000 
   54     42.00000            0            0      0.00000 
   55     41.00000            0            0      0.00000 
   56     40.00000            0            0      0.00000 
   57     39.00000            0            0      0.00000 
   58     38.00000            0            0      0.00000 
   59     37.00000           60            0      0.00000 
   60     36.00000          138            0      0.00000 
   61     35.00000          204            0      0.00000 
   62     34.00000          254            0      0.00000 
   63     33.00000          296            0      0.00000 
   64     32.00000          351          179      0.33208 
   65     31.00000          400          357      0.49670 
   66     30.00000          462          490      0.56303 
   67     29.00000          501          594      0.59909 
   68     28.00000          534          675      0.62200 
   69     27.00000          821          832      0.68361 
   70     26.00000         1065          972      0.75503 
   71     25.00000         1233         1116      0.80289 
   72     24.00000         1354         1230      0.82585 
   73     23.00000         1441         1322      0.84256 
   74     22.00000         1597         1575      0.89723 
   75     21.00000         1734         1734      0.91811 
   76     20.00000         1868         1870      0.92723 
   77     19.00000         1956         1968      0.93476 
   78     18.00000         2020         2039      0.94112 
   79     17.00000         2311         2290      0.92936 
   80     16.00000         2545         2525      0.92939 
   81     15.00000         2755         2741      0.93777 
   82     14.00000         2903         2887      0.94439 
   83     13.00000         3039         3023      0.95051 
   84     12.00000         3187         3204      0.96354 
   85     11.00000         3282         3340      0.96708 
   86     10.00000         3385         3469      0.96528 
   87      9.00000         3459         3554      0.96250 
   88      8.00000         3544         3640      0.96102 
   89      7.00000         3668         3734      0.95407 
   90      6.00000         3745         3748      0.94782 
   91      5.00000         3807         3769      0.94139 
   92      4.00000         3807         3758      0.93668 
   93      3.00000         3788         3740      0.93305 
   94      2.00000         3705         3672      0.93046 
   95      1.00000         3569         3557      0.93068 
   96      0.00000         3494         3495      0.93118 
   97     -1.00000         3498         3455      0.92881 
   98     -2.00000         3576         3477      0.92330 
   99     -3.00000         3577         3409      0.92156 
  100     -4.00000         3542         3330      0.92026 
  101     -5.00000         3478         3237      0.91943 
  102     -6.00000         3340         3088      0.92315 
  103     -7.00000         3177         2915      0.91891 
  104     -8.00000         2940         2695      0.93736 
  105     -9.00000         2803         2596      0.94017 
  106    -10.00000         2635         2464      0.94371 
  107    -11.00000         2481         2278      0.93255 
  108    -12.00000         2325         2052      0.91844 
  109    -13.00000         2137         1890      0.93121 
  110    -14.00000         2112         1931      0.94286 
  111    -15.00000         2079         1911      0.94336 
  112    -16.00000         1988         1837      0.93908 
  113    -17.00000         1869         1785      0.93979 
  114    -18.00000         1738         1723      0.95406 
  115    -19.00000         1663         1650      0.95382 
  116    -20.00000         1582         1559      0.95256 
  117    -21.00000         1447         1398      0.94622 
  118    -22.00000         1290         1188      0.93543 
  119    -23.00000         1126          957      0.91887 
  120    -24.00000         1058          888      0.91264 
  121    -25.00000          963          798      0.90630 
  122    -26.00000          858          698      0.89717 
  123    -27.00000          738          591      0.88939 
  124    -28.00000          685          544      0.88527 
  125    -29.00000          692          537      0.87388 
  126    -30.00000          680          532      0.87789 
  127    -31.00000          637          496      0.87555 
  128    -32.00000          573          465      0.89595 
  129    -33.00000          548          479      0.87829 
  130    -34.00000          573          532      0.87240 
  131    -35.00000          602          580      0.87310 
  132    -36.00000          616          604      0.86885 
  133    -37.00000          628          623      0.86811 
  134    -38.00000          633          637      0.86142 
  135    -39.00000          626          628      0.86762 
  136    -40.00000          620          616      0.86893 
  137    -41.00000          608          589      0.87719 
  138    -42.00000          577          540      0.88093 
  139    -43.00000          550          496      0.89293 
  140    -44.00000          510          445      0.90052 
  141    -45.00000          471          394      0.91098 
  142    -46.00000          416          344      0.90526 
  143    -47.00000          347          289      0.90881 
  144    -48.00000          284          240      0.91603 
  145    -49.00000          215          192      0.94349 
  146    -50.00000          153          150      0.99010 
  147    -51.00000          111          111      1.00000 
  148    -52.00000           85           85      1.00000 
  149    -53.00000           54           54      1.00000 
  150    -54.00000           25           25      1.00000 
  151    -55.00000            2            2      1.00000 
  152    -56.00000            0            0      0.00000 
  153    -57.00000            0            0      0.00000 
  154    -58.00000            0            0      0.00000 
  155    -59.00000            0            0      0.00000 
  156    -60.00000            0            0      0.00000 
  157    -61.00000            0            0      0.00000 
  158    -62.00000            0            0      0.00000 
  159    -63.00000            0            0      0.00000 
  160    -64.00000            0            0      0.00000 
  161    -65.00000            0            0      0.00000 
  162    -66.00000            0            0      0.00000 
  163    -67.00000            0            0      0.00000 
  164    -68.00000            0            0      0.00000 
  165    -69.00000            0            0      0.00000 
  166    -70.00000            0            0      0.00000 
  167    -71.00000            0            0      0.00000 
  168    -72.00000            0            0      0.00000 
  169    -73.00000            0            0      0.00000 
  170    -74.00000            0            0      0.00000 
  171    -75.00000            0            0      0.00000 
  172    -76.00000            0            0      0.00000 
  173    -77.00000            0            0      0.00000 
  174    -78.00000            0            0      0.00000 
  175    -79.00000            0            0      0.00000 
  176    -80.00000            0            0      0.00000 
  177    -81.00000            0            0      0.00000 
  178    -82.00000            0            0      0.00000 
  179    -83.00000            0            0      0.00000 
  180    -84.00000            0            0      0.00000 
  181    -85.00000            0            0      0.00000 
  182    -86.00000            0            0      0.00000 
  183    -87.00000            0            0      0.00000 
  184    -88.00000            0            0      0.00000 
  185    -89.00000            0            0      0.00000 
  186    -90.00000            0            0      0.00000 
  187    -91.00000            0            0      0.00000 
  188    -92.00000            0            0      0.00000 
  189    -93.00000            0            0      0.00000 
  190    -94.00000            0            0      0.00000 
  191    -95.00000            0            0      0.00000 
  192    -96.00000            0            0      0.00000 
  193    -97.00000            0            0      0.00000 
  194    -98.00000            0            0      0.00000 
