# 3dSliceNDice -insetA 9m_2min_m3_binary+orig -insetB 9m_4min_m3_binary+orig -prefix 9m_2min_4min_m3
    0    134.00000            0            0      0.00000 
    1    133.00000            0            0      0.00000 
    2    132.00000            0            0      0.00000 
    3    131.00000            0            0      0.00000 
    4    130.00000            0            0      0.00000 
    5    129.00000            0            0      0.00000 
    6    128.00000            0            0      0.00000 
    7    127.00000            0            0      0.00000 
    8    126.00000            0            0      0.00000 
    9    125.00000            0            0      0.00000 
   10    124.00000            0            0      0.00000 
   11    123.00000            0            0      0.00000 
   12    122.00000            0            0      0.00000 
   13    121.00000            0            0      0.00000 
   14    120.00000            0            0      0.00000 
   15    119.00000            0            0      0.00000 
   16    118.00000            0            0      0.00000 
   17    117.00000            0            0      0.00000 
   18    116.00000            0            0      0.00000 
   19    115.00000            0            0      0.00000 
   20    114.00000            0            0      0.00000 
   21    113.00000            0            0      0.00000 
   22    112.00000            0            0      0.00000 
   23    111.00000            0            0      0.00000 
   24    110.00000            0            0      0.00000 
   25    109.00000            0            0      0.00000 
   26    108.00000            0            0      0.00000 
   27    107.00000            0            0      0.00000 
   28    106.00000            0            0      0.00000 
   29    105.00000            0            0      0.00000 
   30    104.00000            0            0      0.00000 
   31    103.00000            0            0      0.00000 
   32    102.00000            0            0      0.00000 
   33    101.00000            0            0      0.00000 
   34    100.00000            0            0      0.00000 
   35     99.00000            0            0      0.00000 
   36     98.00000            0            0      0.00000 
   37     97.00000            0            0      0.00000 
   38     96.00000            0            0      0.00000 
   39     95.00000            0            0      0.00000 
   40     94.00000            0            0      0.00000 
   41     93.00000            0            0      0.00000 
   42     92.00000            0            0      0.00000 
   43     91.00000            0            0      0.00000 
   44     90.00000            0            0      0.00000 
   45     89.00000            0            0      0.00000 
   46     88.00000            0            0      0.00000 
   47     87.00000            0            0      0.00000 
   48     86.00000            0            0      0.00000 
   49     85.00000            0            0      0.00000 
   50     84.00000            0            0      0.00000 
   51     83.00000            0            0      0.00000 
   52     82.00000            0            0      0.00000 
   53     81.00000            0            0      0.00000 
   54     80.00000            0            0      0.00000 
   55     79.00000            0            0      0.00000 
   56     78.00000            0            0      0.00000 
   57     77.00000            0            0      0.00000 
   58     76.00000            0            0      0.00000 
   59     75.00000            0            0      0.00000 
   60     74.00000            0            0      0.00000 
   61     73.00000            0            0      0.00000 
   62     72.00000           10           10      1.00000 
   63     71.00000           39           40      0.98734 
   64     70.00000           88           98      0.89247 
   65     69.00000          130          150      0.87857 
   66     68.00000          169          191      0.86667 
   67     67.00000          287          332      0.84653 
   68     66.00000          427          498      0.86054 
   69     65.00000          571          665      0.88188 
   70     64.00000          707          821      0.89660 
   71     63.00000          831          962      0.90909 
   72     62.00000          961         1109      0.92271 
   73     61.00000         1066         1197      0.93681 
   74     60.00000         1208         1325      0.95144 
   75     59.00000         1296         1393      0.95723 
   76     58.00000         1370         1451      0.96136 
   77     57.00000         1461         1517      0.96508 
   78     56.00000         1518         1561      0.96135 
   79     55.00000         1605         1631      0.95859 
   80     54.00000         1681         1697      0.94849 
   81     53.00000         1743         1754      0.94367 
   82     52.00000         2011         1938      0.88174 
   83     51.00000         2319         2067      0.85226 
   84     50.00000         2500         2165      0.84759 
   85     49.00000         2603         2208      0.84681 
   86     48.00000         2708         2277      0.84333 
   87     47.00000         2782         2371      0.85542 
   88     46.00000         2814         2495      0.86495 
   89     45.00000         2854         2592      0.87587 
   90     44.00000         2827         2604      0.88234 
   91     43.00000         2770         2575      0.88681 
   92     42.00000         2669         2543      0.89985 
   93     41.00000         2706         2633      0.90991 
   94     40.00000         2773         2729      0.90985 
   95     39.00000         2793         2743      0.90896 
   96     38.00000         2796         2741      0.90988 
   97     37.00000         2804         2744      0.91204 
   98     36.00000         2831         2774      0.91740 
   99     35.00000         2894         2822      0.92197 
  100     34.00000         2918         2832      0.92661 
  101     33.00000         2962         2870      0.93073 
  102     32.00000         2993         2883      0.93635 
  103     31.00000         2983         2844      0.94114 
  104     30.00000         2990         2845      0.94773 
  105     29.00000         2970         2838      0.95351 
  106     28.00000         2953         2836      0.95906 
  107     27.00000         2893         2799      0.96346 
  108     26.00000         2803         2733      0.96712 
  109     25.00000         2733         2681      0.97045 
  110     24.00000         2633         2621      0.96993 
  111     23.00000         2533         2557      0.96699 
  112     22.00000         2425         2489      0.96378 
  113     21.00000         2313         2399      0.96138 
  114     20.00000         2167         2282      0.95887 
  115     19.00000         2025         2170      0.95495 
  116     18.00000         1928         2085      0.95141 
  117     17.00000         1833         2061      0.93220 
  118     16.00000         1759         2071      0.91018 
  119     15.00000         1683         2073      0.89031 
  120     14.00000         1601         2060      0.87135 
  121     13.00000         1556         2070      0.85714 
  122     12.00000         1523         2168      0.82363 
  123     11.00000         1502         2216      0.80527 
  124     10.00000         1453         2223      0.78727 
  125      9.00000         1356         2145      0.77178 
  126      8.00000         1260         2053      0.75883 
  127      7.00000         1120         1917      0.73691 
  128      6.00000          979         1755      0.71470 
  129      5.00000          892         1655      0.69886 
  130      4.00000          765         1504      0.67431 
  131      3.00000          623         1329      0.63832 
  132      2.00000          531         1160      0.62803 
  133      1.00000          498         1073      0.63399 
  134      0.00000          460          977      0.64022 
  135     -1.00000          392          866      0.62321 
  136     -2.00000          299          737      0.57722 
  137     -3.00000          343          690      0.66409 
  138     -4.00000          451          783      0.73096 
  139     -5.00000          535          841      0.77762 
  140     -6.00000          587          857      0.81302 
  141     -7.00000          620          867      0.83389 
  142     -8.00000          683          859      0.84436 
  143     -9.00000          741          827      0.83546 
  144    -10.00000          809          801      0.83851 
  145    -11.00000          858          748      0.85430 
  146    -12.00000          893          713      0.86426 
  147    -13.00000          930          710      0.86585 
  148    -14.00000          915          698      0.86547 
  149    -15.00000          921          696      0.86085 
  150    -16.00000          919          692      0.85909 
  151    -17.00000          914          692      0.86177 
  152    -18.00000          899          684      0.86418 
  153    -19.00000          858          656      0.86658 
  154    -20.00000          825          629      0.86520 
  155    -21.00000          764          588      0.86982 
  156    -22.00000          720          554      0.86970 
  157    -23.00000          637          500      0.87951 
  158    -24.00000          572          456      0.88716 
  159    -25.00000          483          399      0.90476 
  160    -26.00000          369          322      0.93198 
  161    -27.00000          269          245      0.95331 
  162    -28.00000          148          148      1.00000 
  163    -29.00000          117          117      1.00000 
  164    -30.00000           77           77      1.00000 
  165    -31.00000           36           36      1.00000 
  166    -32.00000            1            1      1.00000 
  167    -33.00000            0            0      0.00000 
  168    -34.00000            0            0      0.00000 
  169    -35.00000            0            0      0.00000 
  170    -36.00000            0            0      0.00000 
  171    -37.00000            0            0      0.00000 
  172    -38.00000            0            0      0.00000 
  173    -39.00000            0            0      0.00000 
  174    -40.00000            0            0      0.00000 
  175    -41.00000            0            0      0.00000 
  176    -42.00000            0            0      0.00000 
  177    -43.00000            0            0      0.00000 
  178    -44.00000            0            0      0.00000 
  179    -45.00000            0            0      0.00000 
  180    -46.00000            0            0      0.00000 
  181    -47.00000            0            0      0.00000 
  182    -48.00000            0            0      0.00000 
  183    -49.00000            0            0      0.00000 
  184    -50.00000            0            0      0.00000 
  185    -51.00000            0            0      0.00000 
  186    -52.00000            0            0      0.00000 
  187    -53.00000            0            0      0.00000 
  188    -54.00000            0            0      0.00000 
  189    -55.00000            0            0      0.00000 
  190    -56.00000            0            0      0.00000 
  191    -57.00000            0            0      0.00000 
  192    -58.00000            0            0      0.00000 
  193    -59.00000            0            0      0.00000 
  194    -60.00000            0            0      0.00000 
  195    -61.00000            0            0      0.00000 
  196    -62.00000            0            0      0.00000 
  197    -63.00000            0            0      0.00000 
  198    -64.00000            0            0      0.00000 
  199    -65.00000            0            0      0.00000 
  200    -66.00000            0            0      0.00000 
  201    -67.00000            0            0      0.00000 
  202    -68.00000            0            0      0.00000 
  203    -69.00000            0            0      0.00000 
  204    -70.00000            0            0      0.00000 
  205    -71.00000            0            0      0.00000 
  206    -72.00000            0            0      0.00000 
  207    -73.00000            0            0      0.00000 
  208    -74.00000            0            0      0.00000 
  209    -75.00000            0            0      0.00000 
  210    -76.00000            0            0      0.00000 
  211    -77.00000            0            0      0.00000 
  212    -78.00000            0            0      0.00000 
  213    -79.00000            0            0      0.00000 
  214    -80.00000            0            0      0.00000 
  215    -81.00000            0            0      0.00000 
  216    -82.00000            0            0      0.00000 
  217    -83.00000            0            0      0.00000 
  218    -84.00000            0            0      0.00000 
  219    -85.00000            0            0      0.00000 
  220    -86.00000            0            0      0.00000 
  221    -87.00000            0            0      0.00000 
  222    -88.00000            0            0      0.00000 
  223    -89.00000            0            0      0.00000 
  224    -90.00000            0            0      0.00000 
  225    -91.00000            0            0      0.00000 
  226    -92.00000            0            0      0.00000 
  227    -93.00000            0            0      0.00000 
  228    -94.00000            0            0      0.00000 
  229    -95.00000            0            0      0.00000 
  230    -96.00000            0            0      0.00000 
  231    -97.00000            0            0      0.00000 
  232    -98.00000            0            0      0.00000 
