# 3dSliceNDice -insetA 9m_2min_m2_binary+orig -insetB 9m_4min_m2_binary+orig -prefix 9m_2min_4min_m2
    0    -72.00000            0            0      0.00000 
    1    -71.00000            0            0      0.00000 
    2    -70.00000            0            0      0.00000 
    3    -69.00000            0            0      0.00000 
    4    -68.00000            0            0      0.00000 
    5    -67.00000            0            0      0.00000 
    6    -66.00000            0            0      0.00000 
    7    -65.00000            0            0      0.00000 
    8    -64.00000            0            0      0.00000 
    9    -63.00000            0            0      0.00000 
   10    -62.00000            0            0      0.00000 
   11    -61.00000            0            0      0.00000 
   12    -60.00000            0            0      0.00000 
   13    -59.00000            0            0      0.00000 
   14    -58.00000            0            0      0.00000 
   15    -57.00000            0            0      0.00000 
   16    -56.00000            0            0      0.00000 
   17    -55.00000            0            0      0.00000 
   18    -54.00000            0            0      0.00000 
   19    -53.00000            0            0      0.00000 
   20    -52.00000            0            0      0.00000 
   21    -51.00000            6            6      1.00000 
   22    -50.00000          137          137      1.00000 
   23    -49.00000          681          681      1.00000 
   24    -48.00000         1101         1101      1.00000 
   25    -47.00000         1342         1342      1.00000 
   26    -46.00000         1600         1595      0.99844 
   27    -45.00000         1862         1834      0.99242 
   28    -44.00000         2076         2023      0.98707 
   29    -43.00000         2295         2208      0.98068 
   30    -42.00000         2469         2355      0.97637 
   31    -41.00000         2587         2461      0.97504 
   32    -40.00000         2692         2560      0.97487 
   33    -39.00000         2773         2624      0.97239 
   34    -38.00000         2838         2691      0.97341 
   35    -37.00000         2889         2721      0.96898 
   36    -36.00000         2948         2775      0.96453 
   37    -35.00000         2975         2797      0.95495 
   38    -34.00000         2966         2786      0.94715 
   39    -33.00000         2954         2805      0.94426 
   40    -32.00000         2916         2818      0.94384 
   41    -31.00000         2872         2814      0.94372 
   42    -30.00000         2807         2795      0.94466 
   43    -29.00000         2705         2760      0.94309 
   44    -28.00000         2663         2760      0.94671 
   45    -27.00000         2634         2721      0.94865 
   46    -26.00000         2661         2737      0.94776 
   47    -25.00000         2601         2668      0.94857 
   48    -24.00000         2474         2542      0.94817 
   49    -23.00000         2379         2411      0.95449 
   50    -22.00000         2284         2279      0.95902 
   51    -21.00000         2205         2209      0.95560 
   52    -20.00000         2104         2120      0.95028 
   53    -19.00000         1961         1994      0.94159 
   54    -18.00000         1804         1882      0.91861 
   55    -17.00000         1682         1763      0.90566 
   56    -16.00000         1589         1675      0.90135 
   57    -15.00000         1501         1592      0.89816 
   58    -14.00000         1372         1464      0.89210 
   59    -13.00000         1189         1285      0.87793 
   60    -12.00000          991         1099      0.85550 
   61    -11.00000          907         1048      0.83274 
   62    -10.00000          799          974      0.80429 
   63     -9.00000          648          864      0.75661 
   64     -8.00000          404          745      0.62315 
   65     -7.00000            0          664      0.00000 
   66     -6.00000            0          653      0.00000 
   67     -5.00000            0          626      0.00000 
   68     -4.00000            0          560      0.00000 
   69     -3.00000            0          455      0.00000 
   70     -2.00000           88          485      0.20942 
   71     -1.00000          188          628      0.33824 
   72      0.00000          268          747      0.40197 
   73      1.00000          328          821      0.44212 
   74      2.00000          376          879      0.47171 
   75      3.00000          475          990      0.55563 
   76      4.00000          534         1083      0.60359 
   77      5.00000          604         1162      0.62854 
   78      6.00000          646         1199      0.64390 
   79      7.00000          681         1223      0.65546 
   80      8.00000          717         1288      0.65835 
   81      9.00000          726         1338      0.64147 
   82     10.00000          742         1398      0.63832 
   83     11.00000          747         1401      0.64153 
   84     12.00000          750         1393      0.64302 
   85     13.00000          751         1392      0.64396 
   86     14.00000          739         1367      0.64672 
   87     15.00000          725         1332      0.64754 
   88     16.00000          704         1263      0.65684 
   89     17.00000          688         1189      0.67874 
   90     18.00000          649         1092      0.69615 
   91     19.00000          608         1007      0.71331 
   92     20.00000          560          917      0.73392 
   93     21.00000          491          790      0.75722 
   94     22.00000          387          637      0.75586 
   95     23.00000          216          396      0.70588 
   96     24.00000          180          329      0.70727 
   97     25.00000          140          257      0.70529 
   98     26.00000           88          165      0.69565 
   99     27.00000           32           62      0.68085 
  100     28.00000            0            0      0.00000 
  101     29.00000            0            0      0.00000 
  102     30.00000            0            0      0.00000 
  103     31.00000            0            0      0.00000 
  104     32.00000            0            0      0.00000 
  105     33.00000            0           32      0.00000 
  106     34.00000            0           88      0.00000 
  107     35.00000            0          140      0.00000 
  108     36.00000            0          180      0.00000 
  109     37.00000            0          216      0.00000 
  110     38.00000            0          256      0.00000 
  111     39.00000            0          274      0.00000 
  112     40.00000            0          280      0.00000 
  113     41.00000            0          265      0.00000 
  114     42.00000            0          247      0.00000 
  115     43.00000            0          207      0.00000 
  116     44.00000            0          167      0.00000 
  117     45.00000            0          136      0.00000 
  118     46.00000            0           89      0.00000 
  119     47.00000            0           40      0.00000 
  120     48.00000            0           15      0.00000 
  121     49.00000            0            0      0.00000 
  122     50.00000            0            0      0.00000 
  123     51.00000            0            0      0.00000 
  124     52.00000            0            0      0.00000 
  125     53.00000            0            0      0.00000 
  126     54.00000            0            0      0.00000 
  127     55.00000            0            0      0.00000 
  128     56.00000            0            0      0.00000 
  129     57.00000            0            0      0.00000 
  130     58.00000            0            0      0.00000 
  131     59.00000            0            0      0.00000 
  132     60.00000            0            0      0.00000 
  133     61.00000            0            0      0.00000 
  134     62.00000            0            0      0.00000 
  135     63.00000            0            0      0.00000 
  136     64.00000            0            0      0.00000 
  137     65.00000            0            0      0.00000 
  138     66.00000            0            0      0.00000 
  139     67.00000            0            0      0.00000 
  140     68.00000            0            0      0.00000 
  141     69.00000            0            0      0.00000 
  142     70.00000            0            0      0.00000 
  143     71.00000            0            0      0.00000 
  144     72.00000            0            0      0.00000 
  145     73.00000            0            0      0.00000 
  146     74.00000            0            0      0.00000 
  147     75.00000            0            0      0.00000 
  148     76.00000            0            0      0.00000 
  149     77.00000            0            0      0.00000 
  150     78.00000            0            0      0.00000 
  151     79.00000            0            0      0.00000 
  152     80.00000            0            0      0.00000 
  153     81.00000            0            0      0.00000 
  154     82.00000            0            0      0.00000 
  155     83.00000            0            0      0.00000 
  156     84.00000            0            0      0.00000 
  157     85.00000            0            0      0.00000 
  158     86.00000            0            0      0.00000 
