# 3dSliceNDice -insetA 9m_2min_m3_binary+orig -insetB 9m_4min_m3_binary+orig -prefix 9m_2min_4min_m3
    0     96.00000            0            0      0.00000 
    1     95.00000            0            0      0.00000 
    2     94.00000            0            0      0.00000 
    3     93.00000            0            0      0.00000 
    4     92.00000            0            0      0.00000 
    5     91.00000            0            0      0.00000 
    6     90.00000            0            0      0.00000 
    7     89.00000            0            0      0.00000 
    8     88.00000            0            0      0.00000 
    9     87.00000            0            0      0.00000 
   10     86.00000            0            0      0.00000 
   11     85.00000            0            0      0.00000 
   12     84.00000            0            0      0.00000 
   13     83.00000            0            0      0.00000 
   14     82.00000            0            0      0.00000 
   15     81.00000            0            0      0.00000 
   16     80.00000            0            0      0.00000 
   17     79.00000            0            0      0.00000 
   18     78.00000            0            0      0.00000 
   19     77.00000            0            0      0.00000 
   20     76.00000            0            0      0.00000 
   21     75.00000            0            0      0.00000 
   22     74.00000            0            0      0.00000 
   23     73.00000            0            0      0.00000 
   24     72.00000            0            0      0.00000 
   25     71.00000            0            0      0.00000 
   26     70.00000            0            0      0.00000 
   27     69.00000            0            0      0.00000 
   28     68.00000            0            0      0.00000 
   29     67.00000            0            0      0.00000 
   30     66.00000            0            0      0.00000 
   31     65.00000            0            0      0.00000 
   32     64.00000            0            0      0.00000 
   33     63.00000            0            0      0.00000 
   34     62.00000            0            0      0.00000 
   35     61.00000            0            0      0.00000 
   36     60.00000            0            0      0.00000 
   37     59.00000            0            0      0.00000 
   38     58.00000            0            0      0.00000 
   39     57.00000            0            0      0.00000 
   40     56.00000            0            0      0.00000 
   41     55.00000            0            0      0.00000 
   42     54.00000            0            0      0.00000 
   43     53.00000            0            0      0.00000 
   44     52.00000            0            0      0.00000 
   45     51.00000            0            0      0.00000 
   46     50.00000            0            0      0.00000 
   47     49.00000            0            0      0.00000 
   48     48.00000            0            0      0.00000 
   49     47.00000            0            0      0.00000 
   50     46.00000            0            0      0.00000 
   51     45.00000            0            0      0.00000 
   52     44.00000            0            0      0.00000 
   53     43.00000            0            0      0.00000 
   54     42.00000            0            0      0.00000 
   55     41.00000            0            0      0.00000 
   56     40.00000            0            0      0.00000 
   57     39.00000            0            0      0.00000 
   58     38.00000            0            0      0.00000 
   59     37.00000           60            0      0.00000 
   60     36.00000          138            0      0.00000 
   61     35.00000          204            0      0.00000 
   62     34.00000          254            0      0.00000 
   63     33.00000          296            0      0.00000 
   64     32.00000          351          200      0.51180 
   65     31.00000          400          393      0.64313 
   66     30.00000          462          539      0.67732 
   67     29.00000          501          648      0.69452 
   68     28.00000          534          735      0.70607 
   69     27.00000          821          946      0.79457 
   70     26.00000         1065         1155      0.83604 
   71     25.00000         1233         1349      0.86600 
   72     24.00000         1354         1491      0.88014 
   73     23.00000         1441         1591      0.89050 
   74     22.00000         1597         1759      0.90346 
   75     21.00000         1734         1896      0.91074 
   76     20.00000         1868         2034      0.92055 
   77     19.00000         1956         2113      0.92947 
   78     18.00000         2020         2163      0.93808 
   79     17.00000         2311         2430      0.92090 
   80     16.00000         2545         2629      0.92926 
   81     15.00000         2755         2825      0.93584 
   82     14.00000         2903         2963      0.93829 
   83     13.00000         3039         3091      0.94127 
   84     12.00000         3187         3247      0.95120 
   85     11.00000         3282         3338      0.96042 
   86     10.00000         3385         3441      0.96836 
   87      9.00000         3459         3510      0.97173 
   88      8.00000         3544         3582      0.97446 
   89      7.00000         3668         3659      0.97339 
   90      6.00000         3745         3657      0.96731 
   91      5.00000         3807         3658      0.96397 
   92      4.00000         3807         3641      0.96079 
   93      3.00000         3788         3620      0.95680 
   94      2.00000         3705         3548      0.95436 
   95      1.00000         3569         3431      0.95400 
   96      0.00000         3494         3370      0.95221 
   97     -1.00000         3498         3350      0.94480 
   98     -2.00000         3576         3396      0.93919 
   99     -3.00000         3577         3363      0.93285 
  100     -4.00000         3542         3304      0.92813 
  101     -5.00000         3478         3241      0.92335 
  102     -6.00000         3340         3144      0.91764 
  103     -7.00000         3177         3079      0.89994 
  104     -8.00000         2940         2995      0.88964 
  105     -9.00000         2803         2943      0.89871 
  106    -10.00000         2635         2843      0.90434 
  107    -11.00000         2481         2658      0.90134 
  108    -12.00000         2325         2425      0.91032 
  109    -13.00000         2137         2088      0.93065 
  110    -14.00000         2112         2053      0.92917 
  111    -15.00000         2079         2012      0.92838 
  112    -16.00000         1988         1922      0.92430 
  113    -17.00000         1869         1847      0.91281 
  114    -18.00000         1738         1777      0.89445 
  115    -19.00000         1663         1701      0.88942 
  116    -20.00000         1582         1619      0.88285 
  117    -21.00000         1447         1470      0.86664 
  118    -22.00000         1290         1288      0.83708 
  119    -23.00000         1126         1084      0.79638 
  120    -24.00000         1058          991      0.78575 
  121    -25.00000          963          865      0.77024 
  122    -26.00000          858          725      0.75553 
  123    -27.00000          738          530      0.73344 
  124    -28.00000          685          443      0.78546 
  125    -29.00000          692          483      0.82213 
  126    -30.00000          680          513      0.86002 
  127    -31.00000          637          526      0.89252 
  128    -32.00000          573          530      0.94651 
  129    -33.00000          548          644      0.91946 
  130    -34.00000          573          731      0.87883 
  131    -35.00000          602          797      0.86061 
  132    -36.00000          616          832      0.85083 
  133    -37.00000          628          858      0.84522 
  134    -38.00000          633          975      0.78731 
  135    -39.00000          626         1063      0.74127 
  136    -40.00000          620         1137      0.70575 
  137    -41.00000          608         1154      0.67310 
  138    -42.00000          577         1143      0.63837 
  139    -43.00000          550         1137      0.60225 
  140    -44.00000          510         1095      0.57196 
  141    -45.00000          471         1066      0.53611 
  142    -46.00000          416          994      0.49787 
  143    -47.00000          347          930      0.45576 
  144    -48.00000          284          853      0.42216 
  145    -49.00000          215          776      0.38749 
  146    -50.00000          153          700      0.35170 
  147    -51.00000          111          620      0.30369 
  148    -52.00000           85          546      0.26941 
  149    -53.00000           54          444      0.21687 
  150    -54.00000           25          338      0.13774 
  151    -55.00000            2          246      0.01613 
  152    -56.00000            0          165      0.00000 
  153    -57.00000            0           70      0.00000 
  154    -58.00000            0           12      0.00000 
  155    -59.00000            0            0      0.00000 
  156    -60.00000            0            0      0.00000 
  157    -61.00000            0            0      0.00000 
  158    -62.00000            0            0      0.00000 
  159    -63.00000            0            0      0.00000 
  160    -64.00000            0            0      0.00000 
  161    -65.00000            0            0      0.00000 
  162    -66.00000            0            0      0.00000 
  163    -67.00000            0            0      0.00000 
  164    -68.00000            0            0      0.00000 
  165    -69.00000            0            0      0.00000 
  166    -70.00000            0            0      0.00000 
  167    -71.00000            0            0      0.00000 
  168    -72.00000            0            0      0.00000 
  169    -73.00000            0            0      0.00000 
  170    -74.00000            0            0      0.00000 
  171    -75.00000            0            0      0.00000 
  172    -76.00000            0            0      0.00000 
  173    -77.00000            0            0      0.00000 
  174    -78.00000            0            0      0.00000 
  175    -79.00000            0            0      0.00000 
  176    -80.00000            0            0      0.00000 
  177    -81.00000            0            0      0.00000 
  178    -82.00000            0            0      0.00000 
  179    -83.00000            0            0      0.00000 
  180    -84.00000            0            0      0.00000 
  181    -85.00000            0            0      0.00000 
  182    -86.00000            0            0      0.00000 
  183    -87.00000            0            0      0.00000 
  184    -88.00000            0            0      0.00000 
  185    -89.00000            0            0      0.00000 
  186    -90.00000            0            0      0.00000 
  187    -91.00000            0            0      0.00000 
  188    -92.00000            0            0      0.00000 
  189    -93.00000            0            0      0.00000 
  190    -94.00000            0            0      0.00000 
  191    -95.00000            0            0      0.00000 
  192    -96.00000            0            0      0.00000 
  193    -97.00000            0            0      0.00000 
  194    -98.00000            0            0      0.00000 
