# 3dSliceNDice -insetA 9m_2min_m3_binary+orig -insetB 9m_3min_m3_binary+orig -prefix 9m_2min_3min_m3
    0    -72.00000            0            0      0.00000 
    1    -71.00000            0            0      0.00000 
    2    -70.00000            0            0      0.00000 
    3    -69.00000            0            0      0.00000 
    4    -68.00000            0            0      0.00000 
    5    -67.00000            0            0      0.00000 
    6    -66.00000            0            0      0.00000 
    7    -65.00000            0            0      0.00000 
    8    -64.00000            0            0      0.00000 
    9    -63.00000            0            0      0.00000 
   10    -62.00000            0            0      0.00000 
   11    -61.00000            0            0      0.00000 
   12    -60.00000            0            0      0.00000 
   13    -59.00000            0            0      0.00000 
   14    -58.00000            0            0      0.00000 
   15    -57.00000            0            0      0.00000 
   16    -56.00000            0            0      0.00000 
   17    -55.00000            0            0      0.00000 
   18    -54.00000            0            0      0.00000 
   19    -53.00000            0            0      0.00000 
   20    -52.00000            0            0      0.00000 
   21    -51.00000            6            6      1.00000 
   22    -50.00000          137          122      0.94208 
   23    -49.00000          649          623      0.92925 
   24    -48.00000          973          988      0.89342 
   25    -47.00000         1098         1147      0.88018 
   26    -46.00000         1220         1325      0.86994 
   27    -45.00000         1327         1463      0.87455 
   28    -44.00000         1363         1531      0.87837 
   29    -43.00000         1422         1599      0.88845 
   30    -42.00000         1456         1644      0.89935 
   31    -41.00000         1472         1663      0.90526 
   32    -40.00000         1504         1697      0.91596 
   33    -39.00000         1503         1696      0.92216 
   34    -38.00000         1477         1679      0.92839 
   35    -37.00000         1470         1647      0.93423 
   36    -36.00000         1487         1636      0.93692 
   37    -35.00000         1508         1618      0.94306 
   38    -34.00000         1529         1583      0.95116 
   39    -33.00000         1540         1520      0.96144 
   40    -32.00000         1540         1466      0.95077 
   41    -31.00000         1533         1445      0.94291 
   42    -30.00000         1540         1428      0.93464 
   43    -29.00000         1533         1394      0.92723 
   44    -28.00000         1558         1396      0.91808 
   45    -27.00000         1735         1574      0.93382 
   46    -26.00000         1888         1724      0.94352 
   47    -25.00000         2012         1825      0.94553 
   48    -24.00000         2072         1894      0.94856 
   49    -23.00000         2118         1959      0.94825 
   50    -22.00000         2197         2026      0.94435 
   51    -21.00000         2262         2078      0.94516 
   52    -20.00000         2346         2160      0.94141 
   53    -19.00000         2412         2220      0.93696 
   54    -18.00000         2462         2279      0.93314 
   55    -17.00000         2539         2341      0.93074 
   56    -16.00000         2610         2393      0.93744 
   57    -15.00000         2733         2500      0.94133 
   58    -14.00000         2831         2597      0.94657 
   59    -13.00000         2905         2663      0.94899 
   60    -12.00000         2933         2672      0.94915 
   61    -11.00000         2928         2654      0.94876 
   62    -10.00000         2941         2645      0.94701 
   63     -9.00000         2897         2606      0.94712 
   64     -8.00000         2879         2603      0.94965 
   65     -7.00000         2820         2564      0.95245 
   66     -6.00000         2747         2509      0.95472 
   67     -5.00000         2679         2459      0.95718 
   68     -4.00000         2555         2368      0.96202 
   69     -3.00000         2450         2276      0.96318 
   70     -2.00000         2314         2167      0.96719 
   71     -1.00000         2186         2053      0.96862 
   72      0.00000         2034         1923      0.97144 
   73      1.00000         1848         1762      0.97285 
   74      2.00000         1667         1616      0.97228 
   75      3.00000         1536         1476      0.96348 
   76      4.00000         1428         1374      0.96288 
   77      5.00000         1295         1245      0.96063 
   78      6.00000         1111         1067      0.95684 
   79      7.00000          812          808      0.93827 
   80      8.00000          216          564      0.54872 
   81      9.00000          180          586      0.45953 
   82     10.00000          140          582      0.37673 
   83     11.00000           88          536      0.26282 
   84     12.00000           32          440      0.05085 
   85     13.00000          176          368      0.42647 
   86     14.00000          370          422      0.57071 
   87     15.00000          522          480      0.60479 
   88     16.00000          632          514      0.62129 
   89     17.00000          719          542      0.63283 
   90     18.00000          810          680      0.74497 
   91     19.00000          860          795      0.83384 
   92     20.00000          941          887      0.88403 
   93     21.00000          982          937      0.90464 
   94     22.00000         1022          974      0.91884 
   95     23.00000         1104         1066      0.92074 
   96     24.00000         1173         1148      0.93494 
   97     25.00000         1232         1226      0.94142 
   98     26.00000         1267         1252      0.93132 
   99     27.00000         1294         1280      0.92929 
  100     28.00000         1434         1407      0.92291 
  101     29.00000         1481         1452      0.92738 
  102     30.00000         1535         1498      0.92713 
  103     31.00000         1559         1519      0.93437 
  104     32.00000         1589         1546      0.93971 
  105     33.00000         1627         1565      0.93797 
  106     34.00000         1618         1531      0.92918 
  107     35.00000         1634         1509      0.92141 
  108     36.00000         1612         1428      0.90855 
  109     37.00000         1602         1370      0.89166 
  110     38.00000         1556         1272      0.87412 
  111     39.00000         1470         1158      0.85464 
  112     40.00000         1365         1034      0.83535 
  113     41.00000         1257          937      0.82954 
  114     42.00000         1184          848      0.83071 
  115     43.00000         1091          777      0.83191 
  116     44.00000          951          693      0.84307 
  117     45.00000          817          610      0.85494 
  118     46.00000          661          495      0.85640 
  119     47.00000          481          365      0.86288 
  120     48.00000          284          221      0.87525 
  121     49.00000          141          131      0.96324 
  122     50.00000           71           71      1.00000 
  123     51.00000           16           16      1.00000 
  124     52.00000            0            0      0.00000 
  125     53.00000            0            0      0.00000 
  126     54.00000            0            0      0.00000 
  127     55.00000            0            0      0.00000 
  128     56.00000            0            0      0.00000 
  129     57.00000            0            0      0.00000 
  130     58.00000            0            0      0.00000 
  131     59.00000            0            0      0.00000 
  132     60.00000            0            0      0.00000 
  133     61.00000            0            0      0.00000 
  134     62.00000            0            0      0.00000 
  135     63.00000            0            0      0.00000 
  136     64.00000            0            0      0.00000 
  137     65.00000            0            0      0.00000 
  138     66.00000            0            0      0.00000 
  139     67.00000            0            0      0.00000 
  140     68.00000            0            0      0.00000 
  141     69.00000            0            0      0.00000 
  142     70.00000            0            0      0.00000 
  143     71.00000            0            0      0.00000 
  144     72.00000            0            0      0.00000 
  145     73.00000            0            0      0.00000 
  146     74.00000            0            0      0.00000 
  147     75.00000            0            0      0.00000 
  148     76.00000            0            0      0.00000 
  149     77.00000            0            0      0.00000 
  150     78.00000            0            0      0.00000 
  151     79.00000            0            0      0.00000 
  152     80.00000            0            0      0.00000 
  153     81.00000            0            0      0.00000 
  154     82.00000            0            0      0.00000 
  155     83.00000            0            0      0.00000 
  156     84.00000            0            0      0.00000 
  157     85.00000            0            0      0.00000 
  158     86.00000            0            0      0.00000 
