# 3dSliceNDice -insetA 9m_2min_m1_binary+orig -insetB 9m_5min_m1_binary+orig -prefix 9m_2min_5min_m1
    0    -72.00000            0            0      0.00000 
    1    -71.00000            0            0      0.00000 
    2    -70.00000            0            0      0.00000 
    3    -69.00000            0            0      0.00000 
    4    -68.00000            0            0      0.00000 
    5    -67.00000            0            0      0.00000 
    6    -66.00000            0            0      0.00000 
    7    -65.00000            0            0      0.00000 
    8    -64.00000            0            0      0.00000 
    9    -63.00000            0            0      0.00000 
   10    -62.00000            0            0      0.00000 
   11    -61.00000            0            0      0.00000 
   12    -60.00000            0            0      0.00000 
   13    -59.00000            0            0      0.00000 
   14    -58.00000            0            0      0.00000 
   15    -57.00000            0            0      0.00000 
   16    -56.00000            0            0      0.00000 
   17    -55.00000            0            0      0.00000 
   18    -54.00000            0            0      0.00000 
   19    -53.00000            0            0      0.00000 
   20    -52.00000            0            0      0.00000 
   21    -51.00000            0            0      0.00000 
   22    -50.00000            0            0      0.00000 
   23    -49.00000            0            0      0.00000 
   24    -48.00000            0            0      0.00000 
   25    -47.00000            0            0      0.00000 
   26    -46.00000            0            0      0.00000 
   27    -45.00000            0            0      0.00000 
   28    -44.00000            0            0      0.00000 
   29    -43.00000            0            0      0.00000 
   30    -42.00000            0            0      0.00000 
   31    -41.00000            0            0      0.00000 
   32    -40.00000            0            0      0.00000 
   33    -39.00000            0            0      0.00000 
   34    -38.00000            0            0      0.00000 
   35    -37.00000            0            0      0.00000 
   36    -36.00000            0            0      0.00000 
   37    -35.00000            0            0      0.00000 
   38    -34.00000            0            0      0.00000 
   39    -33.00000            0            0      0.00000 
   40    -32.00000          329          253      0.80756 
   41    -31.00000          625          495      0.87321 
   42    -30.00000          803          665      0.90054 
   43    -29.00000          944          795      0.90972 
   44    -28.00000         1087          933      0.92178 
   45    -27.00000         1269         1066      0.91049 
   46    -26.00000         1435         1180      0.88795 
   47    -25.00000         1621         1314      0.87428 
   48    -24.00000         1745         1399      0.86132 
   49    -23.00000         1882         1481      0.85281 
   50    -22.00000         2110         1612      0.85868 
   51    -21.00000         2385         1867      0.85701 
   52    -20.00000         2858         2299      0.86058 
   53    -19.00000         3200         2627      0.86082 
   54    -18.00000         3475         2915      0.85947 
   55    -17.00000         3939         3397      0.86096 
   56    -16.00000         4290         3835      0.85711 
   57    -15.00000         4689         4300      0.85772 
   58    -14.00000         4795         4480      0.85563 
   59    -13.00000         4844         4571      0.85332 
   60    -12.00000         4994         4751      0.86793 
   61    -11.00000         4948         4786      0.87652 
   62    -10.00000         4861         4772      0.88487 
   63     -9.00000         4600         4598      0.89259 
   64     -8.00000         4094         4222      0.89394 
   65     -7.00000         3471         3753      0.90670 
   66     -6.00000         3459         3808      0.91785 
   67     -5.00000         3473         3887      0.92092 
   68     -4.00000         3456         3933      0.91839 
   69     -3.00000         3476         3975      0.91800 
   70     -2.00000         3475         4009      0.91074 
   71     -1.00000         3479         4022      0.90441 
   72      0.00000         3439         4012      0.90028 
   73      1.00000         3326         3909      0.89454 
   74      2.00000         3189         3766      0.88311 
   75      3.00000         3099         3667      0.87349 
   76      4.00000         3096         3736      0.87002 
   77      5.00000         3056         3750      0.86865 
   78      6.00000         2936         3654      0.86161 
   79      7.00000         2808         3502      0.85515 
   80      8.00000         2730         3288      0.84280 
   81      9.00000         2759         3275      0.83096 
   82     10.00000         2783         3261      0.82660 
   83     11.00000         2734         3162      0.82429 
   84     12.00000         2645         3076      0.81524 
   85     13.00000         2841         3159      0.81900 
   86     14.00000         2999         3238      0.83630 
   87     15.00000         3135         3285      0.84548 
   88     16.00000         3177         3253      0.82551 
   89     17.00000         3173         3196      0.81300 
   90     18.00000         3381         3298      0.81599 
   91     19.00000         3501         3397      0.81792 
   92     20.00000         3599         3468      0.81958 
   93     21.00000         3590         3423      0.82219 
   94     22.00000         3574         3337      0.81985 
   95     23.00000         3538         3242      0.82478 
   96     24.00000         3446         3159      0.83361 
   97     25.00000         3381         3109      0.84807 
   98     26.00000         3222         2983      0.86801 
   99     27.00000         3049         2850      0.89269 
  100     28.00000         2887         2707      0.91098 
  101     29.00000         2761         2563      0.90909 
  102     30.00000         2640         2420      0.90751 
  103     31.00000         2480         2243      0.90917 
  104     32.00000         2355         2073      0.91328 
  105     33.00000         2223         1941      0.92411 
  106     34.00000         2041         1790      0.92978 
  107     35.00000         1871         1660      0.93968 
  108     36.00000         1668         1513      0.94687 
  109     37.00000         1504         1391      0.95406 
  110     38.00000         1351         1259      0.95019 
  111     39.00000         1262         1134      0.92321 
  112     40.00000         1189         1032      0.89599 
  113     41.00000         1139          952      0.87422 
  114     42.00000         1105          883      0.85010 
  115     43.00000         1019          752      0.80407 
  116     44.00000          913          623      0.75521 
  117     45.00000          819          496      0.69049 
  118     46.00000          681          358      0.58710 
  119     47.00000          569          249      0.45721 
  120     48.00000          493          217      0.39718 
  121     49.00000          420          190      0.33443 
  122     50.00000          368          161      0.23819 
  123     51.00000          308          144      0.14159 
  124     52.00000          256           95      0.00000 
  125     53.00000          214           53      0.00000 
  126     54.00000          149            2      0.00000 
  127     55.00000           80            0      0.00000 
  128     56.00000           36            0      0.00000 
  129     57.00000           11            0      0.00000 
  130     58.00000            0            0      0.00000 
  131     59.00000            0            0      0.00000 
  132     60.00000            0            0      0.00000 
  133     61.00000            0            0      0.00000 
  134     62.00000            0            0      0.00000 
  135     63.00000            0            0      0.00000 
  136     64.00000            0            0      0.00000 
  137     65.00000            0            0      0.00000 
  138     66.00000            0            0      0.00000 
  139     67.00000            0            0      0.00000 
  140     68.00000            0            0      0.00000 
  141     69.00000            0            0      0.00000 
  142     70.00000            0            0      0.00000 
  143     71.00000            0            0      0.00000 
  144     72.00000            0            0      0.00000 
  145     73.00000            0            0      0.00000 
  146     74.00000            0            0      0.00000 
  147     75.00000            0            0      0.00000 
  148     76.00000            0            0      0.00000 
  149     77.00000            0            0      0.00000 
  150     78.00000            0            0      0.00000 
  151     79.00000            0            0      0.00000 
  152     80.00000            0            0      0.00000 
  153     81.00000            0            0      0.00000 
  154     82.00000            0            0      0.00000 
  155     83.00000            0            0      0.00000 
  156     84.00000            0            0      0.00000 
  157     85.00000            0            0      0.00000 
  158     86.00000            0            0      0.00000 
