# 3dSliceNDice -insetA 9m_2min_m4_binary+orig -insetB 9m_5min_m4_binary+orig -prefix 9m_2min_5min_m4
    0    -72.00000            0            0      0.00000 
    1    -71.00000            0            0      0.00000 
    2    -70.00000            0            0      0.00000 
    3    -69.00000            0            0      0.00000 
    4    -68.00000            0            0      0.00000 
    5    -67.00000            0            0      0.00000 
    6    -66.00000            0            0      0.00000 
    7    -65.00000            0            0      0.00000 
    8    -64.00000            0            0      0.00000 
    9    -63.00000            0            0      0.00000 
   10    -62.00000            0            0      0.00000 
   11    -61.00000            0            0      0.00000 
   12    -60.00000            0            0      0.00000 
   13    -59.00000            0            0      0.00000 
   14    -58.00000            0            0      0.00000 
   15    -57.00000            0            0      0.00000 
   16    -56.00000            0            0      0.00000 
   17    -55.00000            0            0      0.00000 
   18    -54.00000            0            0      0.00000 
   19    -53.00000            0            0      0.00000 
   20    -52.00000            0            0      0.00000 
   21    -51.00000            0            0      0.00000 
   22    -50.00000            0            0      0.00000 
   23    -49.00000            0            0      0.00000 
   24    -48.00000            0            0      0.00000 
   25    -47.00000            0            0      0.00000 
   26    -46.00000            0            0      0.00000 
   27    -45.00000            0            0      0.00000 
   28    -44.00000            0            0      0.00000 
   29    -43.00000            0            0      0.00000 
   30    -42.00000            0            0      0.00000 
   31    -41.00000            0            0      0.00000 
   32    -40.00000            0            0      0.00000 
   33    -39.00000            0            0      0.00000 
   34    -38.00000            0            0      0.00000 
   35    -37.00000            0            0      0.00000 
   36    -36.00000            0            0      0.00000 
   37    -35.00000            0            0      0.00000 
   38    -34.00000            0            0      0.00000 
   39    -33.00000            0            0      0.00000 
   40    -32.00000           36          326      0.19890 
   41    -31.00000           91          494      0.31111 
   42    -30.00000          130          602      0.35246 
   43    -29.00000          171          694      0.37688 
   44    -28.00000          221          764      0.39594 
   45    -27.00000          322          852      0.48552 
   46    -26.00000          424          946      0.57080 
   47    -25.00000          511         1055      0.61430 
   48    -24.00000          563         1125      0.63389 
   49    -23.00000          614         1195      0.64787 
   50    -22.00000          660         1275      0.65736 
   51    -21.00000          708         1344      0.65497 
   52    -20.00000          809         1476      0.65733 
   53    -19.00000          865         1572      0.65901 
   54    -18.00000          911         1657      0.65888 
   55    -17.00000          933         1728      0.65539 
   56    -16.00000          915         1762      0.64251 
   57    -15.00000          863         1794      0.61648 
   58    -14.00000          749         1751      0.58000 
   59    -13.00000          639         1720      0.53752 
   60    -12.00000          512         1599      0.48508 
   61    -11.00000          434         1484      0.45255 
   62    -10.00000          344         1335      0.40977 
   63     -9.00000          226         1125      0.33457 
   64     -8.00000           92          812      0.20354 
   65     -7.00000            0          205      0.00000 
   66     -6.00000            0          201      0.00000 
   67     -5.00000            0          198      0.00000 
   68     -4.00000            0          202      0.00000 
   69     -3.00000            0          207      0.00000 
   70     -2.00000            0          207      0.00000 
   71     -1.00000            0          201      0.00000 
   72      0.00000            0          194      0.00000 
   73      1.00000            0          180      0.00000 
   74      2.00000            0          168      0.00000 
   75      3.00000            0          146      0.00000 
   76      4.00000            0          121      0.00000 
   77      5.00000            0           94      0.00000 
   78      6.00000            0           62      0.00000 
   79      7.00000            0           24      0.00000 
   80      8.00000           32            0      0.00000 
   81      9.00000           88            0      0.00000 
   82     10.00000          140            0      0.00000 
   83     11.00000          180            0      0.00000 
   84     12.00000          216            0      0.00000 
   85     13.00000          548           92      0.13750 
   86     14.00000          881          226      0.31798 
   87     15.00000         1147          344      0.39437 
   88     16.00000         1334          434      0.43439 
   89     17.00000         1486          512      0.46246 
   90     18.00000         1782          852      0.58846 
   91     19.00000         2005         1148      0.67174 
   92     20.00000         2199         1388      0.71703 
   93     21.00000         2302         1563      0.75239 
   94     22.00000         2382         1691      0.77535 
   95     23.00000         2552         1909      0.79489 
   96     24.00000         2732         2133      0.79342 
   97     25.00000         2911         2391      0.80385 
   98     26.00000         3010         2574      0.81411 
   99     27.00000         3071         2726      0.82353 
  100     28.00000         3406         3091      0.88041 
  101     29.00000         3698         3399      0.91644 
  102     30.00000         3959         3693      0.93492 
  103     31.00000         4126         3891      0.94674 
  104     32.00000         4251         4058      0.95583 
  105     33.00000         4414         4275      0.96536 
  106     34.00000         4523         4444      0.96799 
  107     35.00000         4719         4683      0.97107 
  108     36.00000         4861         4846      0.97105 
  109     37.00000         4982         4979      0.97139 
  110     38.00000         5084         5104      0.97095 
  111     39.00000         5108         5122      0.97204 
  112     40.00000         5142         5137      0.97558 
  113     41.00000         5137         5087      0.97711 
  114     42.00000         5079         5016      0.97831 
  115     43.00000         4959         4883      0.97846 
  116     44.00000         4764         4688      0.97969 
  117     45.00000         4578         4494      0.98104 
  118     46.00000         4370         4300      0.98247 
  119     47.00000         4133         4059      0.98315 
  120     48.00000         3833         3742      0.98059 
  121     49.00000         3461         3337      0.97764 
  122     50.00000         3122         2991      0.97301 
  123     51.00000         2687         2541      0.96863 
  124     52.00000         2210         2100      0.97169 
  125     53.00000         1780         1680      0.96763 
  126     54.00000         1291         1213      0.96565 
  127     55.00000          936          903      0.98097 
  128     56.00000          623          622      0.99920 
  129     57.00000          403          403      1.00000 
  130     58.00000          125          125      1.00000 
  131     59.00000            0            0      0.00000 
  132     60.00000            0            0      0.00000 
  133     61.00000            0            0      0.00000 
  134     62.00000            0            0      0.00000 
  135     63.00000            0            0      0.00000 
  136     64.00000            0            0      0.00000 
  137     65.00000            0            0      0.00000 
  138     66.00000            0            0      0.00000 
  139     67.00000            0            0      0.00000 
  140     68.00000            0            0      0.00000 
  141     69.00000            0            0      0.00000 
  142     70.00000            0            0      0.00000 
  143     71.00000            0            0      0.00000 
  144     72.00000            0            0      0.00000 
  145     73.00000            0            0      0.00000 
  146     74.00000            0            0      0.00000 
  147     75.00000            0            0      0.00000 
  148     76.00000            0            0      0.00000 
  149     77.00000            0            0      0.00000 
  150     78.00000            0            0      0.00000 
  151     79.00000            0            0      0.00000 
  152     80.00000            0            0      0.00000 
  153     81.00000            0            0      0.00000 
  154     82.00000            0            0      0.00000 
  155     83.00000            0            0      0.00000 
  156     84.00000            0            0      0.00000 
  157     85.00000            0            0      0.00000 
  158     86.00000            0            0      0.00000 
