# 3dSliceNDice -insetA 9m_2min_m2_binary+orig -insetB 9m_3min_m2_binary+orig -prefix 9m_2min_3min_m2
    0     96.00000            0            0      0.00000 
    1     95.00000            0            0      0.00000 
    2     94.00000            0            0      0.00000 
    3     93.00000            0            0      0.00000 
    4     92.00000            0            0      0.00000 
    5     91.00000            0            0      0.00000 
    6     90.00000            0            0      0.00000 
    7     89.00000            0            0      0.00000 
    8     88.00000            0            0      0.00000 
    9     87.00000            0            0      0.00000 
   10     86.00000            0            0      0.00000 
   11     85.00000            0            0      0.00000 
   12     84.00000            0            0      0.00000 
   13     83.00000            0            0      0.00000 
   14     82.00000            0            0      0.00000 
   15     81.00000            0            0      0.00000 
   16     80.00000            0            0      0.00000 
   17     79.00000            0            0      0.00000 
   18     78.00000            0            0      0.00000 
   19     77.00000            0            0      0.00000 
   20     76.00000            0            0      0.00000 
   21     75.00000            0            0      0.00000 
   22     74.00000            0            0      0.00000 
   23     73.00000            0            0      0.00000 
   24     72.00000            0            0      0.00000 
   25     71.00000            0            0      0.00000 
   26     70.00000            0            0      0.00000 
   27     69.00000            0            0      0.00000 
   28     68.00000            0            0      0.00000 
   29     67.00000            0            0      0.00000 
   30     66.00000            0            0      0.00000 
   31     65.00000            0            0      0.00000 
   32     64.00000            0            0      0.00000 
   33     63.00000            0            0      0.00000 
   34     62.00000            0            0      0.00000 
   35     61.00000            0            0      0.00000 
   36     60.00000            0            0      0.00000 
   37     59.00000            0            0      0.00000 
   38     58.00000            0            0      0.00000 
   39     57.00000            0            0      0.00000 
   40     56.00000            0            0      0.00000 
   41     55.00000            0            0      0.00000 
   42     54.00000            0           22      0.00000 
   43     53.00000            0          111      0.00000 
   44     52.00000            0          174      0.00000 
   45     51.00000            0          203      0.00000 
   46     50.00000            0          255      0.00000 
   47     49.00000            0          315      0.00000 
   48     48.00000            0          376      0.00000 
   49     47.00000            0          408      0.00000 
   50     46.00000            0          405      0.00000 
   51     45.00000            0          398      0.00000 
   52     44.00000            7          398      0.03457 
   53     43.00000           23          404      0.10773 
   54     42.00000           57          386      0.25734 
   55     41.00000          114          388      0.45418 
   56     40.00000          185          406      0.62606 
   57     39.00000          237          388      0.75840 
   58     38.00000          285          355      0.89062 
   59     37.00000          337          342      0.99264 
   60     36.00000          391          386      0.99357 
   61     35.00000          476          468      0.98517 
   62     34.00000          546          537      0.97507 
   63     33.00000          597          587      0.97128 
   64     32.00000          666          647      0.97030 
   65     31.00000          733          696      0.96151 
   66     30.00000          811          757      0.96046 
   67     29.00000          873          810      0.96138 
   68     28.00000          928          866      0.96433 
   69     27.00000          989          913      0.96004 
   70     26.00000         1026          949      0.96101 
   71     25.00000         1077          990      0.95791 
   72     24.00000         1119         1033      0.96004 
   73     23.00000         1144         1067      0.96517 
   74     22.00000         1180         1117      0.97257 
   75     21.00000         1235         1169      0.97255 
   76     20.00000         1301         1222      0.96869 
   77     19.00000         1359         1262      0.96299 
   78     18.00000         1398         1287      0.95866 
   79     17.00000         1438         1316      0.95570 
   80     16.00000         1452         1340      0.95630 
   81     15.00000         1490         1393      0.95872 
   82     14.00000         1506         1432      0.95779 
   83     13.00000         1531         1475      0.95808 
   84     12.00000         1547         1505      0.96134 
   85     11.00000         1550         1501      0.96624 
   86     10.00000         1553         1503      0.97251 
   87      9.00000         1575         1510      0.97050 
   88      8.00000         1610         1532      0.96881 
   89      7.00000         1656         1565      0.96740 
   90      6.00000         1666         1565      0.96503 
   91      5.00000         1666         1556      0.96338 
   92      4.00000         1647         1540      0.96392 
   93      3.00000         1617         1513      0.96422 
   94      2.00000         1568         1474      0.96647 
   95      1.00000         1525         1441      0.96898 
   96      0.00000         1519         1438      0.97261 
   97     -1.00000         1516         1443      0.97398 
   98     -2.00000         1518         1451      0.97204 
   99     -3.00000         1516         1462      0.97381 
  100     -4.00000         1523         1485      0.97673 
  101     -5.00000         1495         1480      0.98017 
  102     -6.00000         1463         1479      0.97417 
  103     -7.00000         1432         1463      0.97409 
  104     -8.00000         1395         1454      0.96946 
  105     -9.00000         1371         1448      0.96630 
  106    -10.00000         1349         1444      0.96384 
  107    -11.00000         1335         1444      0.96078 
  108    -12.00000         1339         1444      0.96227 
  109    -13.00000         1316         1415      0.96375 
  110    -14.00000         1283         1375      0.96539 
  111    -15.00000         1260         1344      0.96774 
  112    -16.00000         1228         1304      0.96524 
  113    -17.00000         1218         1291      0.96134 
  114    -18.00000         1197         1292      0.94737 
  115    -19.00000         1172         1311      0.92630 
  116    -20.00000         1142         1318      0.90488 
  117    -21.00000         1102         1306      0.88372 
  118    -22.00000         1060         1319      0.85918 
  119    -23.00000         1035         1395      0.82140 
  120    -24.00000         1005         1469      0.78496 
  121    -25.00000          967         1523      0.74779 
  122    -26.00000          905         1518      0.72059 
  123    -27.00000          862         1517      0.70366 
  124    -28.00000          919         1506      0.73979 
  125    -29.00000          981         1475      0.78257 
  126    -30.00000         1010         1448      0.80309 
  127    -31.00000         1005         1368      0.82090 
  128    -32.00000         1009         1314      0.82824 
  129    -33.00000         1017         1239      0.84043 
  130    -34.00000         1003         1167      0.84885 
  131    -35.00000          992         1094      0.86290 
  132    -36.00000          923          972      0.86860 
  133    -37.00000          873          861      0.88120 
  134    -38.00000          816          771      0.89981 
  135    -39.00000          749          710      0.90473 
  136    -40.00000          682          638      0.91818 
  137    -41.00000          600          535      0.91982 
  138    -42.00000          534          478      0.93478 
  139    -43.00000          499          448      0.94615 
  140    -44.00000          466          438      0.96903 
  141    -45.00000          446          457      0.98782 
  142    -46.00000          460          478      0.98081 
  143    -47.00000          492          515      0.97716 
  144    -48.00000          524          556      0.97037 
  145    -49.00000          538          573      0.96850 
  146    -50.00000          558          601      0.96290 
  147    -51.00000          558          606      0.95876 
  148    -52.00000          558          610      0.95548 
  149    -53.00000          546          604      0.94957 
  150    -54.00000          528          591      0.94370 
  151    -55.00000          504          572      0.93680 
  152    -56.00000          478          550      0.92996 
  153    -57.00000          427          495      0.92625 
  154    -58.00000          223          275      0.89558 
  155    -59.00000           39           51      0.86667 
  156    -60.00000            0            0      0.00000 
  157    -61.00000            0            0      0.00000 
  158    -62.00000            0            0      0.00000 
  159    -63.00000            0            0      0.00000 
  160    -64.00000            0            0      0.00000 
  161    -65.00000            0            0      0.00000 
  162    -66.00000            0            0      0.00000 
  163    -67.00000            0            0      0.00000 
  164    -68.00000            0            0      0.00000 
  165    -69.00000            0            0      0.00000 
  166    -70.00000            0            0      0.00000 
  167    -71.00000            0            0      0.00000 
  168    -72.00000            0            0      0.00000 
  169    -73.00000            0            0      0.00000 
  170    -74.00000            0            0      0.00000 
  171    -75.00000            0            0      0.00000 
  172    -76.00000            0            0      0.00000 
  173    -77.00000            0            0      0.00000 
  174    -78.00000            0            0      0.00000 
  175    -79.00000            0            0      0.00000 
  176    -80.00000            0            0      0.00000 
  177    -81.00000            0            0      0.00000 
  178    -82.00000            0            0      0.00000 
  179    -83.00000            0            0      0.00000 
  180    -84.00000            0            0      0.00000 
  181    -85.00000            0            0      0.00000 
  182    -86.00000            0            0      0.00000 
  183    -87.00000            0            0      0.00000 
  184    -88.00000            0            0      0.00000 
  185    -89.00000            0            0      0.00000 
  186    -90.00000            0            0      0.00000 
  187    -91.00000            0            0      0.00000 
  188    -92.00000            0            0      0.00000 
  189    -93.00000            0            0      0.00000 
  190    -94.00000            0            0      0.00000 
  191    -95.00000            0            0      0.00000 
  192    -96.00000            0            0      0.00000 
  193    -97.00000            0            0      0.00000 
  194    -98.00000            0            0      0.00000 
