# 3dSliceNDice -insetA 9m_2min_m4_binary+orig -insetB 9m_3min_m4_binary+orig -prefix 9m_2min_3min_m4
    0    134.00000            0            0      0.00000 
    1    133.00000            0            0      0.00000 
    2    132.00000            0            0      0.00000 
    3    131.00000            0            0      0.00000 
    4    130.00000            0            0      0.00000 
    5    129.00000            0            0      0.00000 
    6    128.00000            0            0      0.00000 
    7    127.00000            0            0      0.00000 
    8    126.00000            0            0      0.00000 
    9    125.00000            0            0      0.00000 
   10    124.00000            0            0      0.00000 
   11    123.00000            0            0      0.00000 
   12    122.00000            0            0      0.00000 
   13    121.00000            0            0      0.00000 
   14    120.00000            0            0      0.00000 
   15    119.00000            0            0      0.00000 
   16    118.00000            0            0      0.00000 
   17    117.00000            0            0      0.00000 
   18    116.00000            0            0      0.00000 
   19    115.00000            0            0      0.00000 
   20    114.00000            0            0      0.00000 
   21    113.00000            0            0      0.00000 
   22    112.00000            0            0      0.00000 
   23    111.00000            0            0      0.00000 
   24    110.00000            0            0      0.00000 
   25    109.00000            0            0      0.00000 
   26    108.00000            0            0      0.00000 
   27    107.00000            0            0      0.00000 
   28    106.00000            0            0      0.00000 
   29    105.00000            0            0      0.00000 
   30    104.00000            0            0      0.00000 
   31    103.00000            0            0      0.00000 
   32    102.00000            0            0      0.00000 
   33    101.00000            0            0      0.00000 
   34    100.00000            0            0      0.00000 
   35     99.00000            0            0      0.00000 
   36     98.00000            0            0      0.00000 
   37     97.00000            0            0      0.00000 
   38     96.00000            0            0      0.00000 
   39     95.00000            0            0      0.00000 
   40     94.00000            0            0      0.00000 
   41     93.00000            0            0      0.00000 
   42     92.00000            0            0      0.00000 
   43     91.00000            0            0      0.00000 
   44     90.00000            0            0      0.00000 
   45     89.00000            0            0      0.00000 
   46     88.00000            0            0      0.00000 
   47     87.00000            0            0      0.00000 
   48     86.00000            0            0      0.00000 
   49     85.00000            0            0      0.00000 
   50     84.00000            0            0      0.00000 
   51     83.00000            0            0      0.00000 
   52     82.00000            0            0      0.00000 
   53     81.00000           18           23      0.87805 
   54     80.00000           58           70      0.90625 
   55     79.00000          103          124      0.90749 
   56     78.00000          141          168      0.91262 
   57     77.00000          202          238      0.91818 
   58     76.00000          255          304      0.91234 
   59     75.00000          313          386      0.89557 
   60     74.00000          376          472      0.88679 
   61     73.00000          450          559      0.89197 
   62     72.00000          575          732      0.87988 
   63     71.00000          672          861      0.87671 
   64     70.00000          727          985      0.84930 
   65     69.00000          740         1044      0.82960 
   66     68.00000          760         1099      0.81764 
   67     67.00000          756         1117      0.80726 
   68     66.00000          742         1116      0.79871 
   69     65.00000          713         1096      0.78828 
   70     64.00000          648         1030      0.77235 
   71     63.00000          602         1006      0.74876 
   72     62.00000          512          917      0.71659 
   73     61.00000          434          848      0.67707 
   74     60.00000          344          757      0.62489 
   75     59.00000          226          630      0.52804 
   76     58.00000           92          482      0.32056 
   77     57.00000           77          379      0.33772 
   78     56.00000          184          451      0.57953 
   79     55.00000          275          500      0.70968 
   80     54.00000          346          511      0.80747 
   81     53.00000          416          506      0.90239 
   82     52.00000          589          653      0.94847 
   83     51.00000          711          818      0.93002 
   84     50.00000          840          971      0.92766 
   85     49.00000          956         1104      0.92816 
   86     48.00000         1053         1213      0.92939 
   87     47.00000         1266         1466      0.92679 
   88     46.00000         1425         1642      0.92925 
   89     45.00000         1572         1779      0.93823 
   90     44.00000         1667         1852      0.94743 
   91     43.00000         1738         1915      0.95155 
   92     42.00000         1824         1987      0.95461 
   93     41.00000         1907         2067      0.95169 
   94     40.00000         1993         2139      0.95644 
   95     39.00000         2081         2211      0.96179 
   96     38.00000         2177         2299      0.96202 
   97     37.00000         2257         2361      0.96665 
   98     36.00000         2316         2398      0.96988 
   99     35.00000         2390         2449      0.97334 
  100     34.00000         2410         2457      0.97514 
  101     33.00000         2450         2483      0.97669 
  102     32.00000         2470         2498      0.97866 
  103     31.00000         2500         2515      0.97866 
  104     30.00000         2538         2532      0.97633 
  105     29.00000         2540         2513      0.97645 
  106     28.00000         2451         2418      0.97474 
  107     27.00000         2276         2260      0.98501 
  108     26.00000         2249         2226      0.98279 
  109     25.00000         2227         2178      0.97662 
  110     24.00000         2157         2092      0.97199 
  111     23.00000         2036         1942      0.96631 
  112     22.00000         2166         2028      0.95994 
  113     21.00000         2321         2170      0.96103 
  114     20.00000         2394         2255      0.96666 
  115     19.00000         2417         2266      0.96776 
  116     18.00000         2456         2293      0.96568 
  117     17.00000         2488         2395      0.98095 
  118     16.00000         2495         2438      0.98155 
  119     15.00000         2508         2462      0.97988 
  120     14.00000         2496         2451      0.97716 
  121     13.00000         2467         2431      0.97673 
  122     12.00000         2446         2421      0.97473 
  123     11.00000         2439         2417      0.97158 
  124     10.00000         2439         2408      0.96555 
  125      9.00000         2427         2379      0.96088 
  126      8.00000         2415         2356      0.95913 
  127      7.00000         2389         2320      0.95647 
  128      6.00000         2353         2277      0.95335 
  129      5.00000         2313         2230      0.95179 
  130      4.00000         2289         2172      0.95001 
  131      3.00000         2277         2129      0.94644 
  132      2.00000         2252         2064      0.94300 
  133      1.00000         2211         1991      0.93765 
  134      0.00000         2168         1909      0.93108 
  135     -1.00000         2104         1812      0.92237 
  136     -2.00000         2052         1762      0.92396 
  137     -3.00000         2009         1701      0.91590 
  138     -4.00000         1973         1633      0.90349 
  139     -5.00000         1911         1563      0.89580 
  140     -6.00000         1801         1470      0.88902 
  141     -7.00000         1592         1295      0.87011 
  142     -8.00000         1113          962      0.80289 
  143     -9.00000         1127          940      0.80697 
  144    -10.00000         1144          919      0.81823 
  145    -11.00000         1161          903      0.82655 
  146    -12.00000         1170          874      0.83562 
  147    -13.00000         1164          852      0.84127 
  148    -14.00000         1145          840      0.84332 
  149    -15.00000         1116          818      0.84385 
  150    -16.00000         1085          804      0.85124 
  151    -17.00000         1057          796      0.85915 
  152    -18.00000          995          769      0.87188 
  153    -19.00000          937          745      0.88585 
  154    -20.00000          867          715      0.90392 
  155    -21.00000          758          664      0.92827 
  156    -22.00000          674          635      0.96562 
  157    -23.00000          582          571      0.98352 
  158    -24.00000          542          526      0.97753 
  159    -25.00000          480          462      0.97240 
  160    -26.00000          400          378      0.96658 
  161    -27.00000          315          282      0.92797 
  162    -28.00000          246          170      0.79808 
  163    -29.00000          209          139      0.77586 
  164    -30.00000          167          105      0.75735 
  165    -31.00000          112           63      0.70857 
  166    -32.00000           48           20      0.58824 
  167    -33.00000            0            0      0.00000 
  168    -34.00000            0            0      0.00000 
  169    -35.00000            0            0      0.00000 
  170    -36.00000            0            0      0.00000 
  171    -37.00000            0            0      0.00000 
  172    -38.00000            0            0      0.00000 
  173    -39.00000            0            0      0.00000 
  174    -40.00000            0            0      0.00000 
  175    -41.00000            0            0      0.00000 
  176    -42.00000            0            0      0.00000 
  177    -43.00000            0            0      0.00000 
  178    -44.00000            0            0      0.00000 
  179    -45.00000            0            0      0.00000 
  180    -46.00000            0            0      0.00000 
  181    -47.00000            0            0      0.00000 
  182    -48.00000            0            0      0.00000 
  183    -49.00000            0            0      0.00000 
  184    -50.00000            0            0      0.00000 
  185    -51.00000            0            0      0.00000 
  186    -52.00000            0            0      0.00000 
  187    -53.00000            0            0      0.00000 
  188    -54.00000            0            0      0.00000 
  189    -55.00000            0            0      0.00000 
  190    -56.00000            0            0      0.00000 
  191    -57.00000            0            0      0.00000 
  192    -58.00000            0            0      0.00000 
  193    -59.00000            0            0      0.00000 
  194    -60.00000            0            0      0.00000 
  195    -61.00000            0            0      0.00000 
  196    -62.00000            0            0      0.00000 
  197    -63.00000            0            0      0.00000 
  198    -64.00000            0            0      0.00000 
  199    -65.00000            0            0      0.00000 
  200    -66.00000            0            0      0.00000 
  201    -67.00000            0            0      0.00000 
  202    -68.00000            0            0      0.00000 
  203    -69.00000            0            0      0.00000 
  204    -70.00000            0            0      0.00000 
  205    -71.00000            0            0      0.00000 
  206    -72.00000            0            0      0.00000 
  207    -73.00000            0            0      0.00000 
  208    -74.00000            0            0      0.00000 
  209    -75.00000            0            0      0.00000 
  210    -76.00000            0            0      0.00000 
  211    -77.00000            0            0      0.00000 
  212    -78.00000            0            0      0.00000 
  213    -79.00000            0            0      0.00000 
  214    -80.00000            0            0      0.00000 
  215    -81.00000            0            0      0.00000 
  216    -82.00000            0            0      0.00000 
  217    -83.00000            0            0      0.00000 
  218    -84.00000            0            0      0.00000 
  219    -85.00000            0            0      0.00000 
  220    -86.00000            0            0      0.00000 
  221    -87.00000            0            0      0.00000 
  222    -88.00000            0            0      0.00000 
  223    -89.00000            0            0      0.00000 
  224    -90.00000            0            0      0.00000 
  225    -91.00000            0            0      0.00000 
  226    -92.00000            0            0      0.00000 
  227    -93.00000            0            0      0.00000 
  228    -94.00000            0            0      0.00000 
  229    -95.00000            0            0      0.00000 
  230    -96.00000            0            0      0.00000 
  231    -97.00000            0            0      0.00000 
  232    -98.00000            0            0      0.00000 
