# 3dSliceNDice -insetA 9m_2min_m1_binary+orig -insetB 9m_4min_m1_binary+orig -prefix 9m_2min_4min_m1
    0    134.00000            0            0      0.00000 
    1    133.00000            0            0      0.00000 
    2    132.00000            0            0      0.00000 
    3    131.00000            0            0      0.00000 
    4    130.00000            0            0      0.00000 
    5    129.00000            0            0      0.00000 
    6    128.00000            0            0      0.00000 
    7    127.00000            0            0      0.00000 
    8    126.00000            0            0      0.00000 
    9    125.00000            0            0      0.00000 
   10    124.00000            0            0      0.00000 
   11    123.00000            0            0      0.00000 
   12    122.00000            0            0      0.00000 
   13    121.00000            0            0      0.00000 
   14    120.00000            0            0      0.00000 
   15    119.00000            0            0      0.00000 
   16    118.00000            0            0      0.00000 
   17    117.00000            0            0      0.00000 
   18    116.00000            0            0      0.00000 
   19    115.00000            0            0      0.00000 
   20    114.00000            0            0      0.00000 
   21    113.00000            0            0      0.00000 
   22    112.00000            0            0      0.00000 
   23    111.00000            0            0      0.00000 
   24    110.00000            0            0      0.00000 
   25    109.00000            0            0      0.00000 
   26    108.00000            0            0      0.00000 
   27    107.00000            0            0      0.00000 
   28    106.00000            0            0      0.00000 
   29    105.00000            0            0      0.00000 
   30    104.00000            0            0      0.00000 
   31    103.00000            0            0      0.00000 
   32    102.00000            0            0      0.00000 
   33    101.00000            0            0      0.00000 
   34    100.00000            0            0      0.00000 
   35     99.00000            0            0      0.00000 
   36     98.00000            0            0      0.00000 
   37     97.00000            0            0      0.00000 
   38     96.00000            0            0      0.00000 
   39     95.00000            0            0      0.00000 
   40     94.00000            0            0      0.00000 
   41     93.00000            0            0      0.00000 
   42     92.00000            0            0      0.00000 
   43     91.00000            0            0      0.00000 
   44     90.00000            0            0      0.00000 
   45     89.00000            0            0      0.00000 
   46     88.00000            0            0      0.00000 
   47     87.00000            0            0      0.00000 
   48     86.00000            0            0      0.00000 
   49     85.00000            0            0      0.00000 
   50     84.00000           38           38      1.00000 
   51     83.00000          132          132      1.00000 
   52     82.00000          235          232      0.99358 
   53     81.00000          374          354      0.97253 
   54     80.00000          520          483      0.96311 
   55     79.00000          661          609      0.95906 
   56     78.00000          810          747      0.95954 
   57     77.00000         1002          922      0.95842 
   58     76.00000         1221         1132      0.96218 
   59     75.00000         1491         1374      0.95916 
   60     74.00000         1751         1627      0.96329 
   61     73.00000         2021         1895      0.96782 
   62     72.00000         2364         2223      0.96926 
   63     71.00000         2624         2468      0.96936 
   64     70.00000         2921         2750      0.96914 
   65     69.00000         3110         2936      0.96758 
   66     68.00000         3266         3099      0.96685 
   67     67.00000         3422         3268      0.96712 
   68     66.00000         3548         3408      0.96895 
   69     65.00000         3647         3530      0.97088 
   70     64.00000         3715         3623      0.97111 
   71     63.00000         3804         3730      0.97053 
   72     62.00000         3827         3769      0.96972 
   73     61.00000         3860         3819      0.96836 
   74     60.00000         3856         3820      0.96587 
   75     59.00000         3784         3717      0.95987 
   76     58.00000         3722         3606      0.94760 
   77     57.00000         3578         3346      0.93068 
   78     56.00000         3521         3219      0.91691 
   79     55.00000         3435         3040      0.90100 
   80     54.00000         3237         2735      0.87877 
   81     53.00000         3016         2368      0.84101 
   82     52.00000         2756         1979      0.82365 
   83     51.00000         2575         1793      0.80586 
   84     50.00000         2323         1561      0.78682 
   85     49.00000         1951         1233      0.75126 
   86     48.00000         1443          804      0.67290 
   87     47.00000          931          389      0.58939 
   88     46.00000          960          380      0.56716 
   89     45.00000          967          352      0.53374 
   90     44.00000          914          305      0.50041 
   91     43.00000          806          230      0.44402 
   92     42.00000          772          175      0.36959 
   93     41.00000          873          191      0.35902 
   94     40.00000          979          219      0.36561 
   95     39.00000         1037          232      0.36564 
   96     38.00000         1102          243      0.36134 
   97     37.00000         1140          252      0.36207 
   98     36.00000         1131          240      0.35011 
   99     35.00000         1138          252      0.36259 
  100     34.00000         1081          243      0.36707 
  101     33.00000         1007          234      0.37712 
  102     32.00000         1002          302      0.46319 
  103     31.00000         1037          363      0.51857 
  104     30.00000         1047          404      0.55686 
  105     29.00000          999          425      0.59691 
  106     28.00000          930          439      0.64134 
  107     27.00000          856          454      0.69313 
  108     26.00000          795          445      0.71774 
  109     25.00000          742          449      0.75399 
  110     24.00000          624          417      0.80115 
  111     23.00000          471          379      0.89176 
  112     22.00000          348          348      1.00000 
  113     21.00000          348          348      1.00000 
  114     20.00000          344          344      1.00000 
  115     19.00000          334          334      1.00000 
  116     18.00000          326          326      1.00000 
  117     17.00000          303          303      1.00000 
  118     16.00000          275          275      1.00000 
  119     15.00000          254          254      1.00000 
  120     14.00000          222          222      1.00000 
  121     13.00000          209          209      1.00000 
  122     12.00000          185          185      1.00000 
  123     11.00000          160          160      1.00000 
  124     10.00000          134          134      1.00000 
  125      9.00000           88           88      1.00000 
  126      8.00000           32           32      1.00000 
  127      7.00000            0            0      0.00000 
  128      6.00000            0            0      0.00000 
  129      5.00000            0            0      0.00000 
  130      4.00000            0            0      0.00000 
  131      3.00000            0            0      0.00000 
  132      2.00000          144          200      0.67442 
  133      1.00000          282          388      0.71045 
  134      0.00000          382          524      0.73289 
  135     -1.00000          456          624      0.74444 
  136     -2.00000          516          696      0.75248 
  137     -3.00000         1071         1231      0.87837 
  138     -4.00000         1473         1707      0.90000 
  139     -5.00000         1740         2070      0.89921 
  140     -6.00000         1917         2310      0.89472 
  141     -7.00000         2043         2482      0.89193 
  142     -8.00000         2438         2678      0.94332 
  143     -9.00000         2645         2810      0.95949 
  144    -10.00000         2830         2972      0.96725 
  145    -11.00000         2927         3059      0.97227 
  146    -12.00000         2999         3128      0.97503 
  147    -13.00000         3079         3207      0.97709 
  148    -14.00000         3074         3209      0.97788 
  149    -15.00000         3101         3236      0.97870 
  150    -16.00000         3104         3223      0.97930 
  151    -17.00000         3089         3196      0.98075 
  152    -18.00000         3077         3173      0.97472 
  153    -19.00000         3056         3155      0.96216 
  154    -20.00000         3092         3201      0.95185 
  155    -21.00000         3076         3191      0.93857 
  156    -22.00000         3067         3188      0.92854 
  157    -23.00000         3018         3172      0.91890 
  158    -24.00000         2957         3161      0.91599 
  159    -25.00000         2902         3148      0.90579 
  160    -26.00000         2790         3058      0.89193 
  161    -27.00000         2684         2983      0.88089 
  162    -28.00000         2492         2862      0.87337 
  163    -29.00000         2408         2830      0.87743 
  164    -30.00000         2319         2824      0.87303 
  165    -31.00000         2145         2741      0.85428 
  166    -32.00000         1902         2648      0.81626 
  167    -33.00000         1635         2538      0.76731 
  168    -34.00000         1590         2476      0.76685 
  169    -35.00000         1513         2406      0.75887 
  170    -36.00000         1414         2296      0.75202 
  171    -37.00000         1342         2223      0.74558 
  172    -38.00000         1289         2181      0.73890 
  173    -39.00000         1231         2085      0.74005 
  174    -40.00000         1201         2040      0.74051 
  175    -41.00000         1144         1955      0.73830 
  176    -42.00000         1095         1878      0.73663 
  177    -43.00000         1054         1805      0.73732 
  178    -44.00000         1026         1739      0.74213 
  179    -45.00000          989         1656      0.74783 
  180    -46.00000          934         1547      0.75292 
  181    -47.00000          877         1450      0.75376 
  182    -48.00000          793         1290      0.76140 
  183    -49.00000          712         1150      0.76477 
  184    -50.00000          619          982      0.77327 
  185    -51.00000          512          776      0.79503 
  186    -52.00000          432          578      0.85545 
  187    -53.00000          329          369      0.94269 
  188    -54.00000          266          309      0.92522 
  189    -55.00000          197          247      0.88739 
  190    -56.00000          116          176      0.79452 
  191    -57.00000           48          105      0.62745 
  192    -58.00000           12           47      0.40678 
  193    -59.00000            0           17      0.00000 
  194    -60.00000            0            0      0.00000 
  195    -61.00000            0            0      0.00000 
  196    -62.00000            0            0      0.00000 
  197    -63.00000            0            0      0.00000 
  198    -64.00000            0            0      0.00000 
  199    -65.00000            0            0      0.00000 
  200    -66.00000            0            0      0.00000 
  201    -67.00000            0            0      0.00000 
  202    -68.00000            0            0      0.00000 
  203    -69.00000            0            0      0.00000 
  204    -70.00000            0            0      0.00000 
  205    -71.00000            0            0      0.00000 
  206    -72.00000            0            0      0.00000 
  207    -73.00000            0            0      0.00000 
  208    -74.00000            0            0      0.00000 
  209    -75.00000            0            0      0.00000 
  210    -76.00000            0            0      0.00000 
  211    -77.00000            0            0      0.00000 
  212    -78.00000            0            0      0.00000 
  213    -79.00000            0            0      0.00000 
  214    -80.00000            0            0      0.00000 
  215    -81.00000            0            0      0.00000 
  216    -82.00000            0            0      0.00000 
  217    -83.00000            0            0      0.00000 
  218    -84.00000            0            0      0.00000 
  219    -85.00000            0            0      0.00000 
  220    -86.00000            0            0      0.00000 
  221    -87.00000            0            0      0.00000 
  222    -88.00000            0            0      0.00000 
  223    -89.00000            0            0      0.00000 
  224    -90.00000            0            0      0.00000 
  225    -91.00000            0            0      0.00000 
  226    -92.00000            0            0      0.00000 
  227    -93.00000            0            0      0.00000 
  228    -94.00000            0            0      0.00000 
  229    -95.00000            0            0      0.00000 
  230    -96.00000            0            0      0.00000 
  231    -97.00000            0            0      0.00000 
  232    -98.00000            0            0      0.00000 
