# 3dSliceNDice -insetA 9m_2min_m4_binary+orig -insetB 9m_5min_m4_binary+orig -prefix 9m_2min_5min_m4
    0     96.00000            0            0      0.00000 
    1     95.00000            0            0      0.00000 
    2     94.00000            0            0      0.00000 
    3     93.00000            0            0      0.00000 
    4     92.00000            0            0      0.00000 
    5     91.00000            0            0      0.00000 
    6     90.00000            0            0      0.00000 
    7     89.00000            0            0      0.00000 
    8     88.00000            0            0      0.00000 
    9     87.00000            0            0      0.00000 
   10     86.00000            0            0      0.00000 
   11     85.00000            0            0      0.00000 
   12     84.00000            0            0      0.00000 
   13     83.00000            0            0      0.00000 
   14     82.00000            0            0      0.00000 
   15     81.00000            0            0      0.00000 
   16     80.00000            0            0      0.00000 
   17     79.00000            0            0      0.00000 
   18     78.00000            0            0      0.00000 
   19     77.00000            0            0      0.00000 
   20     76.00000            0            0      0.00000 
   21     75.00000            0            0      0.00000 
   22     74.00000            0            0      0.00000 
   23     73.00000            0            0      0.00000 
   24     72.00000            0            0      0.00000 
   25     71.00000            0            0      0.00000 
   26     70.00000            0            0      0.00000 
   27     69.00000            0            0      0.00000 
   28     68.00000            0            0      0.00000 
   29     67.00000            0            0      0.00000 
   30     66.00000            0            0      0.00000 
   31     65.00000            0            0      0.00000 
   32     64.00000            0            0      0.00000 
   33     63.00000            0            0      0.00000 
   34     62.00000            0            0      0.00000 
   35     61.00000            0            0      0.00000 
   36     60.00000            0            0      0.00000 
   37     59.00000            0            0      0.00000 
   38     58.00000            0            0      0.00000 
   39     57.00000            0            0      0.00000 
   40     56.00000            0            0      0.00000 
   41     55.00000            0            0      0.00000 
   42     54.00000            0            0      0.00000 
   43     53.00000            0            0      0.00000 
   44     52.00000            0            0      0.00000 
   45     51.00000            0            0      0.00000 
   46     50.00000            0            0      0.00000 
   47     49.00000            0            0      0.00000 
   48     48.00000            0            0      0.00000 
   49     47.00000            0            0      0.00000 
   50     46.00000            0            0      0.00000 
   51     45.00000            0            0      0.00000 
   52     44.00000            0            0      0.00000 
   53     43.00000            0            0      0.00000 
   54     42.00000           90           66      0.75641 
   55     41.00000          232          188      0.81429 
   56     40.00000          346          300      0.84211 
   57     39.00000          437          388      0.85333 
   58     38.00000          527          476      0.85942 
   59     37.00000          627          574      0.87594 
   60     36.00000          732          663      0.87168 
   61     35.00000          877          795      0.89115 
   62     34.00000          989          901      0.90053 
   63     33.00000         1089          997      0.90508 
   64     32.00000         1194         1094      0.91346 
   65     31.00000         1257         1173      0.92263 
   66     30.00000         1319         1243      0.92350 
   67     29.00000         1352         1291      0.92773 
   68     28.00000         1386         1340      0.92883 
   69     27.00000         1397         1452      0.90488 
   70     26.00000         1412         1543      0.89205 
   71     25.00000         1453         1630      0.88680 
   72     24.00000         1478         1700      0.88232 
   73     23.00000         1506         1775      0.86986 
   74     22.00000         1583         1850      0.85465 
   75     21.00000         1648         1916      0.85802 
   76     20.00000         1710         2001      0.85745 
   77     19.00000         1746         2030      0.85064 
   78     18.00000         1807         2081      0.85185 
   79     17.00000         1900         2131      0.86877 
   80     16.00000         1966         2170      0.88685 
   81     15.00000         2049         2190      0.89549 
   82     14.00000         2122         2173      0.89499 
   83     13.00000         2183         2142      0.88647 
   84     12.00000         2637         2568      0.90605 
   85     11.00000         2787         2747      0.92555 
   86     10.00000         2899         2849      0.93006 
   87      9.00000         2984         2935      0.92718 
   88      8.00000         3037         2990      0.92484 
   89      7.00000         3081         3030      0.92063 
   90      6.00000         3075         3038      0.92001 
   91      5.00000         3073         3054      0.91888 
   92      4.00000         3006         3041      0.91682 
   93      3.00000         2928         3011      0.91766 
   94      2.00000         2784         2924      0.91521 
   95      1.00000         2609         2774      0.91213 
   96      0.00000         2506         2693      0.90902 
   97     -1.00000         2531         2773      0.89970 
   98     -2.00000         2622         2935      0.89005 
   99     -3.00000         2702         3037      0.88657 
  100     -4.00000         2790         3080      0.89370 
  101     -5.00000         2848         3087      0.90177 
  102     -6.00000         2851         3070      0.90728 
  103     -7.00000         2876         3079      0.91117 
  104     -8.00000         2848         3015      0.92001 
  105     -9.00000         2800         2939      0.92211 
  106    -10.00000         2750         2851      0.92733 
  107    -11.00000         2633         2729      0.92838 
  108    -12.00000         2451         2556      0.91951 
  109    -13.00000         2001         2185      0.91495 
  110    -14.00000         1948         2202      0.90265 
  111    -15.00000         1914         2196      0.89100 
  112    -16.00000         1860         2132      0.86673 
  113    -17.00000         1764         1974      0.82718 
  114    -18.00000         1531         1803      0.78464 
  115    -19.00000         1544         1948      0.80871 
  116    -20.00000         1532         2036      0.80942 
  117    -21.00000         1472         2067      0.80249 
  118    -22.00000         1411         2078      0.78705 
  119    -23.00000         1396         2071      0.77531 
  120    -24.00000         1440         2026      0.77265 
  121    -25.00000         1472         1974      0.77307 
  122    -26.00000         1504         1896      0.77882 
  123    -27.00000         1539         1859      0.77869 
  124    -28.00000         1553         1746      0.78630 
  125    -29.00000         1534         1638      0.79319 
  126    -30.00000         1505         1496      0.80307 
  127    -31.00000         1466         1339      0.82567 
  128    -32.00000         1419         1185      0.84716 
  129    -33.00000         1355         1109      0.84334 
  130    -34.00000         1279         1085      0.82149 
  131    -35.00000         1191         1046      0.79660 
  132    -36.00000         1048          958      0.76969 
  133    -37.00000          947          907      0.74542 
  134    -38.00000          868          844      0.71846 
  135    -39.00000          868          788      0.69565 
  136    -40.00000          836          718      0.66023 
  137    -41.00000          733          611      0.62500 
  138    -42.00000          580          488      0.57678 
  139    -43.00000          515          399      0.51860 
  140    -44.00000          525          367      0.48879 
  141    -45.00000          543          341      0.46606 
  142    -46.00000          527          290      0.42350 
  143    -47.00000          519          256      0.39742 
  144    -48.00000          504          215      0.37552 
  145    -49.00000          477          178      0.35115 
  146    -50.00000          437          137      0.32056 
  147    -51.00000          380           88      0.27350 
  148    -52.00000          327           32      0.15042 
  149    -53.00000          252            0      0.00000 
  150    -54.00000          205            0      0.00000 
  151    -55.00000          142            0      0.00000 
  152    -56.00000           88            0      0.00000 
  153    -57.00000           32            0      0.00000 
  154    -58.00000            0            0      0.00000 
  155    -59.00000            0            0      0.00000 
  156    -60.00000            0            0      0.00000 
  157    -61.00000            0            0      0.00000 
  158    -62.00000            0            0      0.00000 
  159    -63.00000            0            0      0.00000 
  160    -64.00000            0            0      0.00000 
  161    -65.00000            0            0      0.00000 
  162    -66.00000            0            0      0.00000 
  163    -67.00000            0            0      0.00000 
  164    -68.00000            0            0      0.00000 
  165    -69.00000            0            0      0.00000 
  166    -70.00000            0            0      0.00000 
  167    -71.00000            0            0      0.00000 
  168    -72.00000            0            0      0.00000 
  169    -73.00000            0            0      0.00000 
  170    -74.00000            0            0      0.00000 
  171    -75.00000            0            0      0.00000 
  172    -76.00000            0            0      0.00000 
  173    -77.00000            0            0      0.00000 
  174    -78.00000            0            0      0.00000 
  175    -79.00000            0            0      0.00000 
  176    -80.00000            0            0      0.00000 
  177    -81.00000            0            0      0.00000 
  178    -82.00000            0            0      0.00000 
  179    -83.00000            0            0      0.00000 
  180    -84.00000            0            0      0.00000 
  181    -85.00000            0            0      0.00000 
  182    -86.00000            0            0      0.00000 
  183    -87.00000            0            0      0.00000 
  184    -88.00000            0            0      0.00000 
  185    -89.00000            0            0      0.00000 
  186    -90.00000            0            0      0.00000 
  187    -91.00000            0            0      0.00000 
  188    -92.00000            0            0      0.00000 
  189    -93.00000            0            0      0.00000 
  190    -94.00000            0            0      0.00000 
  191    -95.00000            0            0      0.00000 
  192    -96.00000            0            0      0.00000 
  193    -97.00000            0            0      0.00000 
  194    -98.00000            0            0      0.00000 
