# 3dSliceNDice -insetA 9m_2min_m4_binary+orig -insetB 9m_4min_m4_binary+orig -prefix 9m_2min_4min_m4
    0    -72.00000            0            0      0.00000 
    1    -71.00000            0            0      0.00000 
    2    -70.00000            0            0      0.00000 
    3    -69.00000            0            0      0.00000 
    4    -68.00000            0            0      0.00000 
    5    -67.00000            0            0      0.00000 
    6    -66.00000            0            0      0.00000 
    7    -65.00000            0            0      0.00000 
    8    -64.00000            0            0      0.00000 
    9    -63.00000            0            0      0.00000 
   10    -62.00000            0            0      0.00000 
   11    -61.00000            0            0      0.00000 
   12    -60.00000            0            0      0.00000 
   13    -59.00000            0            0      0.00000 
   14    -58.00000            0            0      0.00000 
   15    -57.00000            0            0      0.00000 
   16    -56.00000            0            0      0.00000 
   17    -55.00000            0            0      0.00000 
   18    -54.00000            0            0      0.00000 
   19    -53.00000            0            0      0.00000 
   20    -52.00000            0            0      0.00000 
   21    -51.00000            0            0      0.00000 
   22    -50.00000            0            0      0.00000 
   23    -49.00000            0            0      0.00000 
   24    -48.00000            0            0      0.00000 
   25    -47.00000            0            0      0.00000 
   26    -46.00000            0            0      0.00000 
   27    -45.00000            0            0      0.00000 
   28    -44.00000            0            0      0.00000 
   29    -43.00000            0            0      0.00000 
   30    -42.00000            0            0      0.00000 
   31    -41.00000            0            0      0.00000 
   32    -40.00000            0            0      0.00000 
   33    -39.00000            0            0      0.00000 
   34    -38.00000            0            0      0.00000 
   35    -37.00000            0            0      0.00000 
   36    -36.00000            0            0      0.00000 
   37    -35.00000            0            0      0.00000 
   38    -34.00000            0            0      0.00000 
   39    -33.00000            0            0      0.00000 
   40    -32.00000           36          330      0.19672 
   41    -31.00000           91          505      0.30537 
   42    -30.00000          130          612      0.35040 
   43    -29.00000          171          708      0.38908 
   44    -28.00000          221          797      0.43418 
   45    -27.00000          322          891      0.53092 
   46    -26.00000          424          954      0.61538 
   47    -25.00000          511         1040      0.65893 
   48    -24.00000          563         1086      0.68284 
   49    -23.00000          614         1128      0.70494 
   50    -22.00000          660         1169      0.72171 
   51    -21.00000          708         1226      0.73216 
   52    -20.00000          809         1345      0.75116 
   53    -19.00000          865         1412      0.75977 
   54    -18.00000          911         1469      0.76555 
   55    -17.00000          933         1491      0.76980 
   56    -16.00000          915         1487      0.76187 
   57    -15.00000          863         1467      0.74077 
   58    -14.00000          749         1375      0.70527 
   59    -13.00000          639         1293      0.66149 
   60    -12.00000          512         1198      0.59883 
   61    -11.00000          434         1136      0.55287 
   62    -10.00000          344         1052      0.49284 
   63     -9.00000          226          919      0.39476 
   64     -8.00000           92          722      0.22604 
   65     -7.00000            0          336      0.00000 
   66     -6.00000            0          368      0.00000 
   67     -5.00000            0          389      0.00000 
   68     -4.00000            0          381      0.00000 
   69     -3.00000            0          369      0.00000 
   70     -2.00000            0          370      0.00000 
   71     -1.00000            0          359      0.00000 
   72      0.00000            0          348      0.00000 
   73      1.00000            0          318      0.00000 
   74      2.00000            0          282      0.00000 
   75      3.00000            0          251      0.00000 
   76      4.00000            0          242      0.00000 
   77      5.00000            0          232      0.00000 
   78      6.00000            0          214      0.00000 
   79      7.00000            0          198      0.00000 
   80      8.00000           32          168      0.00000 
   81      9.00000           88          141      0.00000 
   82     10.00000          140          112      0.00000 
   83     11.00000          180           75      0.00000 
   84     12.00000          216           32      0.00000 
   85     13.00000          548           96      0.21118 
   86     14.00000          881          264      0.37380 
   87     15.00000         1147          410      0.45729 
   88     16.00000         1334          520      0.50270 
   89     17.00000         1486          618      0.53992 
   90     18.00000         1782         1108      0.71419 
   91     19.00000         2005         1417      0.77615 
   92     20.00000         2199         1638      0.80323 
   93     21.00000         2302         1792      0.82511 
   94     22.00000         2382         1913      0.84237 
   95     23.00000         2552         2117      0.86357 
   96     24.00000         2732         2271      0.87028 
   97     25.00000         2911         2437      0.88369 
   98     26.00000         3010         2542      0.89409 
   99     27.00000         3071         2632      0.90268 
  100     28.00000         3406         3025      0.91805 
  101     29.00000         3698         3354      0.93165 
  102     30.00000         3959         3629      0.93911 
  103     31.00000         4126         3802      0.94273 
  104     32.00000         4251         3927      0.94766 
  105     33.00000         4414         4090      0.95484 
  106     34.00000         4523         4227      0.95543 
  107     35.00000         4719         4456      0.95978 
  108     36.00000         4861         4620      0.96319 
  109     37.00000         4982         4765      0.96686 
  110     38.00000         5084         4909      0.97028 
  111     39.00000         5108         4956      0.97357 
  112     40.00000         5142         5021      0.97924 
  113     41.00000         5137         5019      0.98208 
  114     42.00000         5079         4973      0.98607 
  115     43.00000         4959         4871      0.98881 
  116     44.00000         4764         4701      0.99102 
  117     45.00000         4578         4515      0.99043 
  118     46.00000         4370         4334      0.98920 
  119     47.00000         4133         4111      0.98690 
  120     48.00000         3833         3821      0.98328 
  121     49.00000         3461         3444      0.97900 
  122     50.00000         3122         3114      0.97370 
  123     51.00000         2687         2680      0.96702 
  124     52.00000         2210         2228      0.95764 
  125     53.00000         1780         1788      0.94563 
  126     54.00000         1291         1294      0.93849 
  127     55.00000          936          955      0.95505 
  128     56.00000          623          659      0.97036 
  129     57.00000          403          415      0.98533 
  130     58.00000          125          125      1.00000 
  131     59.00000            0            0      0.00000 
  132     60.00000            0            0      0.00000 
  133     61.00000            0            0      0.00000 
  134     62.00000            0            0      0.00000 
  135     63.00000            0            0      0.00000 
  136     64.00000            0            0      0.00000 
  137     65.00000            0            0      0.00000 
  138     66.00000            0            0      0.00000 
  139     67.00000            0            0      0.00000 
  140     68.00000            0            0      0.00000 
  141     69.00000            0            0      0.00000 
  142     70.00000            0            0      0.00000 
  143     71.00000            0            0      0.00000 
  144     72.00000            0            0      0.00000 
  145     73.00000            0            0      0.00000 
  146     74.00000            0            0      0.00000 
  147     75.00000            0            0      0.00000 
  148     76.00000            0            0      0.00000 
  149     77.00000            0            0      0.00000 
  150     78.00000            0            0      0.00000 
  151     79.00000            0            0      0.00000 
  152     80.00000            0            0      0.00000 
  153     81.00000            0            0      0.00000 
  154     82.00000            0            0      0.00000 
  155     83.00000            0            0      0.00000 
  156     84.00000            0            0      0.00000 
  157     85.00000            0            0      0.00000 
  158     86.00000            0            0      0.00000 
