# 3dSliceNDice -insetA 9m_3min_m3_binary+orig -insetB 9m_4min_m3_binary+orig -prefix 9m_3min_4min_m3
    0    134.00000            0            0      0.00000 
    1    133.00000            0            0      0.00000 
    2    132.00000            0            0      0.00000 
    3    131.00000            0            0      0.00000 
    4    130.00000            0            0      0.00000 
    5    129.00000            0            0      0.00000 
    6    128.00000            0            0      0.00000 
    7    127.00000            0            0      0.00000 
    8    126.00000            0            0      0.00000 
    9    125.00000            0            0      0.00000 
   10    124.00000            0            0      0.00000 
   11    123.00000            0            0      0.00000 
   12    122.00000            0            0      0.00000 
   13    121.00000            0            0      0.00000 
   14    120.00000            0            0      0.00000 
   15    119.00000            0            0      0.00000 
   16    118.00000            0            0      0.00000 
   17    117.00000            0            0      0.00000 
   18    116.00000            0            0      0.00000 
   19    115.00000            0            0      0.00000 
   20    114.00000            0            0      0.00000 
   21    113.00000            0            0      0.00000 
   22    112.00000            0            0      0.00000 
   23    111.00000            0            0      0.00000 
   24    110.00000            0            0      0.00000 
   25    109.00000            0            0      0.00000 
   26    108.00000            0            0      0.00000 
   27    107.00000            0            0      0.00000 
   28    106.00000            0            0      0.00000 
   29    105.00000            0            0      0.00000 
   30    104.00000            0            0      0.00000 
   31    103.00000            0            0      0.00000 
   32    102.00000            0            0      0.00000 
   33    101.00000            0            0      0.00000 
   34    100.00000            0            0      0.00000 
   35     99.00000            0            0      0.00000 
   36     98.00000            0            0      0.00000 
   37     97.00000            0            0      0.00000 
   38     96.00000            0            0      0.00000 
   39     95.00000            0            0      0.00000 
   40     94.00000            0            0      0.00000 
   41     93.00000            0            0      0.00000 
   42     92.00000            0            0      0.00000 
   43     91.00000            0            0      0.00000 
   44     90.00000            0            0      0.00000 
   45     89.00000            0            0      0.00000 
   46     88.00000            0            0      0.00000 
   47     87.00000            0            0      0.00000 
   48     86.00000            0            0      0.00000 
   49     85.00000            0            0      0.00000 
   50     84.00000            0            0      0.00000 
   51     83.00000            0            0      0.00000 
   52     82.00000            0            0      0.00000 
   53     81.00000            0            0      0.00000 
   54     80.00000            0            0      0.00000 
   55     79.00000            0            0      0.00000 
   56     78.00000            0            0      0.00000 
   57     77.00000            0            0      0.00000 
   58     76.00000            0            0      0.00000 
   59     75.00000            0            0      0.00000 
   60     74.00000            0            0      0.00000 
   61     73.00000            0            0      0.00000 
   62     72.00000           32           10      0.47619 
   63     71.00000           84           40      0.64516 
   64     70.00000          162           98      0.75385 
   65     69.00000          224          150      0.80214 
   66     68.00000          271          191      0.82684 
   67     67.00000          394          332      0.83747 
   68     66.00000          528          498      0.86550 
   69     65.00000          670          665      0.89288 
   70     64.00000          795          821      0.91460 
   71     63.00000          913          962      0.93120 
   72     62.00000         1031         1109      0.94112 
   73     61.00000         1119         1197      0.95769 
   74     60.00000         1253         1325      0.95811 
   75     59.00000         1335         1393      0.95528 
   76     58.00000         1411         1451      0.95458 
   77     57.00000         1560         1517      0.93988 
   78     56.00000         1683         1561      0.91615 
   79     55.00000         1811         1631      0.90296 
   80     54.00000         1906         1697      0.87982 
   81     53.00000         1989         1754      0.86188 
   82     52.00000         2179         1938      0.85062 
   83     51.00000         2300         2067      0.84177 
   84     50.00000         2390         2165      0.82942 
   85     49.00000         2455         2208      0.82007 
   86     48.00000         2533         2277      0.81247 
   87     47.00000         2588         2371      0.82315 
   88     46.00000         2639         2495      0.83015 
   89     45.00000         2720         2592      0.84714 
   90     44.00000         2731         2604      0.86111 
   91     43.00000         2681         2575      0.86416 
   92     42.00000         2559         2543      0.86907 
   93     41.00000         2628         2633      0.88842 
   94     40.00000         2727         2729      0.90762 
   95     39.00000         2770         2743      0.92146 
   96     38.00000         2804         2741      0.93814 
   97     37.00000         2849         2744      0.95906 
   98     36.00000         2871         2774      0.96616 
   99     35.00000         2914         2822      0.97245 
  100     34.00000         2895         2832      0.97328 
  101     33.00000         2908         2870      0.97473 
  102     32.00000         2885         2883      0.97607 
  103     31.00000         2821         2844      0.97511 
  104     30.00000         2801         2845      0.97662 
  105     29.00000         2767         2838      0.97377 
  106     28.00000         2738         2836      0.97201 
  107     27.00000         2683         2799      0.97045 
  108     26.00000         2603         2733      0.97001 
  109     25.00000         2544         2681      0.96957 
  110     24.00000         2465         2621      0.96697 
  111     23.00000         2393         2557      0.96525 
  112     22.00000         2322         2489      0.96404 
  113     21.00000         2240         2399      0.96443 
  114     20.00000         2133         2282      0.96625 
  115     19.00000         2034         2170      0.96765 
  116     18.00000         1951         2085      0.96680 
  117     17.00000         1851         2061      0.94632 
  118     16.00000         1771         2071      0.92140 
  119     15.00000         1690         2073      0.89716 
  120     14.00000         1592         2060      0.87130 
  121     13.00000         1534         2070      0.85017 
  122     12.00000         1516         2168      0.82139 
  123     11.00000         1508         2216      0.80720 
  124     10.00000         1463         2223      0.79056 
  125      9.00000         1374         2145      0.77806 
  126      8.00000         1287         2053      0.76647 
  127      7.00000         1163         1917      0.75195 
  128      6.00000         1027         1755      0.73329 
  129      5.00000          941         1655      0.72034 
  130      4.00000          809         1504      0.69866 
  131      3.00000          623         1329      0.63832 
  132      2.00000          334         1160      0.44712 
  133      1.00000          305         1073      0.44267 
  134      0.00000          279          977      0.44427 
  135     -1.00000          238          866      0.43116 
  136     -2.00000          211          737      0.44515 
  137     -3.00000          318          690      0.63095 
  138     -4.00000          449          783      0.72890 
  139     -5.00000          535          841      0.77762 
  140     -6.00000          587          857      0.81302 
  141     -7.00000          620          867      0.83389 
  142     -8.00000          651          859      0.86225 
  143     -9.00000          643          827      0.87483 
  144    -10.00000          645          801      0.89212 
  145    -11.00000          636          748      0.91908 
  146    -12.00000          622          713      0.93184 
  147    -13.00000          611          710      0.92506 
  148    -14.00000          585          698      0.91193 
  149    -15.00000          559          696      0.89084 
  150    -16.00000          557          692      0.89191 
  151    -17.00000          555          692      0.89014 
  152    -18.00000          547          684      0.88871 
  153    -19.00000          525          656      0.88908 
  154    -20.00000          501          629      0.88673 
  155    -21.00000          468          588      0.88636 
  156    -22.00000          447          554      0.89311 
  157    -23.00000          402          500      0.89135 
  158    -24.00000          366          456      0.89051 
  159    -25.00000          317          399      0.88547 
  160    -26.00000          257          322      0.88774 
  161    -27.00000          190          245      0.87356 
  162    -28.00000          129          148      0.93141 
  163    -29.00000          101          117      0.92661 
  164    -30.00000           66           77      0.92308 
  165    -31.00000           30           36      0.90909 
  166    -32.00000            1            1      1.00000 
  167    -33.00000            0            0      0.00000 
  168    -34.00000            0            0      0.00000 
  169    -35.00000            0            0      0.00000 
  170    -36.00000            0            0      0.00000 
  171    -37.00000            0            0      0.00000 
  172    -38.00000            0            0      0.00000 
  173    -39.00000            0            0      0.00000 
  174    -40.00000            0            0      0.00000 
  175    -41.00000            0            0      0.00000 
  176    -42.00000            0            0      0.00000 
  177    -43.00000            0            0      0.00000 
  178    -44.00000            0            0      0.00000 
  179    -45.00000            0            0      0.00000 
  180    -46.00000            0            0      0.00000 
  181    -47.00000            0            0      0.00000 
  182    -48.00000            0            0      0.00000 
  183    -49.00000            0            0      0.00000 
  184    -50.00000            0            0      0.00000 
  185    -51.00000            0            0      0.00000 
  186    -52.00000            0            0      0.00000 
  187    -53.00000            0            0      0.00000 
  188    -54.00000            0            0      0.00000 
  189    -55.00000            0            0      0.00000 
  190    -56.00000            0            0      0.00000 
  191    -57.00000            0            0      0.00000 
  192    -58.00000            0            0      0.00000 
  193    -59.00000            0            0      0.00000 
  194    -60.00000            0            0      0.00000 
  195    -61.00000            0            0      0.00000 
  196    -62.00000            0            0      0.00000 
  197    -63.00000            0            0      0.00000 
  198    -64.00000            0            0      0.00000 
  199    -65.00000            0            0      0.00000 
  200    -66.00000            0            0      0.00000 
  201    -67.00000            0            0      0.00000 
  202    -68.00000            0            0      0.00000 
  203    -69.00000            0            0      0.00000 
  204    -70.00000            0            0      0.00000 
  205    -71.00000            0            0      0.00000 
  206    -72.00000            0            0      0.00000 
  207    -73.00000            0            0      0.00000 
  208    -74.00000            0            0      0.00000 
  209    -75.00000            0            0      0.00000 
  210    -76.00000            0            0      0.00000 
  211    -77.00000            0            0      0.00000 
  212    -78.00000            0            0      0.00000 
  213    -79.00000            0            0      0.00000 
  214    -80.00000            0            0      0.00000 
  215    -81.00000            0            0      0.00000 
  216    -82.00000            0            0      0.00000 
  217    -83.00000            0            0      0.00000 
  218    -84.00000            0            0      0.00000 
  219    -85.00000            0            0      0.00000 
  220    -86.00000            0            0      0.00000 
  221    -87.00000            0            0      0.00000 
  222    -88.00000            0            0      0.00000 
  223    -89.00000            0            0      0.00000 
  224    -90.00000            0            0      0.00000 
  225    -91.00000            0            0      0.00000 
  226    -92.00000            0            0      0.00000 
  227    -93.00000            0            0      0.00000 
  228    -94.00000            0            0      0.00000 
  229    -95.00000            0            0      0.00000 
  230    -96.00000            0            0      0.00000 
  231    -97.00000            0            0      0.00000 
  232    -98.00000            0            0      0.00000 
