# 3dSliceNDice -insetA 9m_3min_m2_binary+orig -insetB 9m_5min_m2_binary+orig -prefix 9m_3min_5min_m2
    0     96.00000            0            0      0.00000 
    1     95.00000            0            0      0.00000 
    2     94.00000            0            0      0.00000 
    3     93.00000            0            0      0.00000 
    4     92.00000            0            0      0.00000 
    5     91.00000            0            0      0.00000 
    6     90.00000            0            0      0.00000 
    7     89.00000            0            0      0.00000 
    8     88.00000            0            0      0.00000 
    9     87.00000            0            0      0.00000 
   10     86.00000            0            0      0.00000 
   11     85.00000            0            0      0.00000 
   12     84.00000            0            0      0.00000 
   13     83.00000            0            0      0.00000 
   14     82.00000            0            0      0.00000 
   15     81.00000            0            0      0.00000 
   16     80.00000            0            0      0.00000 
   17     79.00000            0            0      0.00000 
   18     78.00000            0            0      0.00000 
   19     77.00000            0            0      0.00000 
   20     76.00000            0            0      0.00000 
   21     75.00000            0            0      0.00000 
   22     74.00000            0            0      0.00000 
   23     73.00000            0            0      0.00000 
   24     72.00000            0            0      0.00000 
   25     71.00000            0            0      0.00000 
   26     70.00000            0            0      0.00000 
   27     69.00000            0            0      0.00000 
   28     68.00000            0            0      0.00000 
   29     67.00000            0            0      0.00000 
   30     66.00000            0            0      0.00000 
   31     65.00000            0            0      0.00000 
   32     64.00000            0            0      0.00000 
   33     63.00000            0            0      0.00000 
   34     62.00000            0            0      0.00000 
   35     61.00000            0            0      0.00000 
   36     60.00000            0            0      0.00000 
   37     59.00000            0            0      0.00000 
   38     58.00000            0            0      0.00000 
   39     57.00000            0            0      0.00000 
   40     56.00000            0            0      0.00000 
   41     55.00000            0            0      0.00000 
   42     54.00000           22           15      0.43243 
   43     53.00000          111           80      0.69110 
   44     52.00000          174          146      0.71875 
   45     51.00000          203          188      0.71611 
   46     50.00000          255          230      0.70515 
   47     49.00000          315          269      0.69521 
   48     48.00000          376          279      0.65038 
   49     47.00000          408          297      0.64681 
   50     46.00000          405          297      0.64103 
   51     45.00000          398          297      0.63309 
   52     44.00000          398          276      0.58754 
   53     43.00000          404          256      0.55152 
   54     42.00000          386          240      0.54313 
   55     41.00000          388          265      0.61562 
   56     40.00000          406          296      0.68091 
   57     39.00000          388          303      0.74096 
   58     38.00000          355          301      0.83232 
   59     37.00000          342          331      0.98366 
   60     36.00000          386          386      1.00000 
   61     35.00000          468          466      0.99786 
   62     34.00000          537          530      0.99344 
   63     33.00000          587          576      0.99054 
   64     32.00000          647          629      0.98589 
   65     31.00000          696          670      0.97511 
   66     30.00000          757          730      0.97646 
   67     29.00000          810          781      0.97674 
   68     28.00000          866          833      0.97822 
   69     27.00000          913          888      0.97612 
   70     26.00000          949          947      0.97046 
   71     25.00000          990         1004      0.96489 
   72     24.00000         1033         1052      0.95827 
   73     23.00000         1067         1086      0.95588 
   74     22.00000         1117         1158      0.94505 
   75     21.00000         1169         1213      0.94542 
   76     20.00000         1222         1270      0.94623 
   77     19.00000         1262         1303      0.94659 
   78     18.00000         1287         1321      0.94555 
   79     17.00000         1316         1364      0.94478 
   80     16.00000         1340         1401      0.94126 
   81     15.00000         1393         1458      0.94142 
   82     14.00000         1432         1494      0.94395 
   83     13.00000         1475         1536      0.94587 
   84     12.00000         1505         1580      0.94263 
   85     11.00000         1501         1619      0.92949 
   86     10.00000         1503         1646      0.92220 
   87      9.00000         1510         1684      0.91922 
   88      8.00000         1532         1737      0.91894 
   89      7.00000         1565         1811      0.91528 
   90      6.00000         1565         1834      0.91321 
   91      5.00000         1556         1858      0.90920 
   92      4.00000         1540         1849      0.90882 
   93      3.00000         1513         1829      0.90545 
   94      2.00000         1474         1796      0.90153 
   95      1.00000         1441         1765      0.89894 
   96      0.00000         1438         1760      0.89931 
   97     -1.00000         1443         1745      0.90527 
   98     -2.00000         1451         1742      0.90886 
   99     -3.00000         1462         1720      0.91892 
  100     -4.00000         1485         1724      0.92552 
  101     -5.00000         1480         1684      0.93552 
  102     -6.00000         1479         1638      0.94899 
  103     -7.00000         1463         1592      0.95777 
  104     -8.00000         1454         1550      0.96804 
  105     -9.00000         1448         1520      0.97574 
  106    -10.00000         1444         1488      0.98499 
  107    -11.00000         1444         1463      0.98590 
  108    -12.00000         1444         1439      0.98509 
  109    -13.00000         1415         1413      0.98373 
  110    -14.00000         1375         1393      0.98483 
  111    -15.00000         1344         1377      0.98493 
  112    -16.00000         1304         1343      0.98224 
  113    -17.00000         1291         1332      0.97522 
  114    -18.00000         1292         1391      0.93179 
  115    -19.00000         1311         1467      0.89345 
  116    -20.00000         1318         1504      0.86960 
  117    -21.00000         1306         1504      0.84911 
  118    -22.00000         1319         1502      0.83942 
  119    -23.00000         1395         1527      0.81246 
  120    -24.00000         1469         1532      0.79107 
  121    -25.00000         1523         1536      0.76561 
  122    -26.00000         1518         1475      0.74507 
  123    -27.00000         1517         1435      0.73035 
  124    -28.00000         1506         1436      0.70972 
  125    -29.00000         1475         1466      0.70792 
  126    -30.00000         1448         1480      0.70355 
  127    -31.00000         1368         1444      0.69844 
  128    -32.00000         1314         1404      0.68948 
  129    -33.00000         1239         1349      0.68624 
  130    -34.00000         1167         1279      0.67784 
  131    -35.00000         1094         1191      0.66958 
  132    -36.00000          972         1048      0.64653 
  133    -37.00000          861          971      0.62336 
  134    -38.00000          771          889      0.61928 
  135    -39.00000          710          794      0.60771 
  136    -40.00000          638          716      0.61448 
  137    -41.00000          535          636      0.64560 
  138    -42.00000          478          568      0.68451 
  139    -43.00000          448          528      0.75410 
  140    -44.00000          438          483      0.84908 
  141    -45.00000          457          470      0.91478 
  142    -46.00000          478          462      0.96170 
  143    -47.00000          515          477      0.96169 
  144    -48.00000          556          502      0.94896 
  145    -49.00000          573          508      0.93987 
  146    -50.00000          601          521      0.92870 
  147    -51.00000          606          521      0.92458 
  148    -52.00000          610          522      0.92226 
  149    -53.00000          604          512      0.91756 
  150    -54.00000          591          497      0.91360 
  151    -55.00000          572          477      0.90944 
  152    -56.00000          550          450      0.90000 
  153    -57.00000          495          407      0.90244 
  154    -58.00000          275          266      0.98336 
  155    -59.00000           51           51      1.00000 
  156    -60.00000            0            0      0.00000 
  157    -61.00000            0            0      0.00000 
  158    -62.00000            0            0      0.00000 
  159    -63.00000            0            0      0.00000 
  160    -64.00000            0            0      0.00000 
  161    -65.00000            0            0      0.00000 
  162    -66.00000            0            0      0.00000 
  163    -67.00000            0            0      0.00000 
  164    -68.00000            0            0      0.00000 
  165    -69.00000            0            0      0.00000 
  166    -70.00000            0            0      0.00000 
  167    -71.00000            0            0      0.00000 
  168    -72.00000            0            0      0.00000 
  169    -73.00000            0            0      0.00000 
  170    -74.00000            0            0      0.00000 
  171    -75.00000            0            0      0.00000 
  172    -76.00000            0            0      0.00000 
  173    -77.00000            0            0      0.00000 
  174    -78.00000            0            0      0.00000 
  175    -79.00000            0            0      0.00000 
  176    -80.00000            0            0      0.00000 
  177    -81.00000            0            0      0.00000 
  178    -82.00000            0            0      0.00000 
  179    -83.00000            0            0      0.00000 
  180    -84.00000            0            0      0.00000 
  181    -85.00000            0            0      0.00000 
  182    -86.00000            0            0      0.00000 
  183    -87.00000            0            0      0.00000 
  184    -88.00000            0            0      0.00000 
  185    -89.00000            0            0      0.00000 
  186    -90.00000            0            0      0.00000 
  187    -91.00000            0            0      0.00000 
  188    -92.00000            0            0      0.00000 
  189    -93.00000            0            0      0.00000 
  190    -94.00000            0            0      0.00000 
  191    -95.00000            0            0      0.00000 
  192    -96.00000            0            0      0.00000 
  193    -97.00000            0            0      0.00000 
  194    -98.00000            0            0      0.00000 
