# 3dSliceNDice -insetA 9m_3min_m5_binary+orig -insetB 9m_4min_m5_binary+orig -prefix 9m_3min_4min_m5
    0    134.00000            0            0      0.00000 
    1    133.00000            0            0      0.00000 
    2    132.00000            0            0      0.00000 
    3    131.00000            0            0      0.00000 
    4    130.00000            0            0      0.00000 
    5    129.00000            0            0      0.00000 
    6    128.00000            0            0      0.00000 
    7    127.00000            0            0      0.00000 
    8    126.00000            0            0      0.00000 
    9    125.00000            0            0      0.00000 
   10    124.00000            0            0      0.00000 
   11    123.00000            0            0      0.00000 
   12    122.00000            0            0      0.00000 
   13    121.00000            0            0      0.00000 
   14    120.00000            0            0      0.00000 
   15    119.00000            0            0      0.00000 
   16    118.00000            0            0      0.00000 
   17    117.00000            0            0      0.00000 
   18    116.00000            0            0      0.00000 
   19    115.00000            0            0      0.00000 
   20    114.00000            0            0      0.00000 
   21    113.00000            0            0      0.00000 
   22    112.00000            0            0      0.00000 
   23    111.00000            0            0      0.00000 
   24    110.00000            0            0      0.00000 
   25    109.00000            0            0      0.00000 
   26    108.00000            0            0      0.00000 
   27    107.00000            0            0      0.00000 
   28    106.00000            0            0      0.00000 
   29    105.00000            0            0      0.00000 
   30    104.00000            0            0      0.00000 
   31    103.00000            0            0      0.00000 
   32    102.00000            0            0      0.00000 
   33    101.00000            0            0      0.00000 
   34    100.00000            0            0      0.00000 
   35     99.00000            0            0      0.00000 
   36     98.00000            0            0      0.00000 
   37     97.00000            0            0      0.00000 
   38     96.00000            0            0      0.00000 
   39     95.00000            0            0      0.00000 
   40     94.00000            0            0      0.00000 
   41     93.00000            0            0      0.00000 
   42     92.00000            0            0      0.00000 
   43     91.00000            0            0      0.00000 
   44     90.00000            0            0      0.00000 
   45     89.00000            0            0      0.00000 
   46     88.00000            0            0      0.00000 
   47     87.00000            0            0      0.00000 
   48     86.00000            0            0      0.00000 
   49     85.00000            0            0      0.00000 
   50     84.00000            0            0      0.00000 
   51     83.00000            0            0      0.00000 
   52     82.00000            0            0      0.00000 
   53     81.00000            0            0      0.00000 
   54     80.00000            0            0      0.00000 
   55     79.00000            0            0      0.00000 
   56     78.00000            0            0      0.00000 
   57     77.00000            0            0      0.00000 
   58     76.00000            0            0      0.00000 
   59     75.00000            0            0      0.00000 
   60     74.00000            0            0      0.00000 
   61     73.00000            0            0      0.00000 
   62     72.00000           32           32      1.00000 
   63     71.00000           83           83      1.00000 
   64     70.00000          143          143      1.00000 
   65     69.00000          192          192      1.00000 
   66     68.00000          230          230      1.00000 
   67     67.00000          326          329      0.99542 
   68     66.00000          414          415      0.97467 
   69     65.00000          505          501      0.96620 
   70     64.00000          580          572      0.95486 
   71     63.00000          649          637      0.95179 
   72     62.00000          831          795      0.92989 
   73     61.00000         1017          963      0.92323 
   74     60.00000         1192         1139      0.91806 
   75     59.00000         1331         1287      0.91597 
   76     58.00000         1441         1404      0.91951 
   77     57.00000         1581         1670      0.94679 
   78     56.00000         1708         1854      0.94834 
   79     55.00000         1850         2022      0.95145 
   80     54.00000         1959         2141      0.95317 
   81     53.00000         2045         2241      0.95240 
   82     52.00000         2156         2355      0.95411 
   83     51.00000         2279         2450      0.95538 
   84     50.00000         2426         2562      0.96191 
   85     49.00000         2563         2652      0.95954 
   86     48.00000         2700         2762      0.96009 
   87     47.00000         2854         2867      0.95822 
   88     46.00000         2937         2929      0.95568 
   89     45.00000         3057         3016      0.95142 
   90     44.00000         3100         3041      0.94610 
   91     43.00000         3149         3085      0.94642 
   92     42.00000         3176         3112      0.94720 
   93     41.00000         3173         3108      0.94762 
   94     40.00000         3216         3153      0.94960 
   95     39.00000         3196         3128      0.95098 
   96     38.00000         3212         3128      0.95205 
   97     37.00000         3188         3090      0.95190 
   98     36.00000         3103         3010      0.95272 
   99     35.00000         3046         2951      0.95281 
  100     34.00000         2942         2845      0.94971 
  101     33.00000         2853         2730      0.94250 
  102     32.00000         2960         2901      0.90155 
  103     31.00000         3083         3108      0.90551 
  104     30.00000         3122         3250      0.90772 
  105     29.00000         3129         3329      0.90833 
  106     28.00000         3111         3355      0.90844 
  107     27.00000         3105         3350      0.90225 
  108     26.00000         3059         3287      0.89348 
  109     25.00000         3023         3235      0.88623 
  110     24.00000         2897         3090      0.87991 
  111     23.00000         2753         2931      0.87790 
  112     22.00000         2647         2802      0.89191 
  113     21.00000         2561         2710      0.88560 
  114     20.00000         2475         2585      0.88103 
  115     19.00000         2376         2479      0.87044 
  116     18.00000         2333         2437      0.86457 
  117     17.00000         2294         2385      0.85617 
  118     16.00000         2264         2330      0.84763 
  119     15.00000         2257         2291      0.83817 
  120     14.00000         2215         2228      0.83187 
  121     13.00000         2189         2166      0.82710 
  122     12.00000         2140         2115      0.83666 
  123     11.00000         2062         2062      0.85451 
  124     10.00000         1990         1983      0.87340 
  125      9.00000         1850         1842      0.88028 
  126      8.00000         1695         1704      0.88791 
  127      7.00000         1517         1546      0.87953 
  128      6.00000         1379         1437      0.88565 
  129      5.00000         1323         1381      0.88092 
  130      4.00000         1217         1262      0.85599 
  131      3.00000         1143         1139      0.82384 
  132      2.00000         1045         1016      0.79476 
  133      1.00000          954          950      0.78151 
  134      0.00000          848          880      0.76273 
  135     -1.00000          696          777      0.72369 
  136     -2.00000          523          678      0.64613 
  137     -3.00000          372          577      0.56691 
  138     -4.00000          320          518      0.53699 
  139     -5.00000          260          451      0.49226 
  140     -6.00000          176          353      0.40454 
  141     -7.00000           64          236      0.21333 
  142     -8.00000            0          122      0.00000 
  143     -9.00000            0          101      0.00000 
  144    -10.00000            0           77      0.00000 
  145    -11.00000            0           44      0.00000 
  146    -12.00000            0           10      0.00000 
  147    -13.00000            0            0      0.00000 
  148    -14.00000            0            0      0.00000 
  149    -15.00000            0            0      0.00000 
  150    -16.00000            0            0      0.00000 
  151    -17.00000            0            0      0.00000 
  152    -18.00000            0            0      0.00000 
  153    -19.00000            0            0      0.00000 
  154    -20.00000            0            0      0.00000 
  155    -21.00000            0            0      0.00000 
  156    -22.00000            0            0      0.00000 
  157    -23.00000            0            0      0.00000 
  158    -24.00000            0            0      0.00000 
  159    -25.00000            0            0      0.00000 
  160    -26.00000            0            0      0.00000 
  161    -27.00000            0            0      0.00000 
  162    -28.00000            0            0      0.00000 
  163    -29.00000            0            0      0.00000 
  164    -30.00000            0            0      0.00000 
  165    -31.00000            0            0      0.00000 
  166    -32.00000            0            0      0.00000 
  167    -33.00000            0            0      0.00000 
  168    -34.00000            0            0      0.00000 
  169    -35.00000            0            0      0.00000 
  170    -36.00000            0            0      0.00000 
  171    -37.00000            0            0      0.00000 
  172    -38.00000            0            0      0.00000 
  173    -39.00000            0            0      0.00000 
  174    -40.00000            0            0      0.00000 
  175    -41.00000            0            0      0.00000 
  176    -42.00000            0            0      0.00000 
  177    -43.00000            0            0      0.00000 
  178    -44.00000            0            0      0.00000 
  179    -45.00000            0            0      0.00000 
  180    -46.00000            0            0      0.00000 
  181    -47.00000            0            0      0.00000 
  182    -48.00000            0            0      0.00000 
  183    -49.00000            0            0      0.00000 
  184    -50.00000            0            0      0.00000 
  185    -51.00000            0            0      0.00000 
  186    -52.00000            0            0      0.00000 
  187    -53.00000            0            0      0.00000 
  188    -54.00000            0            0      0.00000 
  189    -55.00000            0            0      0.00000 
  190    -56.00000            0            0      0.00000 
  191    -57.00000            0            0      0.00000 
  192    -58.00000            0            0      0.00000 
  193    -59.00000            0            0      0.00000 
  194    -60.00000            0            0      0.00000 
  195    -61.00000            0            0      0.00000 
  196    -62.00000            0            0      0.00000 
  197    -63.00000            0            0      0.00000 
  198    -64.00000            0            0      0.00000 
  199    -65.00000            0            0      0.00000 
  200    -66.00000            0            0      0.00000 
  201    -67.00000            0            0      0.00000 
  202    -68.00000            0            0      0.00000 
  203    -69.00000            0            0      0.00000 
  204    -70.00000            0            0      0.00000 
  205    -71.00000            0            0      0.00000 
  206    -72.00000            0            0      0.00000 
  207    -73.00000            0            0      0.00000 
  208    -74.00000            0            0      0.00000 
  209    -75.00000            0            0      0.00000 
  210    -76.00000            0            0      0.00000 
  211    -77.00000            0            0      0.00000 
  212    -78.00000            0            0      0.00000 
  213    -79.00000            0            0      0.00000 
  214    -80.00000            0            0      0.00000 
  215    -81.00000            0            0      0.00000 
  216    -82.00000            0            0      0.00000 
  217    -83.00000            0            0      0.00000 
  218    -84.00000            0            0      0.00000 
  219    -85.00000            0            0      0.00000 
  220    -86.00000            0            0      0.00000 
  221    -87.00000            0            0      0.00000 
  222    -88.00000            0            0      0.00000 
  223    -89.00000            0            0      0.00000 
  224    -90.00000            0            0      0.00000 
  225    -91.00000            0            0      0.00000 
  226    -92.00000            0            0      0.00000 
  227    -93.00000            0            0      0.00000 
  228    -94.00000            0            0      0.00000 
  229    -95.00000            0            0      0.00000 
  230    -96.00000            0            0      0.00000 
  231    -97.00000            0            0      0.00000 
  232    -98.00000            0            0      0.00000 
