# 3dSliceNDice -insetA 9m_3min_m5_binary+orig -insetB 9m_5min_m5_binary+orig -prefix 9m_3min_5min_m5
    0    -72.00000            0            0      0.00000 
    1    -71.00000            0            0      0.00000 
    2    -70.00000            0            0      0.00000 
    3    -69.00000            0            0      0.00000 
    4    -68.00000            0            0      0.00000 
    5    -67.00000            0            0      0.00000 
    6    -66.00000            0            0      0.00000 
    7    -65.00000            0            0      0.00000 
    8    -64.00000            0            0      0.00000 
    9    -63.00000            0            0      0.00000 
   10    -62.00000            0            0      0.00000 
   11    -61.00000            0            0      0.00000 
   12    -60.00000            0            0      0.00000 
   13    -59.00000            0            0      0.00000 
   14    -58.00000            0            0      0.00000 
   15    -57.00000            0            0      0.00000 
   16    -56.00000            0            0      0.00000 
   17    -55.00000            0            0      0.00000 
   18    -54.00000            0            0      0.00000 
   19    -53.00000            0            0      0.00000 
   20    -52.00000            0            0      0.00000 
   21    -51.00000            6            6      1.00000 
   22    -50.00000          137          137      1.00000 
   23    -49.00000          681          681      1.00000 
   24    -48.00000         1101         1101      1.00000 
   25    -47.00000         1342         1342      1.00000 
   26    -46.00000         1600         1598      0.99937 
   27    -45.00000         1862         1840      0.99406 
   28    -44.00000         2076         2042      0.99174 
   29    -43.00000         2295         2243      0.98854 
   30    -42.00000         2469         2412      0.98586 
   31    -41.00000         2587         2527      0.98240 
   32    -40.00000         2692         2631      0.98103 
   33    -39.00000         2755         2704      0.98333 
   34    -38.00000         2819         2771      0.97925 
   35    -37.00000         2847         2815      0.98199 
   36    -36.00000         2894         2875      0.98457 
   37    -35.00000         2911         2900      0.98778 
   38    -34.00000         2898         2894      0.98860 
   39    -33.00000         2894         2891      0.98738 
   40    -32.00000         2866         2867      0.98448 
   41    -31.00000         2836         2835      0.98290 
   42    -30.00000         2775         2771      0.98125 
   43    -29.00000         2690         2668      0.97723 
   44    -28.00000         2646         2588      0.96790 
   45    -27.00000         2604         2486      0.96267 
   46    -26.00000         2612         2495      0.96299 
   47    -25.00000         2528         2420      0.96362 
   48    -24.00000         2362         2262      0.96237 
   49    -23.00000         2093         2016      0.95206 
   50    -22.00000         1673         1743      0.93560 
   51    -21.00000         1579         1643      0.93358 
   52    -20.00000         1450         1506      0.92963 
   53    -19.00000         1280         1309      0.91696 
   54    -18.00000          999          979      0.86957 
   55    -17.00000          357          296      0.72282 
   56    -16.00000          312          254      0.68551 
   57    -15.00000          266          204      0.62553 
   58    -14.00000          176          138      0.50318 
   59    -13.00000           64           60      0.12903 
   60    -12.00000            0            0      0.00000 
   61    -11.00000            0            0      0.00000 
   62    -10.00000            0            0      0.00000 
   63     -9.00000            0            0      0.00000 
   64     -8.00000            0            0      0.00000 
   65     -7.00000            0            0      0.00000 
   66     -6.00000            0            0      0.00000 
   67     -5.00000            0            0      0.00000 
   68     -4.00000            0            0      0.00000 
   69     -3.00000            0            0      0.00000 
   70     -2.00000          112           60      0.69767 
   71     -1.00000          213          138      0.78632 
   72      0.00000          293          204      0.82093 
   73      1.00000          353          254      0.83690 
   74      2.00000          401          296      0.84935 
   75      3.00000          498          401      0.84093 
   76      4.00000          614          554      0.81849 
   77      5.00000          751          728      0.82082 
   78      6.00000          850          865      0.82799 
   79      7.00000          936          990      0.83593 
   80      8.00000         1193         1303      0.77484 
   81      9.00000         1476         1685      0.75103 
   82     10.00000         1729         2029      0.76796 
   83     11.00000         1895         2250      0.78118 
   84     12.00000         2031         2432      0.79453 
   85     13.00000         2237         2643      0.82869 
   86     14.00000         2349         2740      0.84692 
   87     15.00000         2505         2878      0.86532 
   88     16.00000         2601         2958      0.88253 
   89     17.00000         2689         3025      0.89569 
   90     18.00000         2765         3102      0.90336 
   91     19.00000         2794         3148      0.90205 
   92     20.00000         2834         3202      0.90225 
   93     21.00000         2795         3197      0.89686 
   94     22.00000         2781         3199      0.89197 
   95     23.00000         2729         3174      0.88701 
   96     24.00000         2658         3129      0.88025 
   97     25.00000         2599         3078      0.87652 
   98     26.00000         2474         2936      0.86063 
   99     27.00000         2364         2820      0.84915 
  100     28.00000         2248         2678      0.83719 
  101     29.00000         2174         2573      0.82663 
  102     30.00000         2091         2430      0.81663 
  103     31.00000         1925         2185      0.79757 
  104     32.00000         1753         1913      0.78123 
  105     33.00000         1574         1626      0.79125 
  106     34.00000         1538         1531      0.79635 
  107     35.00000         1508         1435      0.80190 
  108     36.00000         1413         1263      0.80867 
  109     37.00000         1316         1025      0.79710 
  110     38.00000         1199          754      0.74245 
  111     39.00000         1149          725      0.75774 
  112     40.00000         1089          701      0.78324 
  113     41.00000          975          665      0.81098 
  114     42.00000          788          620      0.88068 
  115     43.00000          574          574      1.00000 
  116     44.00000          531          531      1.00000 
  117     45.00000          494          494      1.00000 
  118     46.00000          437          437      1.00000 
  119     47.00000          387          387      1.00000 
  120     48.00000          342          342      1.00000 
  121     49.00000          297          297      1.00000 
  122     50.00000          234          234      1.00000 
  123     51.00000          154          154      1.00000 
  124     52.00000           87           87      1.00000 
  125     53.00000           29           29      1.00000 
  126     54.00000            3            3      1.00000 
  127     55.00000            0            0      0.00000 
  128     56.00000            0            0      0.00000 
  129     57.00000            0            0      0.00000 
  130     58.00000            0            0      0.00000 
  131     59.00000            0            0      0.00000 
  132     60.00000            0            0      0.00000 
  133     61.00000            0            0      0.00000 
  134     62.00000            0            0      0.00000 
  135     63.00000            0            0      0.00000 
  136     64.00000            0            0      0.00000 
  137     65.00000            0            0      0.00000 
  138     66.00000            0            0      0.00000 
  139     67.00000            0            0      0.00000 
  140     68.00000            0            0      0.00000 
  141     69.00000            0            0      0.00000 
  142     70.00000            0            0      0.00000 
  143     71.00000            0            0      0.00000 
  144     72.00000            0            0      0.00000 
  145     73.00000            0            0      0.00000 
  146     74.00000            0            0      0.00000 
  147     75.00000            0            0      0.00000 
  148     76.00000            0            0      0.00000 
  149     77.00000            0            0      0.00000 
  150     78.00000            0            0      0.00000 
  151     79.00000            0            0      0.00000 
  152     80.00000            0            0      0.00000 
  153     81.00000            0            0      0.00000 
  154     82.00000            0            0      0.00000 
  155     83.00000            0            0      0.00000 
  156     84.00000            0            0      0.00000 
  157     85.00000            0            0      0.00000 
  158     86.00000            0            0      0.00000 
