# 3dSliceNDice -insetA 9m_3min_m2_binary+orig -insetB 9m_4min_m2_binary+orig -prefix 9m_3min_4min_m2
    0    134.00000            0            0      0.00000 
    1    133.00000            0            0      0.00000 
    2    132.00000            0            0      0.00000 
    3    131.00000            0            0      0.00000 
    4    130.00000            0            0      0.00000 
    5    129.00000            0            0      0.00000 
    6    128.00000            0            0      0.00000 
    7    127.00000            0            0      0.00000 
    8    126.00000            0            0      0.00000 
    9    125.00000            0            0      0.00000 
   10    124.00000            0            0      0.00000 
   11    123.00000            0            0      0.00000 
   12    122.00000            0            0      0.00000 
   13    121.00000            0            0      0.00000 
   14    120.00000            0            0      0.00000 
   15    119.00000            0            0      0.00000 
   16    118.00000            0            0      0.00000 
   17    117.00000            0            0      0.00000 
   18    116.00000            0            0      0.00000 
   19    115.00000            0            0      0.00000 
   20    114.00000            0            0      0.00000 
   21    113.00000            0            0      0.00000 
   22    112.00000            0            0      0.00000 
   23    111.00000            0            0      0.00000 
   24    110.00000            0            0      0.00000 
   25    109.00000            0            0      0.00000 
   26    108.00000            0            0      0.00000 
   27    107.00000            0            0      0.00000 
   28    106.00000            0            0      0.00000 
   29    105.00000            0            0      0.00000 
   30    104.00000            0            0      0.00000 
   31    103.00000            0            0      0.00000 
   32    102.00000            0            0      0.00000 
   33    101.00000            0            0      0.00000 
   34    100.00000            0            0      0.00000 
   35     99.00000            0            0      0.00000 
   36     98.00000            0            0      0.00000 
   37     97.00000            0            0      0.00000 
   38     96.00000            0            0      0.00000 
   39     95.00000            0            0      0.00000 
   40     94.00000            0            0      0.00000 
   41     93.00000            0            0      0.00000 
   42     92.00000            0            0      0.00000 
   43     91.00000            0            0      0.00000 
   44     90.00000            0            0      0.00000 
   45     89.00000            0            0      0.00000 
   46     88.00000            0            0      0.00000 
   47     87.00000            0            0      0.00000 
   48     86.00000            0            0      0.00000 
   49     85.00000            0            0      0.00000 
   50     84.00000            0            0      0.00000 
   51     83.00000            0            0      0.00000 
   52     82.00000            0            0      0.00000 
   53     81.00000            0            0      0.00000 
   54     80.00000            0            0      0.00000 
   55     79.00000            0            4      0.00000 
   56     78.00000            0           32      0.00000 
   57     77.00000            0           73      0.00000 
   58     76.00000            0          109      0.00000 
   59     75.00000            0          159      0.00000 
   60     74.00000            0          218      0.00000 
   61     73.00000            0          276      0.00000 
   62     72.00000            0          335      0.00000 
   63     71.00000            0          390      0.00000 
   64     70.00000            0          450      0.00000 
   65     69.00000            0          471      0.00000 
   66     68.00000            0          487      0.00000 
   67     67.00000            0          494      0.00000 
   68     66.00000            0          499      0.00000 
   69     65.00000            0          508      0.00000 
   70     64.00000            0          500      0.00000 
   71     63.00000            0          508      0.00000 
   72     62.00000          151          553      0.21875 
   73     61.00000          345          625      0.44536 
   74     60.00000          506          675      0.56224 
   75     59.00000          644          701      0.63346 
   76     58.00000          752          714      0.67121 
   77     57.00000          949          967      0.80063 
   78     56.00000         1134         1149      0.85502 
   79     55.00000         1288         1272      0.87422 
   80     54.00000         1407         1345      0.88590 
   81     53.00000         1509         1400      0.88553 
   82     52.00000         1613         1506      0.89965 
   83     51.00000         1728         1596      0.90915 
   84     50.00000         1841         1671      0.91002 
   85     49.00000         1930         1720      0.91178 
   86     48.00000         2017         1767      0.90962 
   87     47.00000         2139         1850      0.90750 
   88     46.00000         2224         1956      0.92249 
   89     45.00000         2303         2066      0.93568 
   90     44.00000         2336         2143      0.94977 
   91     43.00000         2351         2212      0.96428 
   92     42.00000         2397         2300      0.97594 
   93     41.00000         2441         2396      0.98449 
   94     40.00000         2508         2496      0.98681 
   95     39.00000         2535         2555      0.98546 
   96     38.00000         2563         2605      0.98336 
   97     37.00000         2603         2695      0.97471 
   98     36.00000         2621         2757      0.96690 
   99     35.00000         2663         2815      0.96313 
  100     34.00000         2678         2838      0.96193 
  101     33.00000         2707         2873      0.96129 
  102     32.00000         2865         2993      0.96961 
  103     31.00000         2951         3041      0.97664 
  104     30.00000         3019         3101      0.97843 
  105     29.00000         3028         3115      0.97770 
  106     28.00000         3010         3107      0.97597 
  107     27.00000         2944         3048      0.97430 
  108     26.00000         2822         2923      0.97372 
  109     25.00000         2710         2822      0.97180 
  110     24.00000         2574         2695      0.97096 
  111     23.00000         2470         2597      0.97020 
  112     22.00000         2368         2508      0.96801 
  113     21.00000         2251         2407      0.96565 
  114     20.00000         2112         2280      0.96175 
  115     19.00000         1985         2140      0.95515 
  116     18.00000         1901         2055      0.94641 
  117     17.00000         1807         1943      0.93707 
  118     16.00000         1724         1848      0.92721 
  119     15.00000         1643         1761      0.91187 
  120     14.00000         1515         1625      0.89236 
  121     13.00000         1386         1471      0.85474 
  122     12.00000         1209         1250      0.80765 
  123     11.00000         1078         1145      0.80792 
  124     10.00000          923         1010      0.81014 
  125      9.00000          726          829      0.82058 
  126      8.00000          486          549      0.87729 
  127      7.00000          274          299      0.95637 
  128      6.00000          153          178      0.92447 
  129      5.00000           98          120      0.89908 
  130      4.00000           40           53      0.86022 
  131      3.00000            0            0      0.00000 
  132      2.00000           32           32      0.12500 
  133      1.00000           88           88      0.43182 
  134      0.00000          140          140      0.54286 
  135     -1.00000          178          178      0.59551 
  136     -2.00000          197          195      0.64286 
  137     -3.00000          229          219      0.67857 
  138     -4.00000          243          233      0.69328 
  139     -5.00000          263          255      0.70656 
  140     -6.00000          268          260      0.71212 
  141     -7.00000          267          257      0.71374 
  142     -8.00000          265          285      0.67273 
  143     -9.00000          249          326      0.60522 
  144    -10.00000          236          346      0.56014 
  145    -11.00000          224          362      0.53584 
  146    -12.00000          195          355      0.50909 
  147    -13.00000          178          356      0.46442 
  148    -14.00000          179          359      0.45725 
  149    -15.00000          177          370      0.44607 
  150    -16.00000          172          355      0.45161 
  151    -17.00000          155          341      0.42339 
  152    -18.00000          135          307      0.39819 
  153    -19.00000          106          273      0.33773 
  154    -20.00000           81          233      0.28025 
  155    -21.00000           53          185      0.19328 
  156    -22.00000           21          136      0.02548 
  157    -23.00000            0           99      0.00000 
  158    -24.00000            0           75      0.00000 
  159    -25.00000            0           50      0.00000 
  160    -26.00000            0           24      0.00000 
  161    -27.00000            0            3      0.00000 
  162    -28.00000            0            0      0.00000 
  163    -29.00000            0            0      0.00000 
  164    -30.00000            0            0      0.00000 
  165    -31.00000            0            0      0.00000 
  166    -32.00000            0            0      0.00000 
  167    -33.00000            0            0      0.00000 
  168    -34.00000            0            0      0.00000 
  169    -35.00000            0            0      0.00000 
  170    -36.00000            0            0      0.00000 
  171    -37.00000            0            0      0.00000 
  172    -38.00000            0            0      0.00000 
  173    -39.00000            0            0      0.00000 
  174    -40.00000            0            0      0.00000 
  175    -41.00000            0            0      0.00000 
  176    -42.00000            0            0      0.00000 
  177    -43.00000            0            0      0.00000 
  178    -44.00000            0            0      0.00000 
  179    -45.00000            0            0      0.00000 
  180    -46.00000            0            0      0.00000 
  181    -47.00000            0            0      0.00000 
  182    -48.00000            0            0      0.00000 
  183    -49.00000            0            0      0.00000 
  184    -50.00000            0            0      0.00000 
  185    -51.00000            0            0      0.00000 
  186    -52.00000            0            0      0.00000 
  187    -53.00000            0            0      0.00000 
  188    -54.00000            0            0      0.00000 
  189    -55.00000            0            0      0.00000 
  190    -56.00000            0            0      0.00000 
  191    -57.00000            0            0      0.00000 
  192    -58.00000            0            0      0.00000 
  193    -59.00000            0            0      0.00000 
  194    -60.00000            0            0      0.00000 
  195    -61.00000            0            0      0.00000 
  196    -62.00000            0            0      0.00000 
  197    -63.00000            0            0      0.00000 
  198    -64.00000            0            0      0.00000 
  199    -65.00000            0            0      0.00000 
  200    -66.00000            0            0      0.00000 
  201    -67.00000            0            0      0.00000 
  202    -68.00000            0            0      0.00000 
  203    -69.00000            0            0      0.00000 
  204    -70.00000            0            0      0.00000 
  205    -71.00000            0            0      0.00000 
  206    -72.00000            0            0      0.00000 
  207    -73.00000            0            0      0.00000 
  208    -74.00000            0            0      0.00000 
  209    -75.00000            0            0      0.00000 
  210    -76.00000            0            0      0.00000 
  211    -77.00000            0            0      0.00000 
  212    -78.00000            0            0      0.00000 
  213    -79.00000            0            0      0.00000 
  214    -80.00000            0            0      0.00000 
  215    -81.00000            0            0      0.00000 
  216    -82.00000            0            0      0.00000 
  217    -83.00000            0            0      0.00000 
  218    -84.00000            0            0      0.00000 
  219    -85.00000            0            0      0.00000 
  220    -86.00000            0            0      0.00000 
  221    -87.00000            0            0      0.00000 
  222    -88.00000            0            0      0.00000 
  223    -89.00000            0            0      0.00000 
  224    -90.00000            0            0      0.00000 
  225    -91.00000            0            0      0.00000 
  226    -92.00000            0            0      0.00000 
  227    -93.00000            0            0      0.00000 
  228    -94.00000            0            0      0.00000 
  229    -95.00000            0            0      0.00000 
  230    -96.00000            0            0      0.00000 
  231    -97.00000            0            0      0.00000 
  232    -98.00000            0            0      0.00000 
