# 3dSliceNDice -insetA 9m_3min_m4_binary+orig -insetB 9m_4min_m4_binary+orig -prefix 9m_3min_4min_m4
    0    134.00000            0            0      0.00000 
    1    133.00000            0            0      0.00000 
    2    132.00000            0            0      0.00000 
    3    131.00000            0            0      0.00000 
    4    130.00000            0            0      0.00000 
    5    129.00000            0            0      0.00000 
    6    128.00000            0            0      0.00000 
    7    127.00000            0            0      0.00000 
    8    126.00000            0            0      0.00000 
    9    125.00000            0            0      0.00000 
   10    124.00000            0            0      0.00000 
   11    123.00000            0            0      0.00000 
   12    122.00000            0            0      0.00000 
   13    121.00000            0            0      0.00000 
   14    120.00000            0            0      0.00000 
   15    119.00000            0            0      0.00000 
   16    118.00000            0            0      0.00000 
   17    117.00000            0            0      0.00000 
   18    116.00000            0            0      0.00000 
   19    115.00000            0            0      0.00000 
   20    114.00000            0            0      0.00000 
   21    113.00000            0            0      0.00000 
   22    112.00000            0            0      0.00000 
   23    111.00000            0            0      0.00000 
   24    110.00000            0            0      0.00000 
   25    109.00000            0            0      0.00000 
   26    108.00000            0            0      0.00000 
   27    107.00000            0            0      0.00000 
   28    106.00000            0            0      0.00000 
   29    105.00000            0            0      0.00000 
   30    104.00000            0            0      0.00000 
   31    103.00000            0            0      0.00000 
   32    102.00000            0            0      0.00000 
   33    101.00000            0            0      0.00000 
   34    100.00000            0            0      0.00000 
   35     99.00000            0            0      0.00000 
   36     98.00000            0            0      0.00000 
   37     97.00000            0            0      0.00000 
   38     96.00000            0            0      0.00000 
   39     95.00000            0            0      0.00000 
   40     94.00000            0            0      0.00000 
   41     93.00000            0            0      0.00000 
   42     92.00000            0            0      0.00000 
   43     91.00000            0            0      0.00000 
   44     90.00000            0            0      0.00000 
   45     89.00000            0            0      0.00000 
   46     88.00000            0            0      0.00000 
   47     87.00000            0            0      0.00000 
   48     86.00000            0            0      0.00000 
   49     85.00000            0            0      0.00000 
   50     84.00000            0           26      0.00000 
   51     83.00000            0          109      0.00000 
   52     82.00000            0          253      0.00000 
   53     81.00000           23          395      0.11005 
   54     80.00000           70          547      0.22690 
   55     79.00000          124          666      0.31392 
   56     78.00000          168          767      0.35936 
   57     77.00000          238          861      0.43312 
   58     76.00000          304          908      0.50165 
   59     75.00000          386          977      0.56640 
   60     74.00000          472         1015      0.63484 
   61     73.00000          559         1055      0.69269 
   62     72.00000          732         1145      0.77997 
   63     71.00000          861         1217      0.82868 
   64     70.00000          985         1263      0.87633 
   65     69.00000         1044         1251      0.90980 
   66     68.00000         1099         1231      0.94335 
   67     67.00000         1117         1220      0.95593 
   68     66.00000         1116         1234      0.94979 
   69     65.00000         1096         1220      0.94646 
   70     64.00000         1030         1215      0.91759 
   71     63.00000         1006         1212      0.90712 
   72     62.00000          917         1196      0.86796 
   73     61.00000          848         1176      0.83794 
   74     60.00000          757         1147      0.79517 
   75     59.00000          630         1076      0.73857 
   76     58.00000          482         1046      0.63089 
   77     57.00000          379         1006      0.50830 
   78     56.00000          451         1022      0.55126 
   79     55.00000          500         1010      0.59073 
   80     54.00000          511          934      0.62145 
   81     53.00000          506          795      0.67179 
   82     52.00000          653          803      0.79121 
   83     51.00000          818          935      0.82373 
   84     50.00000          971         1060      0.85081 
   85     49.00000         1104         1148      0.87922 
   86     48.00000         1213         1201      0.90389 
   87     47.00000         1466         1319      0.92855 
   88     46.00000         1642         1443      0.93290 
   89     45.00000         1779         1567      0.93664 
   90     44.00000         1852         1639      0.93899 
   91     43.00000         1915         1695      0.93906 
   92     42.00000         1987         1782      0.93340 
   93     41.00000         2067         1884      0.93597 
   94     40.00000         2139         1964      0.93883 
   95     39.00000         2211         2056      0.94633 
   96     38.00000         2299         2162      0.95270 
   97     37.00000         2361         2243      0.95960 
   98     36.00000         2398         2294      0.96675 
   99     35.00000         2449         2357      0.97337 
  100     34.00000         2457         2360      0.97447 
  101     33.00000         2483         2380      0.97471 
  102     32.00000         2498         2379      0.96207 
  103     31.00000         2515         2382      0.95038 
  104     30.00000         2532         2384      0.94874 
  105     29.00000         2513         2363      0.94586 
  106     28.00000         2418         2280      0.94891 
  107     27.00000         2260         2168      0.95845 
  108     26.00000         2226         2130      0.96097 
  109     25.00000         2178         2092      0.95738 
  110     24.00000         2092         2022      0.95382 
  111     23.00000         1942         1897      0.94973 
  112     22.00000         2028         2018      0.95304 
  113     21.00000         2170         2171      0.95370 
  114     20.00000         2255         2251      0.95739 
  115     19.00000         2266         2255      0.96041 
  116     18.00000         2293         2278      0.95953 
  117     17.00000         2395         2370      0.96369 
  118     16.00000         2438         2394      0.96606 
  119     15.00000         2462         2410      0.96839 
  120     14.00000         2451         2389      0.96736 
  121     13.00000         2431         2351      0.97156 
  122     12.00000         2421         2319      0.97848 
  123     11.00000         2417         2293      0.97367 
  124     10.00000         2408         2267      0.96984 
  125      9.00000         2379         2231      0.96790 
  126      8.00000         2356         2208      0.96757 
  127      7.00000         2320         2174      0.96751 
  128      6.00000         2277         2132      0.96711 
  129      5.00000         2230         2091      0.96783 
  130      4.00000         2172         2061      0.97378 
  131      3.00000         2129         2038      0.97576 
  132      2.00000         2064         2002      0.97983 
  133      1.00000         1991         1950      0.98300 
  134      0.00000         1909         1895      0.98738 
  135     -1.00000         1812         1818      0.98953 
  136     -2.00000         1762         1767      0.98498 
  137     -3.00000         1701         1691      0.98526 
  138     -4.00000         1633         1619      0.98831 
  139     -5.00000         1563         1532      0.98481 
  140     -6.00000         1470         1418      0.97507 
  141     -7.00000         1295         1209      0.95927 
  142     -8.00000          962          799      0.90290 
  143     -9.00000          940          804      0.91743 
  144    -10.00000          919          801      0.93140 
  145    -11.00000          903          811      0.94632 
  146    -12.00000          874          814      0.96445 
  147    -13.00000          852          809      0.97411 
  148    -14.00000          840          795      0.97248 
  149    -15.00000          818          775      0.97301 
  150    -16.00000          804          750      0.95882 
  151    -17.00000          796          731      0.95088 
  152    -18.00000          769          695      0.93579 
  153    -19.00000          745          660      0.92242 
  154    -20.00000          715          618      0.90923 
  155    -21.00000          664          555      0.89418 
  156    -22.00000          635          520      0.88312 
  157    -23.00000          571          467      0.87091 
  158    -24.00000          526          430      0.85774 
  159    -25.00000          462          376      0.84487 
  160    -26.00000          378          314      0.83815 
  161    -27.00000          282          258      0.81481 
  162    -28.00000          170          208      0.67725 
  163    -29.00000          139          172      0.63023 
  164    -30.00000          105          135      0.59167 
  165    -31.00000           63           85      0.47297 
  166    -32.00000           20           32      0.15385 
  167    -33.00000            0            0      0.00000 
  168    -34.00000            0            0      0.00000 
  169    -35.00000            0            0      0.00000 
  170    -36.00000            0            0      0.00000 
  171    -37.00000            0            0      0.00000 
  172    -38.00000            0            0      0.00000 
  173    -39.00000            0            0      0.00000 
  174    -40.00000            0            0      0.00000 
  175    -41.00000            0            0      0.00000 
  176    -42.00000            0            0      0.00000 
  177    -43.00000            0            0      0.00000 
  178    -44.00000            0            0      0.00000 
  179    -45.00000            0            0      0.00000 
  180    -46.00000            0            0      0.00000 
  181    -47.00000            0            0      0.00000 
  182    -48.00000            0            0      0.00000 
  183    -49.00000            0            0      0.00000 
  184    -50.00000            0            0      0.00000 
  185    -51.00000            0            0      0.00000 
  186    -52.00000            0            0      0.00000 
  187    -53.00000            0            0      0.00000 
  188    -54.00000            0            0      0.00000 
  189    -55.00000            0            0      0.00000 
  190    -56.00000            0            0      0.00000 
  191    -57.00000            0            0      0.00000 
  192    -58.00000            0            0      0.00000 
  193    -59.00000            0            0      0.00000 
  194    -60.00000            0            0      0.00000 
  195    -61.00000            0            0      0.00000 
  196    -62.00000            0            0      0.00000 
  197    -63.00000            0            0      0.00000 
  198    -64.00000            0            0      0.00000 
  199    -65.00000            0            0      0.00000 
  200    -66.00000            0            0      0.00000 
  201    -67.00000            0            0      0.00000 
  202    -68.00000            0            0      0.00000 
  203    -69.00000            0            0      0.00000 
  204    -70.00000            0            0      0.00000 
  205    -71.00000            0            0      0.00000 
  206    -72.00000            0            0      0.00000 
  207    -73.00000            0            0      0.00000 
  208    -74.00000            0            0      0.00000 
  209    -75.00000            0            0      0.00000 
  210    -76.00000            0            0      0.00000 
  211    -77.00000            0            0      0.00000 
  212    -78.00000            0            0      0.00000 
  213    -79.00000            0            0      0.00000 
  214    -80.00000            0            0      0.00000 
  215    -81.00000            0            0      0.00000 
  216    -82.00000            0            0      0.00000 
  217    -83.00000            0            0      0.00000 
  218    -84.00000            0            0      0.00000 
  219    -85.00000            0            0      0.00000 
  220    -86.00000            0            0      0.00000 
  221    -87.00000            0            0      0.00000 
  222    -88.00000            0            0      0.00000 
  223    -89.00000            0            0      0.00000 
  224    -90.00000            0            0      0.00000 
  225    -91.00000            0            0      0.00000 
  226    -92.00000            0            0      0.00000 
  227    -93.00000            0            0      0.00000 
  228    -94.00000            0            0      0.00000 
  229    -95.00000            0            0      0.00000 
  230    -96.00000            0            0      0.00000 
  231    -97.00000            0            0      0.00000 
  232    -98.00000            0            0      0.00000 
