# 3dSliceNDice -insetA 9m_3min_m4_binary+orig -insetB 9m_4min_m4_binary+orig -prefix 9m_3min_4min_m4
    0     96.00000            0            0      0.00000 
    1     95.00000            0            0      0.00000 
    2     94.00000            0            0      0.00000 
    3     93.00000            0            0      0.00000 
    4     92.00000            0            0      0.00000 
    5     91.00000            0            0      0.00000 
    6     90.00000            0            0      0.00000 
    7     89.00000            0            0      0.00000 
    8     88.00000            0            0      0.00000 
    9     87.00000            0            0      0.00000 
   10     86.00000            0            0      0.00000 
   11     85.00000            0            0      0.00000 
   12     84.00000            0            0      0.00000 
   13     83.00000            0            0      0.00000 
   14     82.00000            0            0      0.00000 
   15     81.00000            0            0      0.00000 
   16     80.00000            0            0      0.00000 
   17     79.00000            0            0      0.00000 
   18     78.00000            0            0      0.00000 
   19     77.00000            0            0      0.00000 
   20     76.00000            0            0      0.00000 
   21     75.00000            0            0      0.00000 
   22     74.00000            0            0      0.00000 
   23     73.00000            0            0      0.00000 
   24     72.00000            0            0      0.00000 
   25     71.00000            0            0      0.00000 
   26     70.00000            0            0      0.00000 
   27     69.00000            0            0      0.00000 
   28     68.00000            0            0      0.00000 
   29     67.00000            0            0      0.00000 
   30     66.00000            0            0      0.00000 
   31     65.00000            0            0      0.00000 
   32     64.00000            0            0      0.00000 
   33     63.00000            0            0      0.00000 
   34     62.00000            0            0      0.00000 
   35     61.00000            0            0      0.00000 
   36     60.00000            0            0      0.00000 
   37     59.00000            0            0      0.00000 
   38     58.00000            0            0      0.00000 
   39     57.00000            0            0      0.00000 
   40     56.00000            0            0      0.00000 
   41     55.00000            0            0      0.00000 
   42     54.00000            0            0      0.00000 
   43     53.00000            0            0      0.00000 
   44     52.00000            0            0      0.00000 
   45     51.00000            0            0      0.00000 
   46     50.00000            0            0      0.00000 
   47     49.00000            0            0      0.00000 
   48     48.00000            0            0      0.00000 
   49     47.00000            0            0      0.00000 
   50     46.00000            0            0      0.00000 
   51     45.00000            0            0      0.00000 
   52     44.00000            0            0      0.00000 
   53     43.00000            0            0      0.00000 
   54     42.00000           69           68      0.99270 
   55     41.00000          205          197      0.98010 
   56     40.00000          324          309      0.97630 
   57     39.00000          419          398      0.97430 
   58     38.00000          512          487      0.97497 
   59     37.00000          617          583      0.97167 
   60     36.00000          726          672      0.96137 
   61     35.00000          864          798      0.96029 
   62     34.00000          967          891      0.95910 
   63     33.00000         1059          978      0.96024 
   64     32.00000         1153         1068      0.96173 
   65     31.00000         1208         1119      0.96175 
   66     30.00000         1274         1173      0.95872 
   67     29.00000         1309         1208      0.95987 
   68     28.00000         1344         1241      0.96015 
   69     27.00000         1357         1285      0.95458 
   70     26.00000         1360         1351      0.95168 
   71     25.00000         1381         1427      0.94516 
   72     24.00000         1407         1501      0.94429 
   73     23.00000         1445         1574      0.93673 
   74     22.00000         1591         1798      0.91708 
   75     21.00000         1722         1984      0.91473 
   76     20.00000         1829         2126      0.91176 
   77     19.00000         1888         2204      0.90811 
   78     18.00000         1966         2294      0.90845 
   79     17.00000         2034         2360      0.90487 
   80     16.00000         2095         2392      0.90439 
   81     15.00000         2148         2441      0.90608 
   82     14.00000         2143         2429      0.90901 
   83     13.00000         2122         2406      0.91299 
   84     12.00000         2630         2872      0.91494 
   85     11.00000         2804         3021      0.92532 
   86     10.00000         2903         3074      0.93391 
   87      9.00000         2983         3104      0.94135 
   88      8.00000         3043         3092      0.95224 
   89      7.00000         3083         3089      0.95755 
   90      6.00000         3088         3083      0.95803 
   91      5.00000         3076         3094      0.95689 
   92      4.00000         3040         3069      0.95335 
   93      3.00000         2988         3022      0.95175 
   94      2.00000         2881         2922      0.94744 
   95      1.00000         2723         2777      0.94436 
   96      0.00000         2645         2698      0.94142 
   97     -1.00000         2707         2775      0.94382 
   98     -2.00000         2843         2938      0.94655 
   99     -3.00000         2919         3043      0.94834 
  100     -4.00000         2948         3092      0.94801 
  101     -5.00000         2936         3110      0.94707 
  102     -6.00000         2897         3095      0.94660 
  103     -7.00000         2926         3097      0.94538 
  104     -8.00000         2879         3035      0.94623 
  105     -9.00000         2828         2978      0.94213 
  106    -10.00000         2755         2903      0.93814 
  107    -11.00000         2650         2785      0.93321 
  108    -12.00000         2490         2612      0.92042 
  109    -13.00000         2043         2211      0.92948 
  110    -14.00000         2033         2159      0.91698 
  111    -15.00000         2046         2116      0.89716 
  112    -16.00000         2031         2013      0.87834 
  113    -17.00000         1975         1870      0.85046 
  114    -18.00000         1718         1719      0.85947 
  115    -19.00000         1744         1793      0.87249 
  116    -20.00000         1760         1829      0.87267 
  117    -21.00000         1744         1837      0.87015 
  118    -22.00000         1732         1836      0.86939 
  119    -23.00000         1691         1828      0.86729 
  120    -24.00000         1628         1791      0.86809 
  121    -25.00000         1551         1746      0.86746 
  122    -26.00000         1479         1690      0.86652 
  123    -27.00000         1417         1661      0.85640 
  124    -28.00000         1350         1557      0.85999 
  125    -29.00000         1310         1456      0.87274 
  126    -30.00000         1256         1331      0.88983 
  127    -31.00000         1196         1196      0.91639 
  128    -32.00000         1137         1065      0.94550 
  129    -33.00000         1063          967      0.95271 
  130    -34.00000          983          890      0.95035 
  131    -35.00000          900          809      0.94675 
  132    -36.00000          791          698      0.93754 
  133    -37.00000          708          611      0.92646 
  134    -38.00000          677          551      0.89739 
  135    -39.00000          707          533      0.85968 
  136    -40.00000          715          496      0.81916 
  137    -41.00000          667          423      0.77615 
  138    -42.00000          571          322      0.72116 
  139    -43.00000          515          291      0.72208 
  140    -44.00000          525          337      0.78190 
  141    -45.00000          543          383      0.82721 
  142    -46.00000          527          399      0.86177 
  143    -47.00000          519          419      0.89339 
  144    -48.00000          504          444      0.93671 
  145    -49.00000          477          445      0.96529 
  146    -50.00000          437          437      1.00000 
  147    -51.00000          380          412      0.95960 
  148    -52.00000          327          387      0.91597 
  149    -53.00000          252          352      0.83444 
  150    -54.00000          205          333      0.76208 
  151    -55.00000          142          301      0.64108 
  152    -56.00000           88          269      0.49300 
  153    -57.00000           32          207      0.26778 
  154    -58.00000            0           38      0.00000 
  155    -59.00000            0            0      0.00000 
  156    -60.00000            0            0      0.00000 
  157    -61.00000            0            0      0.00000 
  158    -62.00000            0            0      0.00000 
  159    -63.00000            0            0      0.00000 
  160    -64.00000            0            0      0.00000 
  161    -65.00000            0            0      0.00000 
  162    -66.00000            0            0      0.00000 
  163    -67.00000            0            0      0.00000 
  164    -68.00000            0            0      0.00000 
  165    -69.00000            0            0      0.00000 
  166    -70.00000            0            0      0.00000 
  167    -71.00000            0            0      0.00000 
  168    -72.00000            0            0      0.00000 
  169    -73.00000            0            0      0.00000 
  170    -74.00000            0            0      0.00000 
  171    -75.00000            0            0      0.00000 
  172    -76.00000            0            0      0.00000 
  173    -77.00000            0            0      0.00000 
  174    -78.00000            0            0      0.00000 
  175    -79.00000            0            0      0.00000 
  176    -80.00000            0            0      0.00000 
  177    -81.00000            0            0      0.00000 
  178    -82.00000            0            0      0.00000 
  179    -83.00000            0            0      0.00000 
  180    -84.00000            0            0      0.00000 
  181    -85.00000            0            0      0.00000 
  182    -86.00000            0            0      0.00000 
  183    -87.00000            0            0      0.00000 
  184    -88.00000            0            0      0.00000 
  185    -89.00000            0            0      0.00000 
  186    -90.00000            0            0      0.00000 
  187    -91.00000            0            0      0.00000 
  188    -92.00000            0            0      0.00000 
  189    -93.00000            0            0      0.00000 
  190    -94.00000            0            0      0.00000 
  191    -95.00000            0            0      0.00000 
  192    -96.00000            0            0      0.00000 
  193    -97.00000            0            0      0.00000 
  194    -98.00000            0            0      0.00000 
