# 3dSliceNDice -insetA 9m_3min_m1_binary+orig -insetB 9m_4min_m1_binary+orig -prefix 9m_3min_4min_m1
    0    134.00000            0            0      0.00000 
    1    133.00000            0            0      0.00000 
    2    132.00000            0            0      0.00000 
    3    131.00000            0            0      0.00000 
    4    130.00000            0            0      0.00000 
    5    129.00000            0            0      0.00000 
    6    128.00000            0            0      0.00000 
    7    127.00000            0            0      0.00000 
    8    126.00000            0            0      0.00000 
    9    125.00000            0            0      0.00000 
   10    124.00000            0            0      0.00000 
   11    123.00000            0            0      0.00000 
   12    122.00000            0            0      0.00000 
   13    121.00000            0            0      0.00000 
   14    120.00000            0            0      0.00000 
   15    119.00000            0            0      0.00000 
   16    118.00000            0            0      0.00000 
   17    117.00000            0            0      0.00000 
   18    116.00000            0            0      0.00000 
   19    115.00000            0            0      0.00000 
   20    114.00000            0            0      0.00000 
   21    113.00000            0            0      0.00000 
   22    112.00000            0            0      0.00000 
   23    111.00000            0            0      0.00000 
   24    110.00000            0            0      0.00000 
   25    109.00000            0            0      0.00000 
   26    108.00000            0            0      0.00000 
   27    107.00000            0            0      0.00000 
   28    106.00000            0            0      0.00000 
   29    105.00000            0            0      0.00000 
   30    104.00000            0            0      0.00000 
   31    103.00000            0            0      0.00000 
   32    102.00000            0            0      0.00000 
   33    101.00000            0            0      0.00000 
   34    100.00000            0            0      0.00000 
   35     99.00000            0            0      0.00000 
   36     98.00000            0            0      0.00000 
   37     97.00000            0            0      0.00000 
   38     96.00000            0            0      0.00000 
   39     95.00000            0            0      0.00000 
   40     94.00000            0            0      0.00000 
   41     93.00000            0            0      0.00000 
   42     92.00000            0            0      0.00000 
   43     91.00000            0            0      0.00000 
   44     90.00000            0            0      0.00000 
   45     89.00000            0            0      0.00000 
   46     88.00000            0            0      0.00000 
   47     87.00000            0            0      0.00000 
   48     86.00000            0            0      0.00000 
   49     85.00000            0            0      0.00000 
   50     84.00000           49           38      0.87356 
   51     83.00000          163          132      0.89492 
   52     82.00000          282          232      0.90272 
   53     81.00000          395          354      0.94526 
   54     80.00000          519          483      0.96407 
   55     79.00000          648          609      0.96897 
   56     78.00000          783          747      0.97647 
   57     77.00000          949          922      0.96312 
   58     76.00000         1171         1132      0.96483 
   59     75.00000         1431         1374      0.96471 
   60     74.00000         1677         1627      0.97034 
   61     73.00000         1936         1895      0.97207 
   62     72.00000         2258         2223      0.97478 
   63     71.00000         2516         2468      0.97552 
   64     70.00000         2810         2750      0.97626 
   65     69.00000         3005         2936      0.97458 
   66     68.00000         3180         3099      0.97340 
   67     67.00000         3356         3268      0.97222 
   68     66.00000         3524         3408      0.96913 
   69     65.00000         3671         3530      0.96514 
   70     64.00000         3797         3623      0.96253 
   71     63.00000         3915         3730      0.96089 
   72     62.00000         3968         3769      0.95696 
   73     61.00000         4017         3819      0.95227 
   74     60.00000         4029         3820      0.94764 
   75     59.00000         3929         3717      0.94376 
   76     58.00000         3802         3606      0.93548 
   77     57.00000         3543         3346      0.92292 
   78     56.00000         3410         3219      0.90994 
   79     55.00000         3239         3040      0.89314 
   80     54.00000         2922         2735      0.86866 
   81     53.00000         2594         2368      0.83595 
   82     52.00000         2263         1979      0.83027 
   83     51.00000         2100         1793      0.82610 
   84     50.00000         1893         1561      0.81876 
   85     49.00000         1591         1233      0.80170 
   86     48.00000         1149          804      0.73528 
   87     47.00000          685          389      0.72067 
   88     46.00000          691          380      0.70215 
   89     45.00000          673          352      0.67902 
   90     44.00000          610          305      0.64699 
   91     43.00000          474          230      0.58523 
   92     42.00000          395          175      0.61404 
   93     41.00000          412          191      0.63350 
   94     40.00000          439          219      0.66565 
   95     39.00000          439          232      0.69151 
   96     38.00000          445          243      0.70640 
   97     37.00000          430          252      0.73900 
   98     36.00000          394          240      0.75710 
   99     35.00000          377          252      0.80127 
  100     34.00000          345          243      0.82653 
  101     33.00000          297          234      0.88136 
  102     32.00000          324          302      0.87540 
  103     31.00000          377          363      0.85405 
  104     30.00000          422          404      0.84504 
  105     29.00000          443          425      0.83871 
  106     28.00000          455          439      0.83893 
  107     27.00000          457          454      0.84742 
  108     26.00000          443          445      0.84685 
  109     25.00000          441          449      0.84719 
  110     24.00000          394          417      0.84834 
  111     23.00000          334          379      0.85835 
  112     22.00000          275          348      0.88283 
  113     21.00000          274          348      0.88103 
  114     20.00000          271          344      0.88130 
  115     19.00000          270          334      0.89404 
  116     18.00000          270          326      0.90604 
  117     17.00000          261          303      0.92553 
  118     16.00000          247          275      0.94636 
  119     15.00000          237          254      0.96538 
  120     14.00000          216          222      0.98630 
  121     13.00000          209          209      1.00000 
  122     12.00000          185          185      1.00000 
  123     11.00000          160          160      1.00000 
  124     10.00000          134          134      1.00000 
  125      9.00000           88           88      1.00000 
  126      8.00000           32           32      1.00000 
  127      7.00000            0            0      0.00000 
  128      6.00000            0            0      0.00000 
  129      5.00000            0            0      0.00000 
  130      4.00000            0            0      0.00000 
  131      3.00000            0            0      0.00000 
  132      2.00000          220          200      0.68571 
  133      1.00000          385          388      0.75291 
  134      0.00000          503          524      0.78481 
  135     -1.00000          590          624      0.80066 
  136     -2.00000          656          696      0.80769 
  137     -3.00000         1288         1231      0.89162 
  138     -4.00000         1818         1707      0.92709 
  139     -5.00000         2188         2070      0.94504 
  140     -6.00000         2439         2310      0.95304 
  141     -7.00000         2617         2482      0.95705 
  142     -8.00000         2821         2678      0.96236 
  143     -9.00000         2942         2810      0.96697 
  144    -10.00000         3101         2972      0.97118 
  145    -11.00000         3167         3059      0.97527 
  146    -12.00000         3215         3128      0.97840 
  147    -13.00000         3273         3207      0.98148 
  148    -14.00000         3259         3209      0.98330 
  149    -15.00000         3262         3236      0.98615 
  150    -16.00000         3238         3223      0.98684 
  151    -17.00000         3206         3196      0.98844 
  152    -18.00000         3161         3173      0.98105 
  153    -19.00000         3123         3155      0.96782 
  154    -20.00000         3138         3201      0.95567 
  155    -21.00000         3127         3191      0.94239 
  156    -22.00000         3123         3188      0.93171 
  157    -23.00000         3093         3172      0.91812 
  158    -24.00000         3031         3161      0.91247 
  159    -25.00000         2975         3148      0.89956 
  160    -26.00000         2857         3058      0.88521 
  161    -27.00000         2733         2983      0.88139 
  162    -28.00000         2620         2862      0.89931 
  163    -29.00000         2630         2830      0.91502 
  164    -30.00000         2638         2824      0.92384 
  165    -31.00000         2564         2741      0.92479 
  166    -32.00000         2472         2648      0.92383 
  167    -33.00000         2373         2538      0.93423 
  168    -34.00000         2307         2476      0.93456 
  169    -35.00000         2230         2406      0.93701 
  170    -36.00000         2114         2296      0.93878 
  171    -37.00000         2020         2223      0.93754 
  172    -38.00000         1896         2181      0.91979 
  173    -39.00000         1813         2085      0.92099 
  174    -40.00000         1755         2040      0.92069 
  175    -41.00000         1648         1955      0.91313 
  176    -42.00000         1544         1878      0.90240 
  177    -43.00000         1433         1805      0.88511 
  178    -44.00000         1352         1739      0.87480 
  179    -45.00000         1265         1656      0.86614 
  180    -46.00000         1195         1547      0.85631 
  181    -47.00000         1150         1450      0.85769 
  182    -48.00000         1069         1290      0.85290 
  183    -49.00000          984         1150      0.84442 
  184    -50.00000          894          982      0.83582 
  185    -51.00000          772          776      0.81912 
  186    -52.00000          676          578      0.77831 
  187    -53.00000          533          369      0.70953 
  188    -54.00000          428          309      0.69471 
  189    -55.00000          315          247      0.68683 
  190    -56.00000          191          176      0.63215 
  191    -57.00000           73          105      0.53933 
  192    -58.00000           12           47      0.40678 
  193    -59.00000            0           17      0.00000 
  194    -60.00000            0            0      0.00000 
  195    -61.00000            0            0      0.00000 
  196    -62.00000            0            0      0.00000 
  197    -63.00000            0            0      0.00000 
  198    -64.00000            0            0      0.00000 
  199    -65.00000            0            0      0.00000 
  200    -66.00000            0            0      0.00000 
  201    -67.00000            0            0      0.00000 
  202    -68.00000            0            0      0.00000 
  203    -69.00000            0            0      0.00000 
  204    -70.00000            0            0      0.00000 
  205    -71.00000            0            0      0.00000 
  206    -72.00000            0            0      0.00000 
  207    -73.00000            0            0      0.00000 
  208    -74.00000            0            0      0.00000 
  209    -75.00000            0            0      0.00000 
  210    -76.00000            0            0      0.00000 
  211    -77.00000            0            0      0.00000 
  212    -78.00000            0            0      0.00000 
  213    -79.00000            0            0      0.00000 
  214    -80.00000            0            0      0.00000 
  215    -81.00000            0            0      0.00000 
  216    -82.00000            0            0      0.00000 
  217    -83.00000            0            0      0.00000 
  218    -84.00000            0            0      0.00000 
  219    -85.00000            0            0      0.00000 
  220    -86.00000            0            0      0.00000 
  221    -87.00000            0            0      0.00000 
  222    -88.00000            0            0      0.00000 
  223    -89.00000            0            0      0.00000 
  224    -90.00000            0            0      0.00000 
  225    -91.00000            0            0      0.00000 
  226    -92.00000            0            0      0.00000 
  227    -93.00000            0            0      0.00000 
  228    -94.00000            0            0      0.00000 
  229    -95.00000            0            0      0.00000 
  230    -96.00000            0            0      0.00000 
  231    -97.00000            0            0      0.00000 
  232    -98.00000            0            0      0.00000 
