# 3dSliceNDice -insetA 9m_3min_m2_binary+orig -insetB 9m_5min_m2_binary+orig -prefix 9m_3min_5min_m2
    0    -72.00000            0            0      0.00000 
    1    -71.00000            0            0      0.00000 
    2    -70.00000            0            0      0.00000 
    3    -69.00000            0            0      0.00000 
    4    -68.00000            0            0      0.00000 
    5    -67.00000            0            0      0.00000 
    6    -66.00000            0            0      0.00000 
    7    -65.00000            0            0      0.00000 
    8    -64.00000            0            0      0.00000 
    9    -63.00000            0            0      0.00000 
   10    -62.00000            0            0      0.00000 
   11    -61.00000            0            0      0.00000 
   12    -60.00000            0            0      0.00000 
   13    -59.00000            0            0      0.00000 
   14    -58.00000            0            0      0.00000 
   15    -57.00000            0            0      0.00000 
   16    -56.00000            0            0      0.00000 
   17    -55.00000            0            0      0.00000 
   18    -54.00000            0            0      0.00000 
   19    -53.00000            0            0      0.00000 
   20    -52.00000            0            0      0.00000 
   21    -51.00000            6            6      1.00000 
   22    -50.00000          137          137      1.00000 
   23    -49.00000          681          681      1.00000 
   24    -48.00000         1101         1101      1.00000 
   25    -47.00000         1342         1342      1.00000 
   26    -46.00000         1600         1600      1.00000 
   27    -45.00000         1858         1862      0.99892 
   28    -44.00000         2061         2076      0.99637 
   29    -43.00000         2267         2287      0.99209 
   30    -42.00000         2429         2464      0.98835 
   31    -41.00000         2537         2583      0.98438 
   32    -40.00000         2639         2684      0.98366 
   33    -39.00000         2708         2738      0.98458 
   34    -38.00000         2762         2789      0.98072 
   35    -37.00000         2797         2805      0.98179 
   36    -36.00000         2841         2829      0.98166 
   37    -35.00000         2866         2826      0.98208 
   38    -34.00000         2880         2795      0.97903 
   39    -33.00000         2896         2781      0.97833 
   40    -32.00000         2882         2741      0.97421 
   41    -31.00000         2850         2697      0.97098 
   42    -30.00000         2802         2628      0.96648 
   43    -29.00000         2736         2524      0.95665 
   44    -28.00000         2711         2519      0.95602 
   45    -27.00000         2662         2542      0.96387 
   46    -26.00000         2676         2587      0.96561 
   47    -25.00000         2609         2556      0.96728 
   48    -24.00000         2478         2452      0.96836 
   49    -23.00000         2367         2363      0.96786 
   50    -22.00000         2256         2267      0.97104 
   51    -21.00000         2177         2193      0.96888 
   52    -20.00000         2078         2098      0.96791 
   53    -19.00000         1932         1982      0.96014 
   54    -18.00000         1791         1864      0.94337 
   55    -17.00000         1669         1773      0.92214 
   56    -16.00000         1578         1748      0.90198 
   57    -15.00000         1477         1740      0.87659 
   58    -14.00000         1344         1716      0.84444 
   59    -13.00000         1175         1659      0.81299 
   60    -12.00000          981         1569      0.76784 
   61    -11.00000          897         1514      0.74077 
   62    -10.00000          792         1453      0.70200 
   63     -9.00000          648         1342      0.64523 
   64     -8.00000          424         1156      0.51139 
   65     -7.00000           32          852      0.00905 
   66     -6.00000           88          833      0.08252 
   67     -5.00000          140          797      0.16222 
   68     -4.00000          180          719      0.23804 
   69     -3.00000          216          578      0.34509 
   70     -2.00000          348          530      0.52847 
   71     -1.00000          483          651      0.60670 
   72      0.00000          591          752      0.64185 
   73      1.00000          655          814      0.65623 
   74      2.00000          712          870      0.67383 
   75      3.00000          879          947      0.65498 
   76      4.00000         1015          998      0.64680 
   77      5.00000         1138         1047      0.63524 
   78      6.00000         1198         1059      0.63093 
   79      7.00000         1245         1071      0.62090 
   80      8.00000         1284         1103      0.63259 
   81      9.00000         1271         1133      0.65058 
   82     10.00000         1279         1167      0.66721 
   83     11.00000         1238         1157      0.67557 
   84     12.00000         1188         1146      0.68895 
   85     13.00000         1159         1116      0.72527 
   86     14.00000         1140         1083      0.74494 
   87     15.00000         1113         1036      0.77059 
   88     16.00000         1057          936      0.78374 
   89     17.00000         1012          843      0.81186 
   90     18.00000          929          725      0.82104 
   91     19.00000          843          667      0.80397 
   92     20.00000          747          596      0.77141 
   93     21.00000          616          491      0.71003 
   94     22.00000          434          337      0.52140 
   95     23.00000          216          150      0.00000 
   96     24.00000          180          124      0.00000 
   97     25.00000          140           98      0.00000 
   98     26.00000           88           67      0.00000 
   99     27.00000           32           29      0.00000 
  100     28.00000            0            0      0.00000 
  101     29.00000            0            0      0.00000 
  102     30.00000            0            0      0.00000 
  103     31.00000            0            0      0.00000 
  104     32.00000            0            0      0.00000 
  105     33.00000            0            0      0.00000 
  106     34.00000            0            0      0.00000 
  107     35.00000            0            0      0.00000 
  108     36.00000            0            0      0.00000 
  109     37.00000            0            0      0.00000 
  110     38.00000            0            0      0.00000 
  111     39.00000            0            0      0.00000 
  112     40.00000            0            0      0.00000 
  113     41.00000            0            0      0.00000 
  114     42.00000            0            0      0.00000 
  115     43.00000            0            0      0.00000 
  116     44.00000            0            0      0.00000 
  117     45.00000            0            0      0.00000 
  118     46.00000            0            0      0.00000 
  119     47.00000            0            0      0.00000 
  120     48.00000            0            0      0.00000 
  121     49.00000            0            0      0.00000 
  122     50.00000            0            0      0.00000 
  123     51.00000            0            0      0.00000 
  124     52.00000            0            0      0.00000 
  125     53.00000            0            0      0.00000 
  126     54.00000            0            0      0.00000 
  127     55.00000            0            0      0.00000 
  128     56.00000            0            0      0.00000 
  129     57.00000            0            0      0.00000 
  130     58.00000            0            0      0.00000 
  131     59.00000            0            0      0.00000 
  132     60.00000            0            0      0.00000 
  133     61.00000            0            0      0.00000 
  134     62.00000            0            0      0.00000 
  135     63.00000            0            0      0.00000 
  136     64.00000            0            0      0.00000 
  137     65.00000            0            0      0.00000 
  138     66.00000            0            0      0.00000 
  139     67.00000            0            0      0.00000 
  140     68.00000            0            0      0.00000 
  141     69.00000            0            0      0.00000 
  142     70.00000            0            0      0.00000 
  143     71.00000            0            0      0.00000 
  144     72.00000            0            0      0.00000 
  145     73.00000            0            0      0.00000 
  146     74.00000            0            0      0.00000 
  147     75.00000            0            0      0.00000 
  148     76.00000            0            0      0.00000 
  149     77.00000            0            0      0.00000 
  150     78.00000            0            0      0.00000 
  151     79.00000            0            0      0.00000 
  152     80.00000            0            0      0.00000 
  153     81.00000            0            0      0.00000 
  154     82.00000            0            0      0.00000 
  155     83.00000            0            0      0.00000 
  156     84.00000            0            0      0.00000 
  157     85.00000            0            0      0.00000 
  158     86.00000            0            0      0.00000 
