# 3dSliceNDice -insetA 9m_3min_m4_binary+orig -insetB 9m_5min_m4_binary+orig -prefix 9m_3min_5min_m4
    0    134.00000            0            0      0.00000 
    1    133.00000            0            0      0.00000 
    2    132.00000            0            0      0.00000 
    3    131.00000            0            0      0.00000 
    4    130.00000            0            0      0.00000 
    5    129.00000            0            0      0.00000 
    6    128.00000            0            0      0.00000 
    7    127.00000            0            0      0.00000 
    8    126.00000            0            0      0.00000 
    9    125.00000            0            0      0.00000 
   10    124.00000            0            0      0.00000 
   11    123.00000            0            0      0.00000 
   12    122.00000            0            0      0.00000 
   13    121.00000            0            0      0.00000 
   14    120.00000            0            0      0.00000 
   15    119.00000            0            0      0.00000 
   16    118.00000            0            0      0.00000 
   17    117.00000            0            0      0.00000 
   18    116.00000            0            0      0.00000 
   19    115.00000            0            0      0.00000 
   20    114.00000            0            0      0.00000 
   21    113.00000            0            0      0.00000 
   22    112.00000            0            0      0.00000 
   23    111.00000            0            0      0.00000 
   24    110.00000            0            0      0.00000 
   25    109.00000            0            0      0.00000 
   26    108.00000            0            0      0.00000 
   27    107.00000            0            0      0.00000 
   28    106.00000            0            0      0.00000 
   29    105.00000            0            0      0.00000 
   30    104.00000            0            0      0.00000 
   31    103.00000            0            0      0.00000 
   32    102.00000            0            0      0.00000 
   33    101.00000            0            0      0.00000 
   34    100.00000            0            0      0.00000 
   35     99.00000            0            0      0.00000 
   36     98.00000            0            0      0.00000 
   37     97.00000            0            0      0.00000 
   38     96.00000            0            0      0.00000 
   39     95.00000            0            0      0.00000 
   40     94.00000            0            0      0.00000 
   41     93.00000            0            0      0.00000 
   42     92.00000            0            0      0.00000 
   43     91.00000            0            0      0.00000 
   44     90.00000            0            0      0.00000 
   45     89.00000            0            0      0.00000 
   46     88.00000            0            0      0.00000 
   47     87.00000            0            0      0.00000 
   48     86.00000            0            0      0.00000 
   49     85.00000            0            0      0.00000 
   50     84.00000            0            0      0.00000 
   51     83.00000            0            7      0.00000 
   52     82.00000            0           87      0.00000 
   53     81.00000           23          183      0.22330 
   54     80.00000           70          317      0.36176 
   55     79.00000          124          430      0.44765 
   56     78.00000          168          535      0.47795 
   57     77.00000          238          656      0.53244 
   58     76.00000          304          730      0.58801 
   59     75.00000          386          824      0.63802 
   60     74.00000          472          884      0.69617 
   61     73.00000          559          952      0.73991 
   62     72.00000          732         1073      0.81108 
   63     71.00000          861         1180      0.84370 
   64     70.00000          985         1275      0.87168 
   65     69.00000         1044         1332      0.87879 
   66     68.00000         1099         1351      0.89714 
   67     67.00000         1117         1350      0.90555 
   68     66.00000         1116         1378      0.89495 
   69     65.00000         1096         1371      0.88853 
   70     64.00000         1030         1348      0.86627 
   71     63.00000         1006         1328      0.86204 
   72     62.00000          917         1268      0.83936 
   73     61.00000          848         1220      0.82012 
   74     60.00000          757         1154      0.79226 
   75     59.00000          630         1049      0.75045 
   76     58.00000          482          975      0.66163 
   77     57.00000          379         1019      0.54220 
   78     56.00000          451         1087      0.58648 
   79     55.00000          500         1115      0.61920 
   80     54.00000          511         1081      0.64196 
   81     53.00000          506         1013      0.66623 
   82     52.00000          653         1018      0.78157 
   83     51.00000          818         1081      0.84360 
   84     50.00000          971         1155      0.88053 
   85     49.00000         1104         1191      0.91155 
   86     48.00000         1213         1193      0.93932 
   87     47.00000         1466         1288      0.93537 
   88     46.00000         1642         1411      0.92434 
   89     45.00000         1779         1531      0.92508 
   90     44.00000         1852         1623      0.93410 
   91     43.00000         1915         1697      0.93965 
   92     42.00000         1987         1797      0.94979 
   93     41.00000         2067         1875      0.95129 
   94     40.00000         2139         1966      0.95786 
   95     39.00000         2211         2035      0.95290 
   96     38.00000         2299         2119      0.94522 
   97     37.00000         2361         2207      0.94264 
   98     36.00000         2398         2303      0.94235 
   99     35.00000         2449         2415      0.93997 
  100     34.00000         2457         2461      0.93575 
  101     33.00000         2483         2509      0.93349 
  102     32.00000         2498         2517      0.92522 
  103     31.00000         2515         2490      0.91269 
  104     30.00000         2532         2476      0.90096 
  105     29.00000         2513         2441      0.89261 
  106     28.00000         2418         2326      0.88449 
  107     27.00000         2260         2148      0.88203 
  108     26.00000         2226         2112      0.87045 
  109     25.00000         2178         2079      0.85224 
  110     24.00000         2092         2013      0.84093 
  111     23.00000         1942         1914      0.82832 
  112     22.00000         2028         2073      0.81931 
  113     21.00000         2170         2182      0.82675 
  114     20.00000         2255         2229      0.84300 
  115     19.00000         2266         2204      0.85414 
  116     18.00000         2293         2194      0.86784 
  117     17.00000         2395         2209      0.90269 
  118     16.00000         2438         2245      0.92590 
  119     15.00000         2462         2284      0.94100 
  120     14.00000         2451         2295      0.95238 
  121     13.00000         2431         2330      0.96828 
  122     12.00000         2421         2344      0.97754 
  123     11.00000         2417         2325      0.97807 
  124     10.00000         2408         2301      0.97685 
  125      9.00000         2379         2256      0.97346 
  126      8.00000         2356         2239      0.97454 
  127      7.00000         2320         2205      0.97459 
  128      6.00000         2277         2160      0.97363 
  129      5.00000         2230         2121      0.97495 
  130      4.00000         2172         2097      0.98149 
  131      3.00000         2129         2078      0.98170 
  132      2.00000         2064         2044      0.98442 
  133      1.00000         1991         1988      0.98467 
  134      0.00000         1909         1947      0.98185 
  135     -1.00000         1812         1876      0.97777 
  136     -2.00000         1762         1838      0.97000 
  137     -3.00000         1701         1780      0.96581 
  138     -4.00000         1633         1712      0.96263 
  139     -5.00000         1563         1624      0.96266 
  140     -6.00000         1470         1509      0.95938 
  141     -7.00000         1295         1320      0.95832 
  142     -8.00000          962          958      0.97292 
  143     -9.00000          940          920      0.97097 
  144    -10.00000          919          876      0.97604 
  145    -11.00000          903          832      0.95908 
  146    -12.00000          874          785      0.94635 
  147    -13.00000          852          739      0.92898 
  148    -14.00000          840          707      0.91403 
  149    -15.00000          818          669      0.89980 
  150    -16.00000          804          635      0.88256 
  151    -17.00000          796          635      0.88749 
  152    -18.00000          769          610      0.88470 
  153    -19.00000          745          586      0.88054 
  154    -20.00000          715          560      0.87843 
  155    -21.00000          664          519      0.86898 
  156    -22.00000          635          480      0.85202 
  157    -23.00000          571          428      0.83684 
  158    -24.00000          526          384      0.81538 
  159    -25.00000          462          335      0.79799 
  160    -26.00000          378          282      0.79394 
  161    -27.00000          282          242      0.77863 
  162    -28.00000          170          208      0.67725 
  163    -29.00000          139          172      0.63023 
  164    -30.00000          105          135      0.59167 
  165    -31.00000           63           85      0.47297 
  166    -32.00000           20           32      0.15385 
  167    -33.00000            0            0      0.00000 
  168    -34.00000            0            0      0.00000 
  169    -35.00000            0            0      0.00000 
  170    -36.00000            0            0      0.00000 
  171    -37.00000            0            0      0.00000 
  172    -38.00000            0            0      0.00000 
  173    -39.00000            0            0      0.00000 
  174    -40.00000            0            0      0.00000 
  175    -41.00000            0            0      0.00000 
  176    -42.00000            0            0      0.00000 
  177    -43.00000            0            0      0.00000 
  178    -44.00000            0            0      0.00000 
  179    -45.00000            0            0      0.00000 
  180    -46.00000            0            0      0.00000 
  181    -47.00000            0            0      0.00000 
  182    -48.00000            0            0      0.00000 
  183    -49.00000            0            0      0.00000 
  184    -50.00000            0            0      0.00000 
  185    -51.00000            0            0      0.00000 
  186    -52.00000            0            0      0.00000 
  187    -53.00000            0            0      0.00000 
  188    -54.00000            0            0      0.00000 
  189    -55.00000            0            0      0.00000 
  190    -56.00000            0            0      0.00000 
  191    -57.00000            0            0      0.00000 
  192    -58.00000            0            0      0.00000 
  193    -59.00000            0            0      0.00000 
  194    -60.00000            0            0      0.00000 
  195    -61.00000            0            0      0.00000 
  196    -62.00000            0            0      0.00000 
  197    -63.00000            0            0      0.00000 
  198    -64.00000            0            0      0.00000 
  199    -65.00000            0            0      0.00000 
  200    -66.00000            0            0      0.00000 
  201    -67.00000            0            0      0.00000 
  202    -68.00000            0            0      0.00000 
  203    -69.00000            0            0      0.00000 
  204    -70.00000            0            0      0.00000 
  205    -71.00000            0            0      0.00000 
  206    -72.00000            0            0      0.00000 
  207    -73.00000            0            0      0.00000 
  208    -74.00000            0            0      0.00000 
  209    -75.00000            0            0      0.00000 
  210    -76.00000            0            0      0.00000 
  211    -77.00000            0            0      0.00000 
  212    -78.00000            0            0      0.00000 
  213    -79.00000            0            0      0.00000 
  214    -80.00000            0            0      0.00000 
  215    -81.00000            0            0      0.00000 
  216    -82.00000            0            0      0.00000 
  217    -83.00000            0            0      0.00000 
  218    -84.00000            0            0      0.00000 
  219    -85.00000            0            0      0.00000 
  220    -86.00000            0            0      0.00000 
  221    -87.00000            0            0      0.00000 
  222    -88.00000            0            0      0.00000 
  223    -89.00000            0            0      0.00000 
  224    -90.00000            0            0      0.00000 
  225    -91.00000            0            0      0.00000 
  226    -92.00000            0            0      0.00000 
  227    -93.00000            0            0      0.00000 
  228    -94.00000            0            0      0.00000 
  229    -95.00000            0            0      0.00000 
  230    -96.00000            0            0      0.00000 
  231    -97.00000            0            0      0.00000 
  232    -98.00000            0            0      0.00000 
