# 3dSliceNDice -insetA 9m_3min_m1_binary+orig -insetB 9m_4min_m1_binary+orig -prefix 9m_3min_4min_m1
    0    -72.00000            0            0      0.00000 
    1    -71.00000            0            0      0.00000 
    2    -70.00000            0            0      0.00000 
    3    -69.00000            0            0      0.00000 
    4    -68.00000            0            0      0.00000 
    5    -67.00000            0            0      0.00000 
    6    -66.00000            0            0      0.00000 
    7    -65.00000            0            0      0.00000 
    8    -64.00000            0            0      0.00000 
    9    -63.00000            0            0      0.00000 
   10    -62.00000            0            0      0.00000 
   11    -61.00000            0            0      0.00000 
   12    -60.00000            0            0      0.00000 
   13    -59.00000            0            0      0.00000 
   14    -58.00000            0            0      0.00000 
   15    -57.00000            0            0      0.00000 
   16    -56.00000            0            0      0.00000 
   17    -55.00000            0            0      0.00000 
   18    -54.00000            0            0      0.00000 
   19    -53.00000            0            0      0.00000 
   20    -52.00000            0            0      0.00000 
   21    -51.00000            0            0      0.00000 
   22    -50.00000            0            0      0.00000 
   23    -49.00000            0            0      0.00000 
   24    -48.00000            0            0      0.00000 
   25    -47.00000            0            0      0.00000 
   26    -46.00000            0            0      0.00000 
   27    -45.00000            0            0      0.00000 
   28    -44.00000            0            0      0.00000 
   29    -43.00000            0            0      0.00000 
   30    -42.00000            0            0      0.00000 
   31    -41.00000            0            0      0.00000 
   32    -40.00000            0            0      0.00000 
   33    -39.00000            0            0      0.00000 
   34    -38.00000            0            0      0.00000 
   35    -37.00000            0            0      0.00000 
   36    -36.00000            0            0      0.00000 
   37    -35.00000            0            0      0.00000 
   38    -34.00000            0            0      0.00000 
   39    -33.00000            0            0      0.00000 
   40    -32.00000          270          307      0.90815 
   41    -31.00000          530          550      0.95370 
   42    -30.00000          703          711      0.96747 
   43    -29.00000          838          841      0.97082 
   44    -28.00000          981          964      0.97275 
   45    -27.00000         1107         1093      0.96909 
   46    -26.00000         1180         1192      0.96037 
   47    -25.00000         1299         1319      0.95416 
   48    -24.00000         1374         1400      0.95097 
   49    -23.00000         1465         1492      0.95502 
   50    -22.00000         1635         1674      0.95618 
   51    -21.00000         1891         1904      0.95916 
   52    -20.00000         2310         2331      0.95971 
   53    -19.00000         2631         2656      0.96236 
   54    -18.00000         2899         2911      0.95869 
   55    -17.00000         3405         3444      0.95167 
   56    -16.00000         3870         3867      0.94197 
   57    -15.00000         4298         4318      0.93129 
   58    -14.00000         4484         4479      0.92246 
   59    -13.00000         4550         4534      0.91744 
   60    -12.00000         4599         4725      0.93308 
   61    -11.00000         4628         4784      0.93306 
   62    -10.00000         4645         4806      0.93112 
   63     -9.00000         4492         4695      0.92479 
   64     -8.00000         4168         4415      0.91926 
   65     -7.00000         3794         4016      0.95237 
   66     -6.00000         3846         4045      0.96008 
   67     -5.00000         3941         4114      0.96462 
   68     -4.00000         3995         4116      0.96831 
   69     -3.00000         4043         4110      0.96872 
   70     -2.00000         4099         4072      0.96561 
   71     -1.00000         4123         4045      0.96156 
   72      0.00000         4128         3990      0.96058 
   73      1.00000         4039         3848      0.95753 
   74      2.00000         3900         3719      0.95971 
   75      3.00000         3806         3654      0.95442 
   76      4.00000         3825         3633      0.94368 
   77      5.00000         3798         3558      0.93339 
   78      6.00000         3692         3380      0.92110 
   79      7.00000         3603         3162      0.89874 
   80      8.00000         3444         3016      0.88607 
   81      9.00000         3458         3058      0.88214 
   82     10.00000         3434         3116      0.87664 
   83     11.00000         3291         3117      0.86610 
   84     12.00000         3091         3117      0.84858 
   85     13.00000         3094         3238      0.84302 
   86     14.00000         3232         3299      0.84979 
   87     15.00000         3296         3388      0.84949 
   88     16.00000         3295         3386      0.84299 
   89     17.00000         3265         3311      0.83729 
   90     18.00000         3360         3368      0.84304 
   91     19.00000         3491         3472      0.85538 
   92     20.00000         3582         3564      0.86818 
   93     21.00000         3570         3551      0.87853 
   94     22.00000         3506         3538      0.88132 
   95     23.00000         3412         3511      0.88517 
   96     24.00000         3364         3431      0.89124 
   97     25.00000         3335         3372      0.90234 
   98     26.00000         3179         3202      0.91271 
   99     27.00000         3017         3024      0.92865 
  100     28.00000         2893         2882      0.93818 
  101     29.00000         2769         2734      0.94385 
  102     30.00000         2659         2591      0.95086 
  103     31.00000         2494         2394      0.95827 
  104     32.00000         2341         2218      0.96819 
  105     33.00000         2169         2057      0.97018 
  106     34.00000         1973         1871      0.96982 
  107     35.00000         1793         1701      0.97195 
  108     36.00000         1573         1519      0.97348 
  109     37.00000         1404         1376      0.97482 
  110     38.00000         1222         1216      0.97949 
  111     39.00000         1092         1087      0.98577 
  112     40.00000          988          979      0.99237 
  113     41.00000          918          891      0.98286 
  114     42.00000          858          810      0.97122 
  115     43.00000          747          665      0.94193 
  116     44.00000          641          536      0.91079 
  117     45.00000          545          410      0.85864 
  118     46.00000          418          260      0.76696 
  119     47.00000          314          155      0.66098 
  120     48.00000          253          111      0.60989 
  121     49.00000          200           80      0.57143 
  122     50.00000          166           52      0.47706 
  123     51.00000          144           23      0.27545 
  124     52.00000           95            0      0.00000 
  125     53.00000           53            0      0.00000 
  126     54.00000            2            0      0.00000 
  127     55.00000            0            0      0.00000 
  128     56.00000            0            0      0.00000 
  129     57.00000            0            0      0.00000 
  130     58.00000            0            0      0.00000 
  131     59.00000            0            0      0.00000 
  132     60.00000            0            0      0.00000 
  133     61.00000            0            0      0.00000 
  134     62.00000            0            0      0.00000 
  135     63.00000            0            0      0.00000 
  136     64.00000            0            0      0.00000 
  137     65.00000            0            0      0.00000 
  138     66.00000            0            0      0.00000 
  139     67.00000            0            0      0.00000 
  140     68.00000            0            0      0.00000 
  141     69.00000            0            0      0.00000 
  142     70.00000            0            0      0.00000 
  143     71.00000            0            0      0.00000 
  144     72.00000            0            0      0.00000 
  145     73.00000            0            0      0.00000 
  146     74.00000            0            0      0.00000 
  147     75.00000            0            0      0.00000 
  148     76.00000            0            0      0.00000 
  149     77.00000            0            0      0.00000 
  150     78.00000            0            0      0.00000 
  151     79.00000            0            0      0.00000 
  152     80.00000            0            0      0.00000 
  153     81.00000            0            0      0.00000 
  154     82.00000            0            0      0.00000 
  155     83.00000            0            0      0.00000 
  156     84.00000            0            0      0.00000 
  157     85.00000            0            0      0.00000 
  158     86.00000            0            0      0.00000 
