# 3dSliceNDice -insetA 9m_3min_m3_binary+orig -insetB 9m_5min_m3_binary+orig -prefix 9m_3min_5min_m3
    0    134.00000            0            0      0.00000 
    1    133.00000            0            0      0.00000 
    2    132.00000            0            0      0.00000 
    3    131.00000            0            0      0.00000 
    4    130.00000            0            0      0.00000 
    5    129.00000            0            0      0.00000 
    6    128.00000            0            0      0.00000 
    7    127.00000            0            0      0.00000 
    8    126.00000            0            0      0.00000 
    9    125.00000            0            0      0.00000 
   10    124.00000            0            0      0.00000 
   11    123.00000            0            0      0.00000 
   12    122.00000            0            0      0.00000 
   13    121.00000            0            0      0.00000 
   14    120.00000            0            0      0.00000 
   15    119.00000            0            0      0.00000 
   16    118.00000            0            0      0.00000 
   17    117.00000            0            0      0.00000 
   18    116.00000            0            0      0.00000 
   19    115.00000            0            0      0.00000 
   20    114.00000            0            0      0.00000 
   21    113.00000            0            0      0.00000 
   22    112.00000            0            0      0.00000 
   23    111.00000            0            0      0.00000 
   24    110.00000            0            0      0.00000 
   25    109.00000            0            0      0.00000 
   26    108.00000            0            0      0.00000 
   27    107.00000            0            0      0.00000 
   28    106.00000            0            0      0.00000 
   29    105.00000            0            0      0.00000 
   30    104.00000            0            0      0.00000 
   31    103.00000            0            0      0.00000 
   32    102.00000            0            0      0.00000 
   33    101.00000            0            0      0.00000 
   34    100.00000            0            0      0.00000 
   35     99.00000            0            0      0.00000 
   36     98.00000            0            0      0.00000 
   37     97.00000            0            0      0.00000 
   38     96.00000            0            0      0.00000 
   39     95.00000            0            0      0.00000 
   40     94.00000            0            0      0.00000 
   41     93.00000            0            0      0.00000 
   42     92.00000            0            0      0.00000 
   43     91.00000            0            0      0.00000 
   44     90.00000            0            0      0.00000 
   45     89.00000            0            0      0.00000 
   46     88.00000            0            0      0.00000 
   47     87.00000            0            0      0.00000 
   48     86.00000            0            0      0.00000 
   49     85.00000            0            0      0.00000 
   50     84.00000            0            0      0.00000 
   51     83.00000            0            0      0.00000 
   52     82.00000            0            0      0.00000 
   53     81.00000            0            0      0.00000 
   54     80.00000            0            0      0.00000 
   55     79.00000            0            0      0.00000 
   56     78.00000            0            0      0.00000 
   57     77.00000            0            0      0.00000 
   58     76.00000            0            0      0.00000 
   59     75.00000            0            0      0.00000 
   60     74.00000            0            0      0.00000 
   61     73.00000            0            0      0.00000 
   62     72.00000           32           10      0.47619 
   63     71.00000           84           39      0.63415 
   64     70.00000          162           88      0.66400 
   65     69.00000          224          130      0.69492 
   66     68.00000          271          169      0.70909 
   67     67.00000          394          232      0.66134 
   68     66.00000          528          321      0.66667 
   69     65.00000          670          421      0.69478 
   70     64.00000          795          528      0.72562 
   71     63.00000          913          621      0.74707 
   72     62.00000         1031          828      0.83378 
   73     61.00000         1119          996      0.88416 
   74     60.00000         1253         1156      0.90494 
   75     59.00000         1335         1250      0.91219 
   76     58.00000         1411         1323      0.91807 
   77     57.00000         1560         1406      0.90695 
   78     56.00000         1683         1454      0.88875 
   79     55.00000         1811         1517      0.88101 
   80     54.00000         1906         1565      0.87237 
   81     53.00000         1989         1615      0.86459 
   82     52.00000         2179         1732      0.84582 
   83     51.00000         2300         1857      0.83810 
   84     50.00000         2390         1977      0.83627 
   85     49.00000         2455         2034      0.82869 
   86     48.00000         2533         2087      0.81905 
   87     47.00000         2588         2212      0.82375 
   88     46.00000         2639         2383      0.84667 
   89     45.00000         2720         2509      0.86518 
   90     44.00000         2731         2519      0.87733 
   91     43.00000         2681         2423      0.87735 
   92     42.00000         2559         2296      0.91081 
   93     41.00000         2628         2398      0.93394 
   94     40.00000         2727         2538      0.94701 
   95     39.00000         2770         2639      0.95618 
   96     38.00000         2804         2734      0.96569 
   97     37.00000         2849         2826      0.96987 
   98     36.00000         2871         2861      0.96825 
   99     35.00000         2914         2930      0.96749 
  100     34.00000         2895         2938      0.96451 
  101     33.00000         2908         2968      0.96188 
  102     32.00000         2885         2981      0.95772 
  103     31.00000         2821         2945      0.95352 
  104     30.00000         2801         2943      0.94812 
  105     29.00000         2767         2925      0.94729 
  106     28.00000         2738         2910      0.94688 
  107     27.00000         2683         2852      0.94670 
  108     26.00000         2603         2769      0.94639 
  109     25.00000         2544         2703      0.94454 
  110     24.00000         2465         2607      0.94479 
  111     23.00000         2393         2521      0.94668 
  112     22.00000         2322         2427      0.94967 
  113     21.00000         2240         2320      0.95219 
  114     20.00000         2133         2178      0.95848 
  115     19.00000         2034         2059      0.96506 
  116     18.00000         1951         1996      0.96022 
  117     17.00000         1851         1957      0.95011 
  118     16.00000         1771         1953      0.93287 
  119     15.00000         1690         1935      0.91972 
  120     14.00000         1592         1879      0.91328 
  121     13.00000         1534         1851      0.90399 
  122     12.00000         1516         1861      0.89665 
  123     11.00000         1508         1876      0.88889 
  124     10.00000         1463         1856      0.87918 
  125      9.00000         1374         1783      0.86791 
  126      8.00000         1287         1715      0.85743 
  127      7.00000         1163         1611      0.83850 
  128      6.00000         1027         1469      0.82292 
  129      5.00000          941         1390      0.80738 
  130      4.00000          809         1251      0.78544 
  131      3.00000          623         1057      0.74167 
  132      2.00000          334          924      0.53100 
  133      1.00000          305          856      0.52541 
  134      0.00000          279          785      0.52444 
  135     -1.00000          238          683      0.51683 
  136     -2.00000          211          560      0.54734 
  137     -3.00000          318          595      0.69660 
  138     -4.00000          449          718      0.76949 
  139     -5.00000          535          778      0.81493 
  140     -6.00000          587          798      0.84765 
  141     -7.00000          620          813      0.86532 
  142     -8.00000          651          813      0.88934 
  143     -9.00000          643          787      0.89930 
  144    -10.00000          645          767      0.91360 
  145    -11.00000          636          738      0.92576 
  146    -12.00000          622          722      0.92560 
  147    -13.00000          611          727      0.91330 
  148    -14.00000          585          707      0.90557 
  149    -15.00000          559          696      0.89084 
  150    -16.00000          557          692      0.89191 
  151    -17.00000          555          692      0.89014 
  152    -18.00000          547          684      0.88871 
  153    -19.00000          525          656      0.88908 
  154    -20.00000          501          629      0.88673 
  155    -21.00000          468          593      0.88219 
  156    -22.00000          447          565      0.88340 
  157    -23.00000          402          546      0.84810 
  158    -24.00000          366          558      0.79221 
  159    -25.00000          317          554      0.72790 
  160    -26.00000          257          511      0.66927 
  161    -27.00000          190          437      0.60606 
  162    -28.00000          129          362      0.52546 
  163    -29.00000          101          337      0.46119 
  164    -30.00000           66          300      0.36066 
  165    -31.00000           30          256      0.20979 
  166    -32.00000            1          202      0.00985 
  167    -33.00000            0          196      0.00000 
  168    -34.00000            0          179      0.00000 
  169    -35.00000            0          168      0.00000 
  170    -36.00000            0          140      0.00000 
  171    -37.00000            0          112      0.00000 
  172    -38.00000            0           81      0.00000 
  173    -39.00000            0           54      0.00000 
  174    -40.00000            0           33      0.00000 
  175    -41.00000            0           12      0.00000 
  176    -42.00000            0            0      0.00000 
  177    -43.00000            0            0      0.00000 
  178    -44.00000            0            0      0.00000 
  179    -45.00000            0            0      0.00000 
  180    -46.00000            0            0      0.00000 
  181    -47.00000            0            0      0.00000 
  182    -48.00000            0            0      0.00000 
  183    -49.00000            0            0      0.00000 
  184    -50.00000            0            0      0.00000 
  185    -51.00000            0            0      0.00000 
  186    -52.00000            0            0      0.00000 
  187    -53.00000            0            0      0.00000 
  188    -54.00000            0            0      0.00000 
  189    -55.00000            0            0      0.00000 
  190    -56.00000            0            0      0.00000 
  191    -57.00000            0            0      0.00000 
  192    -58.00000            0            0      0.00000 
  193    -59.00000            0            0      0.00000 
  194    -60.00000            0            0      0.00000 
  195    -61.00000            0            0      0.00000 
  196    -62.00000            0            0      0.00000 
  197    -63.00000            0            0      0.00000 
  198    -64.00000            0            0      0.00000 
  199    -65.00000            0            0      0.00000 
  200    -66.00000            0            0      0.00000 
  201    -67.00000            0            0      0.00000 
  202    -68.00000            0            0      0.00000 
  203    -69.00000            0            0      0.00000 
  204    -70.00000            0            0      0.00000 
  205    -71.00000            0            0      0.00000 
  206    -72.00000            0            0      0.00000 
  207    -73.00000            0            0      0.00000 
  208    -74.00000            0            0      0.00000 
  209    -75.00000            0            0      0.00000 
  210    -76.00000            0            0      0.00000 
  211    -77.00000            0            0      0.00000 
  212    -78.00000            0            0      0.00000 
  213    -79.00000            0            0      0.00000 
  214    -80.00000            0            0      0.00000 
  215    -81.00000            0            0      0.00000 
  216    -82.00000            0            0      0.00000 
  217    -83.00000            0            0      0.00000 
  218    -84.00000            0            0      0.00000 
  219    -85.00000            0            0      0.00000 
  220    -86.00000            0            0      0.00000 
  221    -87.00000            0            0      0.00000 
  222    -88.00000            0            0      0.00000 
  223    -89.00000            0            0      0.00000 
  224    -90.00000            0            0      0.00000 
  225    -91.00000            0            0      0.00000 
  226    -92.00000            0            0      0.00000 
  227    -93.00000            0            0      0.00000 
  228    -94.00000            0            0      0.00000 
  229    -95.00000            0            0      0.00000 
  230    -96.00000            0            0      0.00000 
  231    -97.00000            0            0      0.00000 
  232    -98.00000            0            0      0.00000 
