# 3dSliceNDice -insetA 9m_3min_m5_binary+orig -insetB 9m_5min_m5_binary+orig -prefix 9m_3min_5min_m5
    0     96.00000            0            0      0.00000 
    1     95.00000            0            0      0.00000 
    2     94.00000            0            0      0.00000 
    3     93.00000            0            0      0.00000 
    4     92.00000            0            0      0.00000 
    5     91.00000            0            0      0.00000 
    6     90.00000            0            0      0.00000 
    7     89.00000            0            0      0.00000 
    8     88.00000            0            0      0.00000 
    9     87.00000            0            0      0.00000 
   10     86.00000            0            0      0.00000 
   11     85.00000            0            0      0.00000 
   12     84.00000            0            0      0.00000 
   13     83.00000            0            0      0.00000 
   14     82.00000            0            0      0.00000 
   15     81.00000            0            0      0.00000 
   16     80.00000            0            0      0.00000 
   17     79.00000            0            0      0.00000 
   18     78.00000            0            0      0.00000 
   19     77.00000            0            0      0.00000 
   20     76.00000            0            0      0.00000 
   21     75.00000            0            0      0.00000 
   22     74.00000            0            0      0.00000 
   23     73.00000            0            0      0.00000 
   24     72.00000            0            0      0.00000 
   25     71.00000            0            0      0.00000 
   26     70.00000            0            0      0.00000 
   27     69.00000            0            0      0.00000 
   28     68.00000            0            0      0.00000 
   29     67.00000            0            0      0.00000 
   30     66.00000            0            0      0.00000 
   31     65.00000            0            0      0.00000 
   32     64.00000            0            0      0.00000 
   33     63.00000            0            0      0.00000 
   34     62.00000            0            0      0.00000 
   35     61.00000            0            0      0.00000 
   36     60.00000            0            0      0.00000 
   37     59.00000            0            0      0.00000 
   38     58.00000            0            0      0.00000 
   39     57.00000            0            0      0.00000 
   40     56.00000            0            0      0.00000 
   41     55.00000            0            0      0.00000 
   42     54.00000            0            0      0.00000 
   43     53.00000            0            0      0.00000 
   44     52.00000            0            0      0.00000 
   45     51.00000            0            0      0.00000 
   46     50.00000            0            0      0.00000 
   47     49.00000            0            0      0.00000 
   48     48.00000            0            0      0.00000 
   49     47.00000            0            0      0.00000 
   50     46.00000            0            0      0.00000 
   51     45.00000            0            0      0.00000 
   52     44.00000            7           32      0.35897 
   53     43.00000           23           58      0.56790 
   54     42.00000           57           90      0.77551 
   55     41.00000          114          134      0.91935 
   56     40.00000          185          202      0.95607 
   57     39.00000          237          250      0.97331 
   58     38.00000          285          295      0.98276 
   59     37.00000          337          342      0.99264 
   60     36.00000          386          391      0.99357 
   61     35.00000          465          477      0.98301 
   62     34.00000          528          548      0.96840 
   63     33.00000          574          598      0.96075 
   64     32.00000          630          654      0.95327 
   65     31.00000          661          690      0.94152 
   66     30.00000          705          744      0.94548 
   67     29.00000          742          785      0.95219 
   68     28.00000          782          830      0.95409 
   69     27.00000         1093         1147      0.89286 
   70     26.00000         1437         1377      0.92040 
   71     25.00000         1647         1539      0.93534 
   72     24.00000         1790         1664      0.93804 
   73     23.00000         1901         1760      0.93909 
   74     22.00000         2022         1870      0.93936 
   75     21.00000         2093         1919      0.94267 
   76     20.00000         2190         2003      0.94539 
   77     19.00000         2242         2048      0.94685 
   78     18.00000         2278         2085      0.94935 
   79     17.00000         2579         2297      0.92863 
   80     16.00000         2763         2431      0.92183 
   81     15.00000         2900         2550      0.92110 
   82     14.00000         2991         2626      0.91828 
   83     13.00000         3081         2707      0.91845 
   84     12.00000         3138         2785      0.91406 
   85     11.00000         3185         2847      0.91611 
   86     10.00000         3239         2947      0.91756 
   87      9.00000         3264         3022      0.91982 
   88      8.00000         3310         3104      0.92111 
   89      7.00000         3366         3191      0.92664 
   90      6.00000         3349         3209      0.93565 
   91      5.00000         3331         3224      0.93913 
   92      4.00000         3256         3192      0.94386 
   93      3.00000         3194         3170      0.94909 
   94      2.00000         3099         3105      0.95197 
   95      1.00000         2981         3000      0.95001 
   96      0.00000         2882         2919      0.94880 
   97     -1.00000         2773         2842      0.94746 
   98     -2.00000         2731         2819      0.94559 
   99     -3.00000         2621         2731      0.94283 
  100     -4.00000         2524         2647      0.93792 
  101     -5.00000         2372         2502      0.93352 
  102     -6.00000         2162         2286      0.91862 
  103     -7.00000         1881         1975      0.90093 
  104     -8.00000         1578         1722      0.87576 
  105     -9.00000         1501         1689      0.85768 
  106    -10.00000         1408         1620      0.83487 
  107    -11.00000         1310         1532      0.81492 
  108    -12.00000         1205         1430      0.83340 
  109    -13.00000         1125         1344      0.88133 
  110    -14.00000         1096         1346      0.87633 
  111    -15.00000         1074         1359      0.87053 
  112    -16.00000         1055         1362      0.86885 
  113    -17.00000         1054         1374      0.86820 
  114    -18.00000         1137         1533      0.85169 
  115    -19.00000         1220         1672      0.84371 
  116    -20.00000         1281         1774      0.83863 
  117    -21.00000         1322         1838      0.83354 
  118    -22.00000         1357         1894      0.83174 
  119    -23.00000         1487         1949      0.85972 
  120    -24.00000         1624         1969      0.89340 
  121    -25.00000         1743         2027      0.90769 
  122    -26.00000         1790         2001      0.91533 
  123    -27.00000         1823         1961      0.91966 
  124    -28.00000         1849         1920      0.92651 
  125    -29.00000         1832         1869      0.92786 
  126    -30.00000         1828         1821      0.93012 
  127    -31.00000         1773         1745      0.93292 
  128    -32.00000         1737         1691      0.93116 
  129    -33.00000         1691         1613      0.92857 
  130    -34.00000         1631         1532      0.92444 
  131    -35.00000         1571         1441      0.92032 
  132    -36.00000         1438         1290      0.91202 
  133    -37.00000         1355         1182      0.90974 
  134    -38.00000         1231         1099      0.89614 
  135    -39.00000         1123         1054      0.86909 
  136    -40.00000          993          998      0.84782 
  137    -41.00000          829          904      0.82631 
  138    -42.00000          688          820      0.79310 
  139    -43.00000          573          761      0.75562 
  140    -44.00000          539          771      0.74809 
  141    -45.00000          513          788      0.73021 
  142    -46.00000          467          763      0.69106 
  143    -47.00000          417          728      0.64105 
  144    -48.00000          362          684      0.59273 
  145    -49.00000          340          674      0.57594 
  146    -50.00000          318          602      0.59783 
  147    -51.00000          282          530      0.60837 
  148    -52.00000          256          492      0.59893 
  149    -53.00000          216          426      0.60125 
  150    -54.00000          180          329      0.63654 
  151    -55.00000          140          232      0.69355 
  152    -56.00000           87          149      0.69492 
  153    -57.00000           30           84      0.52632 
  154    -58.00000            0           13      0.00000 
  155    -59.00000            0            0      0.00000 
  156    -60.00000            0            0      0.00000 
  157    -61.00000            0            0      0.00000 
  158    -62.00000            0            0      0.00000 
  159    -63.00000            0            0      0.00000 
  160    -64.00000            0            0      0.00000 
  161    -65.00000            0            0      0.00000 
  162    -66.00000            0            0      0.00000 
  163    -67.00000            0            0      0.00000 
  164    -68.00000            0            0      0.00000 
  165    -69.00000            0            0      0.00000 
  166    -70.00000            0            0      0.00000 
  167    -71.00000            0            0      0.00000 
  168    -72.00000            0            0      0.00000 
  169    -73.00000            0            0      0.00000 
  170    -74.00000            0            0      0.00000 
  171    -75.00000            0            0      0.00000 
  172    -76.00000            0            0      0.00000 
  173    -77.00000            0            0      0.00000 
  174    -78.00000            0            0      0.00000 
  175    -79.00000            0            0      0.00000 
  176    -80.00000            0            0      0.00000 
  177    -81.00000            0            0      0.00000 
  178    -82.00000            0            0      0.00000 
  179    -83.00000            0            0      0.00000 
  180    -84.00000            0            0      0.00000 
  181    -85.00000            0            0      0.00000 
  182    -86.00000            0            0      0.00000 
  183    -87.00000            0            0      0.00000 
  184    -88.00000            0            0      0.00000 
  185    -89.00000            0            0      0.00000 
  186    -90.00000            0            0      0.00000 
  187    -91.00000            0            0      0.00000 
  188    -92.00000            0            0      0.00000 
  189    -93.00000            0            0      0.00000 
  190    -94.00000            0            0      0.00000 
  191    -95.00000            0            0      0.00000 
  192    -96.00000            0            0      0.00000 
  193    -97.00000            0            0      0.00000 
  194    -98.00000            0            0      0.00000 
