# 3dSliceNDice -insetA 9m_3min_m3_binary+orig -insetB 9m_4min_m3_binary+orig -prefix 9m_3min_4min_m3
    0    -72.00000            0            0      0.00000 
    1    -71.00000            0            0      0.00000 
    2    -70.00000            0            0      0.00000 
    3    -69.00000            0            0      0.00000 
    4    -68.00000            0            0      0.00000 
    5    -67.00000            0            0      0.00000 
    6    -66.00000            0            0      0.00000 
    7    -65.00000            0            0      0.00000 
    8    -64.00000            0            0      0.00000 
    9    -63.00000            0            0      0.00000 
   10    -62.00000            0            0      0.00000 
   11    -61.00000            0            0      0.00000 
   12    -60.00000            0            0      0.00000 
   13    -59.00000            0            0      0.00000 
   14    -58.00000            0            0      0.00000 
   15    -57.00000            0            0      0.00000 
   16    -56.00000            0            0      0.00000 
   17    -55.00000            0            0      0.00000 
   18    -54.00000            0            0      0.00000 
   19    -53.00000            0            0      0.00000 
   20    -52.00000            0            0      0.00000 
   21    -51.00000            6            6      1.00000 
   22    -50.00000          122          107      0.93450 
   23    -49.00000          623          476      0.86624 
   24    -48.00000          988          731      0.85049 
   25    -47.00000         1147          827      0.83789 
   26    -46.00000         1325          961      0.84077 
   27    -45.00000         1463         1081      0.84984 
   28    -44.00000         1531         1148      0.85704 
   29    -43.00000         1599         1216      0.86394 
   30    -42.00000         1644         1276      0.87397 
   31    -41.00000         1663         1303      0.87862 
   32    -40.00000         1697         1348      0.88539 
   33    -39.00000         1696         1351      0.88677 
   34    -38.00000         1679         1355      0.89321 
   35    -37.00000         1647         1356      0.90043 
   36    -36.00000         1636         1375      0.90668 
   37    -35.00000         1618         1397      0.91410 
   38    -34.00000         1583         1412      0.91886 
   39    -33.00000         1520         1408      0.92145 
   40    -32.00000         1466         1412      0.91591 
   41    -31.00000         1445         1402      0.91184 
   42    -30.00000         1428         1392      0.91277 
   43    -29.00000         1394         1354      0.91339 
   44    -28.00000         1396         1347      0.90777 
   45    -27.00000         1574         1584      0.89994 
   46    -26.00000         1724         1760      0.92365 
   47    -25.00000         1825         1888      0.94156 
   48    -24.00000         1894         1985      0.94921 
   49    -23.00000         1959         2058      0.94648 
   50    -22.00000         2026         2183      0.94607 
   51    -21.00000         2078         2284      0.94819 
   52    -20.00000         2160         2422      0.94195 
   53    -19.00000         2220         2513      0.93767 
   54    -18.00000         2279         2595      0.93517 
   55    -17.00000         2341         2752      0.91930 
   56    -16.00000         2393         2861      0.91093 
   57    -15.00000         2500         3009      0.90761 
   58    -14.00000         2597         3159      0.90167 
   59    -13.00000         2663         3263      0.89639 
   60    -12.00000         2672         3316      0.88945 
   61    -11.00000         2654         3333      0.88392 
   62    -10.00000         2645         3360      0.87760 
   63     -9.00000         2606         3335      0.87292 
   64     -8.00000         2603         3324      0.87498 
   65     -7.00000         2564         3276      0.87397 
   66     -6.00000         2509         3216      0.87336 
   67     -5.00000         2459         3147      0.87620 
   68     -4.00000         2368         3031      0.87720 
   69     -3.00000         2276         2940      0.87270 
   70     -2.00000         2167         2799      0.87273 
   71     -1.00000         2053         2680      0.86753 
   72      0.00000         1923         2538      0.86169 
   73      1.00000         1762         2334      0.85742 
   74      2.00000         1616         2177      0.84050 
   75      3.00000         1476         1969      0.82206 
   76      4.00000         1374         1839      0.82166 
   77      5.00000         1245         1662      0.82215 
   78      6.00000         1067         1416      0.82400 
   79      7.00000          808         1063      0.84019 
   80      8.00000          564          506      0.94206 
   81      9.00000          586          452      0.86320 
   82     10.00000          582          382      0.78423 
   83     11.00000          536          288      0.68447 
   84     12.00000          440          164      0.47682 
   85     13.00000          368          148      0.44961 
   86     14.00000          422          320      0.60916 
   87     15.00000          480          458      0.64606 
   88     16.00000          514          562      0.66171 
   89     17.00000          542          652      0.66834 
   90     18.00000          680          787      0.75665 
   91     19.00000          795          932      0.80023 
   92     20.00000          887         1086      0.81703 
   93     21.00000          937         1189      0.81938 
   94     22.00000          974         1283      0.81701 
   95     23.00000         1066         1385      0.83639 
   96     24.00000         1148         1444      0.86497 
   97     25.00000         1226         1487      0.88537 
   98     26.00000         1252         1503      0.89292 
   99     27.00000         1280         1517      0.90168 
  100     28.00000         1407         1640      0.91500 
  101     29.00000         1452         1673      0.92480 
  102     30.00000         1498         1704      0.93567 
  103     31.00000         1519         1717      0.93881 
  104     32.00000         1546         1737      0.94182 
  105     33.00000         1565         1731      0.94964 
  106     34.00000         1531         1668      0.95717 
  107     35.00000         1509         1617      0.96545 
  108     36.00000         1428         1542      0.96162 
  109     37.00000         1370         1500      0.95470 
  110     38.00000         1272         1419      0.94537 
  111     39.00000         1158         1319      0.93500 
  112     40.00000         1034         1208      0.92239 
  113     41.00000          937         1096      0.92179 
  114     42.00000          848          985      0.92526 
  115     43.00000          777          891      0.93165 
  116     44.00000          693          790      0.93459 
  117     45.00000          610          701      0.93059 
  118     46.00000          495          577      0.92351 
  119     47.00000          365          437      0.91022 
  120     48.00000          221          269      0.90204 
  121     49.00000          131          166      0.88215 
  122     50.00000           71          103      0.81609 
  123     51.00000           16           36      0.61538 
  124     52.00000            0            3      0.00000 
  125     53.00000            0            0      0.00000 
  126     54.00000            0            0      0.00000 
  127     55.00000            0            0      0.00000 
  128     56.00000            0            0      0.00000 
  129     57.00000            0            0      0.00000 
  130     58.00000            0            0      0.00000 
  131     59.00000            0            0      0.00000 
  132     60.00000            0            0      0.00000 
  133     61.00000            0            0      0.00000 
  134     62.00000            0            0      0.00000 
  135     63.00000            0            0      0.00000 
  136     64.00000            0            0      0.00000 
  137     65.00000            0            0      0.00000 
  138     66.00000            0            0      0.00000 
  139     67.00000            0            0      0.00000 
  140     68.00000            0            0      0.00000 
  141     69.00000            0            0      0.00000 
  142     70.00000            0            0      0.00000 
  143     71.00000            0            0      0.00000 
  144     72.00000            0            0      0.00000 
  145     73.00000            0            0      0.00000 
  146     74.00000            0            0      0.00000 
  147     75.00000            0            0      0.00000 
  148     76.00000            0            0      0.00000 
  149     77.00000            0            0      0.00000 
  150     78.00000            0            0      0.00000 
  151     79.00000            0            0      0.00000 
  152     80.00000            0            0      0.00000 
  153     81.00000            0            0      0.00000 
  154     82.00000            0            0      0.00000 
  155     83.00000            0            0      0.00000 
  156     84.00000            0            0      0.00000 
  157     85.00000            0            0      0.00000 
  158     86.00000            0            0      0.00000 
