# 3dSliceNDice -insetA 9m_3min_m1_binary+orig -insetB 9m_4min_m1_binary+orig -prefix 9m_3min_4min_m1
    0     96.00000            0            0      0.00000 
    1     95.00000            0            0      0.00000 
    2     94.00000            0            0      0.00000 
    3     93.00000            0            0      0.00000 
    4     92.00000            0            0      0.00000 
    5     91.00000            0            0      0.00000 
    6     90.00000            0            0      0.00000 
    7     89.00000            0            0      0.00000 
    8     88.00000            0            0      0.00000 
    9     87.00000            0            0      0.00000 
   10     86.00000            0            0      0.00000 
   11     85.00000            0            0      0.00000 
   12     84.00000            0            0      0.00000 
   13     83.00000            0            0      0.00000 
   14     82.00000            0            0      0.00000 
   15     81.00000            0            0      0.00000 
   16     80.00000            0            0      0.00000 
   17     79.00000            0            0      0.00000 
   18     78.00000            0            0      0.00000 
   19     77.00000            0            0      0.00000 
   20     76.00000            0            0      0.00000 
   21     75.00000            0            0      0.00000 
   22     74.00000            0            0      0.00000 
   23     73.00000            0            0      0.00000 
   24     72.00000            0            0      0.00000 
   25     71.00000            0            0      0.00000 
   26     70.00000            0            0      0.00000 
   27     69.00000            0            0      0.00000 
   28     68.00000            0            0      0.00000 
   29     67.00000            0            0      0.00000 
   30     66.00000            0            0      0.00000 
   31     65.00000            0            0      0.00000 
   32     64.00000            0            0      0.00000 
   33     63.00000            0            0      0.00000 
   34     62.00000            0            0      0.00000 
   35     61.00000            0            0      0.00000 
   36     60.00000            0            0      0.00000 
   37     59.00000            0            0      0.00000 
   38     58.00000            0            0      0.00000 
   39     57.00000           23            0      0.00000 
   40     56.00000          108            0      0.00000 
   41     55.00000          170            8      0.08989 
   42     54.00000          229           17      0.13821 
   43     53.00000          300           48      0.27586 
   44     52.00000          338           85      0.40189 
   45     51.00000          401          114      0.44272 
   46     50.00000          451          147      0.49164 
   47     49.00000          493          175      0.52395 
   48     48.00000          547          201      0.53743 
   49     47.00000          593          223      0.54657 
   50     46.00000          638          240      0.54670 
   51     45.00000          703          283      0.57404 
   52     44.00000          800          364      0.62543 
   53     43.00000          890          470      0.69118 
   54     42.00000         1028          635      0.76127 
   55     41.00000         1222          850      0.79440 
   56     40.00000         1355         1003      0.80322 
   57     39.00000         1394         1074      0.80713 
   58     38.00000         1464         1172      0.80425 
   59     37.00000         1500         1338      0.83298 
   60     36.00000         1507         1492      0.85162 
   61     35.00000         1560         1686      0.86322 
   62     34.00000         1582         1828      0.86628 
   63     33.00000         1600         1963      0.86781 
   64     32.00000         1930         2355      0.88541 
   65     31.00000         2182         2570      0.90530 
   66     30.00000         2343         2747      0.91749 
   67     29.00000         2491         2863      0.92641 
   68     28.00000         2610         2964      0.93147 
   69     27.00000         2699         2995      0.94134 
   70     26.00000         2766         3022      0.94886 
   71     25.00000         2859         3077      0.95687 
   72     24.00000         2944         3119      0.96355 
   73     23.00000         3055         3203      0.96804 
   74     22.00000         3132         3243      0.97255 
   75     21.00000         3172         3252      0.97540 
   76     20.00000         3196         3241      0.97872 
   77     19.00000         3204         3214      0.97974 
   78     18.00000         3220         3203      0.98178 
   79     17.00000         3188         3163      0.98158 
   80     16.00000         3129         3114      0.97677 
   81     15.00000         3094         3069      0.96771 
   82     14.00000         3051         3029      0.96414 
   83     13.00000         2940         2998      0.95116 
   84     12.00000         2863         2967      0.93654 
   85     11.00000         2850         2930      0.93668 
   86     10.00000         2792         2872      0.93962 
   87      9.00000         2677         2739      0.93833 
   88      8.00000         2525         2521      0.93341 
   89      7.00000         2315         2218      0.95478 
   90      6.00000         2254         2180      0.95399 
   91      5.00000         2224         2161      0.95553 
   92      4.00000         2120         2066      0.94601 
   93      3.00000         2000         1983      0.93297 
   94      2.00000         1892         1894      0.92076 
   95      1.00000         1737         1762      0.91569 
   96      0.00000         1649         1675      0.91215 
   97     -1.00000         1699         1710      0.92461 
   98     -2.00000         1814         1809      0.93624 
   99     -3.00000         2022         1937      0.93963 
  100     -4.00000         2205         2063      0.94002 
  101     -5.00000         2359         2184      0.94959 
  102     -6.00000         2450         2276      0.95218 
  103     -7.00000         2543         2369      0.95440 
  104     -8.00000         2690         2510      0.94692 
  105     -9.00000         2828         2649      0.93226 
  106    -10.00000         2929         2747      0.92918 
  107    -11.00000         2982         2792      0.92380 
  108    -12.00000         3067         2867      0.91877 
  109    -13.00000         3146         2967      0.91804 
  110    -14.00000         3180         3058      0.92081 
  111    -15.00000         3256         3163      0.92631 
  112    -16.00000         3275         3233      0.92594 
  113    -17.00000         3275         3287      0.92289 
  114    -18.00000         3284         3355      0.92243 
  115    -19.00000         3260         3340      0.92970 
  116    -20.00000         3265         3358      0.93523 
  117    -21.00000         3208         3320      0.93382 
  118    -22.00000         3172         3297      0.93647 
  119    -23.00000         3107         3226      0.93068 
  120    -24.00000         3035         3145      0.92621 
  121    -25.00000         2956         3059      0.92236 
  122    -26.00000         2842         2922      0.91985 
  123    -27.00000         2724         2803      0.91333 
  124    -28.00000         2584         2633      0.92045 
  125    -29.00000         2497         2521      0.91869 
  126    -30.00000         2432         2425      0.91538 
  127    -31.00000         2324         2269      0.90965 
  128    -32.00000         2254         2121      0.91200 
  129    -33.00000         2152         1971      0.91778 
  130    -34.00000         2032         1859      0.91699 
  131    -35.00000         1893         1739      0.91575 
  132    -36.00000         1744         1619      0.92120 
  133    -37.00000         1565         1494      0.92775 
  134    -38.00000         1431         1408      0.93765 
  135    -39.00000         1339         1347      0.94639 
  136    -40.00000         1235         1273      0.95455 
  137    -41.00000         1100         1160      0.96018 
  138    -42.00000          977         1024      0.97651 
  139    -43.00000          894          955      0.96701 
  140    -44.00000          839          910      0.95941 
  141    -45.00000          773          848      0.95373 
  142    -46.00000          663          749      0.93909 
  143    -47.00000          557          661      0.91461 
  144    -48.00000          499          617      0.89427 
  145    -49.00000          474          575      0.90372 
  146    -50.00000          462          545      0.91758 
  147    -51.00000          428          508      0.91453 
  148    -52.00000          416          498      0.91028 
  149    -53.00000          416          498      0.91028 
  150    -54.00000          408          488      0.91071 
  151    -55.00000          394          474      0.90783 
  152    -56.00000          378          448      0.91525 
  153    -57.00000          339          398      0.91995 
  154    -58.00000          214          226      0.97273 
  155    -59.00000           39           39      1.00000 
  156    -60.00000            0            0      0.00000 
  157    -61.00000            0            0      0.00000 
  158    -62.00000            0            0      0.00000 
  159    -63.00000            0            0      0.00000 
  160    -64.00000            0            0      0.00000 
  161    -65.00000            0            0      0.00000 
  162    -66.00000            0            0      0.00000 
  163    -67.00000            0            0      0.00000 
  164    -68.00000            0            0      0.00000 
  165    -69.00000            0            0      0.00000 
  166    -70.00000            0            0      0.00000 
  167    -71.00000            0            0      0.00000 
  168    -72.00000            0            0      0.00000 
  169    -73.00000            0            0      0.00000 
  170    -74.00000            0            0      0.00000 
  171    -75.00000            0            0      0.00000 
  172    -76.00000            0            0      0.00000 
  173    -77.00000            0            0      0.00000 
  174    -78.00000            0            0      0.00000 
  175    -79.00000            0            0      0.00000 
  176    -80.00000            0            0      0.00000 
  177    -81.00000            0            0      0.00000 
  178    -82.00000            0            0      0.00000 
  179    -83.00000            0            0      0.00000 
  180    -84.00000            0            0      0.00000 
  181    -85.00000            0            0      0.00000 
  182    -86.00000            0            0      0.00000 
  183    -87.00000            0            0      0.00000 
  184    -88.00000            0            0      0.00000 
  185    -89.00000            0            0      0.00000 
  186    -90.00000            0            0      0.00000 
  187    -91.00000            0            0      0.00000 
  188    -92.00000            0            0      0.00000 
  189    -93.00000            0            0      0.00000 
  190    -94.00000            0            0      0.00000 
  191    -95.00000            0            0      0.00000 
  192    -96.00000            0            0      0.00000 
  193    -97.00000            0            0      0.00000 
  194    -98.00000            0            0      0.00000 
