# 3dSliceNDice -insetA 9m_3min_m2_binary+orig -insetB 9m_4min_m2_binary+orig -prefix 9m_3min_4min_m2
    0    -72.00000            0            0      0.00000 
    1    -71.00000            0            0      0.00000 
    2    -70.00000            0            0      0.00000 
    3    -69.00000            0            0      0.00000 
    4    -68.00000            0            0      0.00000 
    5    -67.00000            0            0      0.00000 
    6    -66.00000            0            0      0.00000 
    7    -65.00000            0            0      0.00000 
    8    -64.00000            0            0      0.00000 
    9    -63.00000            0            0      0.00000 
   10    -62.00000            0            0      0.00000 
   11    -61.00000            0            0      0.00000 
   12    -60.00000            0            0      0.00000 
   13    -59.00000            0            0      0.00000 
   14    -58.00000            0            0      0.00000 
   15    -57.00000            0            0      0.00000 
   16    -56.00000            0            0      0.00000 
   17    -55.00000            0            0      0.00000 
   18    -54.00000            0            0      0.00000 
   19    -53.00000            0            0      0.00000 
   20    -52.00000            0            0      0.00000 
   21    -51.00000            6            6      1.00000 
   22    -50.00000          137          137      1.00000 
   23    -49.00000          681          681      1.00000 
   24    -48.00000         1101         1101      1.00000 
   25    -47.00000         1342         1342      1.00000 
   26    -46.00000         1600         1595      0.99844 
   27    -45.00000         1858         1834      0.99350 
   28    -44.00000         2061         2023      0.99070 
   29    -43.00000         2267         2208      0.98682 
   30    -42.00000         2429         2355      0.98411 
   31    -41.00000         2537         2461      0.98439 
   32    -40.00000         2639         2560      0.98365 
   33    -39.00000         2708         2624      0.98125 
   34    -38.00000         2762         2691      0.98038 
   35    -37.00000         2797         2721      0.97608 
   36    -36.00000         2841         2775      0.97187 
   37    -35.00000         2866         2797      0.96557 
   38    -34.00000         2880         2786      0.96188 
   39    -33.00000         2896         2805      0.96264 
   40    -32.00000         2882         2818      0.96246 
   41    -31.00000         2850         2814      0.96222 
   42    -30.00000         2802         2795      0.96373 
   43    -29.00000         2736         2760      0.96543 
   44    -28.00000         2711         2760      0.96582 
   45    -27.00000         2662         2721      0.96489 
   46    -26.00000         2676         2737      0.96435 
   47    -25.00000         2609         2668      0.96532 
   48    -24.00000         2478         2542      0.96374 
   49    -23.00000         2367         2411      0.96107 
   50    -22.00000         2256         2279      0.95965 
   51    -21.00000         2177         2209      0.95349 
   52    -20.00000         2078         2120      0.94759 
   53    -19.00000         1932         1994      0.94294 
   54    -18.00000         1791         1882      0.93874 
   55    -17.00000         1669         1763      0.93531 
   56    -16.00000         1578         1675      0.93391 
   57    -15.00000         1477         1592      0.93125 
   58    -14.00000         1344         1464      0.92949 
   59    -13.00000         1175         1285      0.93008 
   60    -12.00000          981         1099      0.89519 
   61    -11.00000          897         1048      0.87095 
   62    -10.00000          792          974      0.84145 
   63     -9.00000          648          864      0.79894 
   64     -8.00000          424          745      0.68435 
   65     -7.00000           32          664      0.00000 
   66     -6.00000           88          653      0.05128 
   67     -5.00000          140          626      0.13316 
   68     -4.00000          180          560      0.20811 
   69     -3.00000          216          455      0.30104 
   70     -2.00000          348          485      0.54022 
   71     -1.00000          483          628      0.63546 
   72      0.00000          591          747      0.68759 
   73      1.00000          655          821      0.71138 
   74      2.00000          712          879      0.73162 
   75      3.00000          879          990      0.72659 
   76      4.00000         1015         1083      0.70829 
   77      5.00000         1138         1162      0.69565 
   78      6.00000         1198         1199      0.68753 
   79      7.00000         1245         1223      0.68558 
   80      8.00000         1284         1288      0.71073 
   81      9.00000         1271         1338      0.73515 
   82     10.00000         1279         1398      0.75308 
   83     11.00000         1238         1401      0.76620 
   84     12.00000         1188         1393      0.78264 
   85     13.00000         1159         1392      0.81066 
   86     14.00000         1140         1367      0.82569 
   87     15.00000         1113         1332      0.84581 
   88     16.00000         1057         1263      0.84914 
   89     17.00000         1012         1189      0.85779 
   90     18.00000          929         1092      0.86294 
   91     19.00000          843         1007      0.85838 
   92     20.00000          747          917      0.85216 
   93     21.00000          616          790      0.84353 
   94     22.00000          434          637      0.80112 
   95     23.00000          216          396      0.70588 
   96     24.00000          180          329      0.70727 
   97     25.00000          140          257      0.70529 
   98     26.00000           88          165      0.69565 
   99     27.00000           32           62      0.68085 
  100     28.00000            0            0      0.00000 
  101     29.00000            0            0      0.00000 
  102     30.00000            0            0      0.00000 
  103     31.00000            0            0      0.00000 
  104     32.00000            0            0      0.00000 
  105     33.00000            0           32      0.00000 
  106     34.00000            0           88      0.00000 
  107     35.00000            0          140      0.00000 
  108     36.00000            0          180      0.00000 
  109     37.00000            0          216      0.00000 
  110     38.00000            0          256      0.00000 
  111     39.00000            0          274      0.00000 
  112     40.00000            0          280      0.00000 
  113     41.00000            0          265      0.00000 
  114     42.00000            0          247      0.00000 
  115     43.00000            0          207      0.00000 
  116     44.00000            0          167      0.00000 
  117     45.00000            0          136      0.00000 
  118     46.00000            0           89      0.00000 
  119     47.00000            0           40      0.00000 
  120     48.00000            0           15      0.00000 
  121     49.00000            0            0      0.00000 
  122     50.00000            0            0      0.00000 
  123     51.00000            0            0      0.00000 
  124     52.00000            0            0      0.00000 
  125     53.00000            0            0      0.00000 
  126     54.00000            0            0      0.00000 
  127     55.00000            0            0      0.00000 
  128     56.00000            0            0      0.00000 
  129     57.00000            0            0      0.00000 
  130     58.00000            0            0      0.00000 
  131     59.00000            0            0      0.00000 
  132     60.00000            0            0      0.00000 
  133     61.00000            0            0      0.00000 
  134     62.00000            0            0      0.00000 
  135     63.00000            0            0      0.00000 
  136     64.00000            0            0      0.00000 
  137     65.00000            0            0      0.00000 
  138     66.00000            0            0      0.00000 
  139     67.00000            0            0      0.00000 
  140     68.00000            0            0      0.00000 
  141     69.00000            0            0      0.00000 
  142     70.00000            0            0      0.00000 
  143     71.00000            0            0      0.00000 
  144     72.00000            0            0      0.00000 
  145     73.00000            0            0      0.00000 
  146     74.00000            0            0      0.00000 
  147     75.00000            0            0      0.00000 
  148     76.00000            0            0      0.00000 
  149     77.00000            0            0      0.00000 
  150     78.00000            0            0      0.00000 
  151     79.00000            0            0      0.00000 
  152     80.00000            0            0      0.00000 
  153     81.00000            0            0      0.00000 
  154     82.00000            0            0      0.00000 
  155     83.00000            0            0      0.00000 
  156     84.00000            0            0      0.00000 
  157     85.00000            0            0      0.00000 
  158     86.00000            0            0      0.00000 
