# 3dSliceNDice -insetA 9m_3min_m5_binary+orig -insetB 9m_4min_m5_binary+orig -prefix 9m_3min_4min_m5
    0     96.00000            0            0      0.00000 
    1     95.00000            0            0      0.00000 
    2     94.00000            0            0      0.00000 
    3     93.00000            0            0      0.00000 
    4     92.00000            0            0      0.00000 
    5     91.00000            0            0      0.00000 
    6     90.00000            0            0      0.00000 
    7     89.00000            0            0      0.00000 
    8     88.00000            0            0      0.00000 
    9     87.00000            0            0      0.00000 
   10     86.00000            0            0      0.00000 
   11     85.00000            0            0      0.00000 
   12     84.00000            0            0      0.00000 
   13     83.00000            0            0      0.00000 
   14     82.00000            0            0      0.00000 
   15     81.00000            0            0      0.00000 
   16     80.00000            0            0      0.00000 
   17     79.00000            0            0      0.00000 
   18     78.00000            0            0      0.00000 
   19     77.00000            0            0      0.00000 
   20     76.00000            0            0      0.00000 
   21     75.00000            0            0      0.00000 
   22     74.00000            0            0      0.00000 
   23     73.00000            0            0      0.00000 
   24     72.00000            0            0      0.00000 
   25     71.00000            0            0      0.00000 
   26     70.00000            0            0      0.00000 
   27     69.00000            0            0      0.00000 
   28     68.00000            0            0      0.00000 
   29     67.00000            0            0      0.00000 
   30     66.00000            0            0      0.00000 
   31     65.00000            0            0      0.00000 
   32     64.00000            0            0      0.00000 
   33     63.00000            0            0      0.00000 
   34     62.00000            0            0      0.00000 
   35     61.00000            0            0      0.00000 
   36     60.00000            0            0      0.00000 
   37     59.00000            0            0      0.00000 
   38     58.00000            0            0      0.00000 
   39     57.00000            0            0      0.00000 
   40     56.00000            0            0      0.00000 
   41     55.00000            0            0      0.00000 
   42     54.00000            0            0      0.00000 
   43     53.00000            0            0      0.00000 
   44     52.00000            0            0      0.00000 
   45     51.00000            0            0      0.00000 
   46     50.00000            0            0      0.00000 
   47     49.00000            0            0      0.00000 
   48     48.00000            0            0      0.00000 
   49     47.00000            0            0      0.00000 
   50     46.00000            0            0      0.00000 
   51     45.00000            0            0      0.00000 
   52     44.00000            7           43      0.28000 
   53     43.00000           23           79      0.45098 
   54     42.00000           57          121      0.64045 
   55     41.00000          114          163      0.82310 
   56     40.00000          185          237      0.87678 
   57     39.00000          237          288      0.90286 
   58     38.00000          285          335      0.91935 
   59     37.00000          337          382      0.93741 
   60     36.00000          386          427      0.94957 
   61     35.00000          465          513      0.95092 
   62     34.00000          528          578      0.95298 
   63     33.00000          574          620      0.95477 
   64     32.00000          630          668      0.95069 
   65     31.00000          661          691      0.94822 
   66     30.00000          705          724      0.94752 
   67     29.00000          742          752      0.95582 
   68     28.00000          782          775      0.95568 
   69     27.00000         1093         1096      0.88716 
   70     26.00000         1437         1323      0.93478 
   71     25.00000         1647         1490      0.94485 
   72     24.00000         1790         1631      0.94885 
   73     23.00000         1901         1735      0.95215 
   74     22.00000         2022         1857      0.95334 
   75     21.00000         2093         1921      0.95516 
   76     20.00000         2190         2009      0.95308 
   77     19.00000         2242         2061      0.95422 
   78     18.00000         2278         2106      0.95712 
   79     17.00000         2579         2434      0.94075 
   80     16.00000         2763         2613      0.94717 
   81     15.00000         2900         2751      0.94780 
   82     14.00000         2991         2845      0.94585 
   83     13.00000         3081         2936      0.94499 
   84     12.00000         3138         3032      0.94781 
   85     11.00000         3185         3085      0.95120 
   86     10.00000         3239         3151      0.95086 
   87      9.00000         3264         3158      0.94955 
   88      8.00000         3310         3197      0.94882 
   89      7.00000         3366         3234      0.94939 
   90      6.00000         3349         3212      0.94925 
   91      5.00000         3331         3204      0.94843 
   92      4.00000         3256         3156      0.94697 
   93      3.00000         3194         3126      0.94146 
   94      2.00000         3099         3058      0.94104 
   95      1.00000         2981         2956      0.93785 
   96      0.00000         2882         2872      0.93361 
   97     -1.00000         2773         2785      0.92659 
   98     -2.00000         2731         2742      0.92052 
   99     -3.00000         2621         2631      0.91470 
  100     -4.00000         2524         2524      0.91244 
  101     -5.00000         2372         2374      0.90645 
  102     -6.00000         2162         2180      0.89590 
  103     -7.00000         1881         1983      0.86180 
  104     -8.00000         1578         1819      0.80601 
  105     -9.00000         1501         1716      0.80945 
  106    -10.00000         1408         1579      0.81419 
  107    -11.00000         1310         1517      0.80226 
  108    -12.00000         1205         1417      0.81236 
  109    -13.00000         1125         1319      0.86989 
  110    -14.00000         1096         1339      0.86817 
  111    -15.00000         1074         1380      0.86308 
  112    -16.00000         1055         1398      0.85202 
  113    -17.00000         1054         1429      0.84495 
  114    -18.00000         1137         1509      0.81255 
  115    -19.00000         1220         1585      0.80713 
  116    -20.00000         1281         1647      0.80260 
  117    -21.00000         1322         1677      0.80293 
  118    -22.00000         1357         1698      0.80393 
  119    -23.00000         1487         1761      0.83805 
  120    -24.00000         1624         1841      0.87561 
  121    -25.00000         1743         1916      0.89533 
  122    -26.00000         1790         1920      0.90728 
  123    -27.00000         1823         1925      0.91676 
  124    -28.00000         1849         1913      0.92504 
  125    -29.00000         1832         1875      0.92905 
  126    -30.00000         1828         1842      0.93460 
  127    -31.00000         1773         1777      0.93521 
  128    -32.00000         1737         1740      0.93529 
  129    -33.00000         1691         1698      0.93479 
  130    -34.00000         1631         1640      0.93305 
  131    -35.00000         1571         1578      0.92982 
  132    -36.00000         1438         1473      0.91721 
  133    -37.00000         1355         1394      0.90797 
  134    -38.00000         1231         1285      0.89110 
  135    -39.00000         1123         1179      0.87750 
  136    -40.00000          993         1050      0.85071 
  137    -41.00000          829          879      0.80796 
  138    -42.00000          688          684      0.77114 
  139    -43.00000          573          531      0.75000 
  140    -44.00000          539          544      0.74238 
  141    -45.00000          513          537      0.72000 
  142    -46.00000          467          508      0.68103 
  143    -47.00000          417          446      0.61182 
  144    -48.00000          362          379      0.52632 
  145    -49.00000          340          407      0.53548 
  146    -50.00000          318          435      0.54714 
  147    -51.00000          282          443      0.54345 
  148    -52.00000          256          444      0.54286 
  149    -53.00000          216          404      0.54839 
  150    -54.00000          180          311      0.60285 
  151    -55.00000          140          221      0.67590 
  152    -56.00000           87          158      0.66122 
  153    -57.00000           30           90      0.50000 
  154    -58.00000            0           13      0.00000 
  155    -59.00000            0            0      0.00000 
  156    -60.00000            0            0      0.00000 
  157    -61.00000            0            0      0.00000 
  158    -62.00000            0            0      0.00000 
  159    -63.00000            0            0      0.00000 
  160    -64.00000            0            0      0.00000 
  161    -65.00000            0            0      0.00000 
  162    -66.00000            0            0      0.00000 
  163    -67.00000            0            0      0.00000 
  164    -68.00000            0            0      0.00000 
  165    -69.00000            0            0      0.00000 
  166    -70.00000            0            0      0.00000 
  167    -71.00000            0            0      0.00000 
  168    -72.00000            0            0      0.00000 
  169    -73.00000            0            0      0.00000 
  170    -74.00000            0            0      0.00000 
  171    -75.00000            0            0      0.00000 
  172    -76.00000            0            0      0.00000 
  173    -77.00000            0            0      0.00000 
  174    -78.00000            0            0      0.00000 
  175    -79.00000            0            0      0.00000 
  176    -80.00000            0            0      0.00000 
  177    -81.00000            0            0      0.00000 
  178    -82.00000            0            0      0.00000 
  179    -83.00000            0            0      0.00000 
  180    -84.00000            0            0      0.00000 
  181    -85.00000            0            0      0.00000 
  182    -86.00000            0            0      0.00000 
  183    -87.00000            0            0      0.00000 
  184    -88.00000            0            0      0.00000 
  185    -89.00000            0            0      0.00000 
  186    -90.00000            0            0      0.00000 
  187    -91.00000            0            0      0.00000 
  188    -92.00000            0            0      0.00000 
  189    -93.00000            0            0      0.00000 
  190    -94.00000            0            0      0.00000 
  191    -95.00000            0            0      0.00000 
  192    -96.00000            0            0      0.00000 
  193    -97.00000            0            0      0.00000 
  194    -98.00000            0            0      0.00000 
