# 3dSliceNDice -insetA 9m_3min_m1_binary+orig -insetB 9m_5min_m1_binary+orig -prefix 9m_3min_5min_m1
    0     96.00000            0            0      0.00000 
    1     95.00000            0            0      0.00000 
    2     94.00000            0            0      0.00000 
    3     93.00000            0            0      0.00000 
    4     92.00000            0            0      0.00000 
    5     91.00000            0            0      0.00000 
    6     90.00000            0            0      0.00000 
    7     89.00000            0            0      0.00000 
    8     88.00000            0            0      0.00000 
    9     87.00000            0            0      0.00000 
   10     86.00000            0            0      0.00000 
   11     85.00000            0            0      0.00000 
   12     84.00000            0            0      0.00000 
   13     83.00000            0            0      0.00000 
   14     82.00000            0            0      0.00000 
   15     81.00000            0            0      0.00000 
   16     80.00000            0            0      0.00000 
   17     79.00000            0            0      0.00000 
   18     78.00000            0            0      0.00000 
   19     77.00000            0            0      0.00000 
   20     76.00000            0            0      0.00000 
   21     75.00000            0            0      0.00000 
   22     74.00000            0            0      0.00000 
   23     73.00000            0            0      0.00000 
   24     72.00000            0            0      0.00000 
   25     71.00000            0            0      0.00000 
   26     70.00000            0            0      0.00000 
   27     69.00000            0            0      0.00000 
   28     68.00000            0            0      0.00000 
   29     67.00000            0            0      0.00000 
   30     66.00000            0            0      0.00000 
   31     65.00000            0            0      0.00000 
   32     64.00000            0            0      0.00000 
   33     63.00000            0            0      0.00000 
   34     62.00000            0            0      0.00000 
   35     61.00000            0            0      0.00000 
   36     60.00000            0            0      0.00000 
   37     59.00000            0            0      0.00000 
   38     58.00000            0            0      0.00000 
   39     57.00000           23            0      0.00000 
   40     56.00000          108            0      0.00000 
   41     55.00000          170            8      0.08989 
   42     54.00000          229           17      0.13821 
   43     53.00000          300           48      0.27586 
   44     52.00000          338           85      0.40189 
   45     51.00000          401          114      0.44272 
   46     50.00000          451          152      0.50415 
   47     49.00000          493          215      0.60734 
   48     48.00000          547          286      0.68667 
   49     47.00000          593          349      0.74098 
   50     46.00000          638          398      0.76834 
   51     45.00000          703          480      0.81150 
   52     44.00000          800          584      0.84393 
   53     43.00000          890          713      0.88958 
   54     42.00000         1028          867      0.91293 
   55     41.00000         1222         1049      0.90181 
   56     40.00000         1355         1213      0.90109 
   57     39.00000         1394         1280      0.89978 
   58     38.00000         1464         1382      0.89318 
   59     37.00000         1500         1461      0.88686 
   60     36.00000         1507         1526      0.88691 
   61     35.00000         1560         1622      0.88372 
   62     34.00000         1582         1671      0.87857 
   63     33.00000         1600         1722      0.87598 
   64     32.00000         1930         2064      0.89034 
   65     31.00000         2182         2252      0.89941 
   66     30.00000         2343         2402      0.90917 
   67     29.00000         2491         2516      0.91472 
   68     28.00000         2610         2607      0.91585 
   69     27.00000         2699         2692      0.93007 
   70     26.00000         2766         2758      0.94207 
   71     25.00000         2859         2830      0.95025 
   72     24.00000         2944         2894      0.95683 
   73     23.00000         3055         2981      0.96190 
   74     22.00000         3132         3061      0.96593 
   75     21.00000         3172         3098      0.96746 
   76     20.00000         3196         3123      0.97294 
   77     19.00000         3204         3148      0.97764 
   78     18.00000         3220         3181      0.98235 
   79     17.00000         3188         3181      0.98320 
   80     16.00000         3129         3151      0.97898 
   81     15.00000         3094         3132      0.97237 
   82     14.00000         3051         3092      0.96109 
   83     13.00000         2940         3050      0.94324 
   84     12.00000         2863         2963      0.94473 
   85     11.00000         2850         2927      0.94651 
   86     10.00000         2792         2848      0.94681 
   87      9.00000         2677         2723      0.94593 
   88      8.00000         2525         2497      0.93867 
   89      7.00000         2315         2103      0.95201 
   90      6.00000         2254         2046      0.95163 
   91      5.00000         2224         2017      0.94553 
   92      4.00000         2120         1928      0.94071 
   93      3.00000         2000         1840      0.93750 
   94      2.00000         1892         1770      0.93064 
   95      1.00000         1737         1689      0.92119 
   96      0.00000         1649         1656      0.91195 
   97     -1.00000         1699         1705      0.91951 
   98     -2.00000         1814         1814      0.92778 
   99     -3.00000         2022         2000      0.92392 
  100     -4.00000         2205         2221      0.92318 
  101     -5.00000         2359         2389      0.92797 
  102     -6.00000         2450         2518      0.92754 
  103     -7.00000         2543         2644      0.92886 
  104     -8.00000         2690         2766      0.93328 
  105     -9.00000         2828         2887      0.93438 
  106    -10.00000         2929         2990      0.93259 
  107    -11.00000         2982         3043      0.92979 
  108    -12.00000         3067         3117      0.92917 
  109    -13.00000         3146         3199      0.93333 
  110    -14.00000         3180         3241      0.93381 
  111    -15.00000         3256         3292      0.93769 
  112    -16.00000         3275         3327      0.93305 
  113    -17.00000         3275         3368      0.93030 
  114    -18.00000         3284         3407      0.92841 
  115    -19.00000         3260         3369      0.93136 
  116    -20.00000         3265         3369      0.93458 
  117    -21.00000         3208         3313      0.93145 
  118    -22.00000         3172         3285      0.93232 
  119    -23.00000         3107         3209      0.92527 
  120    -24.00000         3035         3141      0.92617 
  121    -25.00000         2956         3059      0.92535 
  122    -26.00000         2842         2920      0.92468 
  123    -27.00000         2724         2756      0.92555 
  124    -28.00000         2584         2541      0.92449 
  125    -29.00000         2497         2443      0.92308 
  126    -30.00000         2432         2353      0.92038 
  127    -31.00000         2324         2190      0.91360 
  128    -32.00000         2254         2068      0.91208 
  129    -33.00000         2152         1939      0.90931 
  130    -34.00000         2032         1824      0.91079 
  131    -35.00000         1893         1699      0.90924 
  132    -36.00000         1744         1558      0.91217 
  133    -37.00000         1565         1408      0.92028 
  134    -38.00000         1431         1272      0.91824 
  135    -39.00000         1339         1193      0.92891 
  136    -40.00000         1235         1109      0.93942 
  137    -41.00000         1100         1013      0.94368 
  138    -42.00000          977          910      0.94330 
  139    -43.00000          894          846      0.93218 
  140    -44.00000          839          806      0.92523 
  141    -45.00000          773          758      0.91574 
  142    -46.00000          663          665      0.90060 
  143    -47.00000          557          570      0.88376 
  144    -48.00000          499          507      0.89861 
  145    -49.00000          474          484      0.91858 
  146    -50.00000          462          468      0.95484 
  147    -51.00000          428          437      0.98728 
  148    -52.00000          416          416      1.00000 
  149    -53.00000          416          416      1.00000 
  150    -54.00000          408          408      1.00000 
  151    -55.00000          394          394      1.00000 
  152    -56.00000          378          356      0.97003 
  153    -57.00000          339          303      0.94393 
  154    -58.00000          214          165      0.87071 
  155    -59.00000           39           26      0.80000 
  156    -60.00000            0            0      0.00000 
  157    -61.00000            0            0      0.00000 
  158    -62.00000            0            0      0.00000 
  159    -63.00000            0            0      0.00000 
  160    -64.00000            0            0      0.00000 
  161    -65.00000            0            0      0.00000 
  162    -66.00000            0            0      0.00000 
  163    -67.00000            0            0      0.00000 
  164    -68.00000            0            0      0.00000 
  165    -69.00000            0            0      0.00000 
  166    -70.00000            0            0      0.00000 
  167    -71.00000            0            0      0.00000 
  168    -72.00000            0            0      0.00000 
  169    -73.00000            0            0      0.00000 
  170    -74.00000            0            0      0.00000 
  171    -75.00000            0            0      0.00000 
  172    -76.00000            0            0      0.00000 
  173    -77.00000            0            0      0.00000 
  174    -78.00000            0            0      0.00000 
  175    -79.00000            0            0      0.00000 
  176    -80.00000            0            0      0.00000 
  177    -81.00000            0            0      0.00000 
  178    -82.00000            0            0      0.00000 
  179    -83.00000            0            0      0.00000 
  180    -84.00000            0            0      0.00000 
  181    -85.00000            0            0      0.00000 
  182    -86.00000            0            0      0.00000 
  183    -87.00000            0            0      0.00000 
  184    -88.00000            0            0      0.00000 
  185    -89.00000            0            0      0.00000 
  186    -90.00000            0            0      0.00000 
  187    -91.00000            0            0      0.00000 
  188    -92.00000            0            0      0.00000 
  189    -93.00000            0            0      0.00000 
  190    -94.00000            0            0      0.00000 
  191    -95.00000            0            0      0.00000 
  192    -96.00000            0            0      0.00000 
  193    -97.00000            0            0      0.00000 
  194    -98.00000            0            0      0.00000 
