# 3dSliceNDice -insetA 9m_3min_m2_binary+orig -insetB 9m_5min_m2_binary+orig -prefix 9m_3min_5min_m2
    0    134.00000            0            0      0.00000 
    1    133.00000            0            0      0.00000 
    2    132.00000            0            0      0.00000 
    3    131.00000            0            0      0.00000 
    4    130.00000            0            0      0.00000 
    5    129.00000            0            0      0.00000 
    6    128.00000            0            0      0.00000 
    7    127.00000            0            0      0.00000 
    8    126.00000            0            0      0.00000 
    9    125.00000            0            0      0.00000 
   10    124.00000            0            0      0.00000 
   11    123.00000            0            0      0.00000 
   12    122.00000            0            0      0.00000 
   13    121.00000            0            0      0.00000 
   14    120.00000            0            0      0.00000 
   15    119.00000            0            0      0.00000 
   16    118.00000            0            0      0.00000 
   17    117.00000            0            0      0.00000 
   18    116.00000            0            0      0.00000 
   19    115.00000            0            0      0.00000 
   20    114.00000            0            0      0.00000 
   21    113.00000            0            0      0.00000 
   22    112.00000            0            0      0.00000 
   23    111.00000            0            0      0.00000 
   24    110.00000            0            0      0.00000 
   25    109.00000            0            0      0.00000 
   26    108.00000            0            0      0.00000 
   27    107.00000            0            0      0.00000 
   28    106.00000            0            0      0.00000 
   29    105.00000            0            0      0.00000 
   30    104.00000            0            0      0.00000 
   31    103.00000            0            0      0.00000 
   32    102.00000            0            0      0.00000 
   33    101.00000            0            0      0.00000 
   34    100.00000            0            0      0.00000 
   35     99.00000            0            0      0.00000 
   36     98.00000            0            0      0.00000 
   37     97.00000            0            0      0.00000 
   38     96.00000            0            0      0.00000 
   39     95.00000            0            0      0.00000 
   40     94.00000            0            0      0.00000 
   41     93.00000            0            0      0.00000 
   42     92.00000            0            0      0.00000 
   43     91.00000            0            0      0.00000 
   44     90.00000            0            0      0.00000 
   45     89.00000            0            0      0.00000 
   46     88.00000            0            0      0.00000 
   47     87.00000            0            0      0.00000 
   48     86.00000            0            0      0.00000 
   49     85.00000            0            0      0.00000 
   50     84.00000            0            0      0.00000 
   51     83.00000            0            0      0.00000 
   52     82.00000            0            0      0.00000 
   53     81.00000            0            0      0.00000 
   54     80.00000            0            0      0.00000 
   55     79.00000            0            0      0.00000 
   56     78.00000            0            0      0.00000 
   57     77.00000            0           12      0.00000 
   58     76.00000            0           53      0.00000 
   59     75.00000            0          109      0.00000 
   60     74.00000            0          181      0.00000 
   61     73.00000            0          246      0.00000 
   62     72.00000            0          318      0.00000 
   63     71.00000            0          377      0.00000 
   64     70.00000            0          440      0.00000 
   65     69.00000            0          479      0.00000 
   66     68.00000            0          516      0.00000 
   67     67.00000            0          547      0.00000 
   68     66.00000            0          563      0.00000 
   69     65.00000            0          585      0.00000 
   70     64.00000            0          606      0.00000 
   71     63.00000            0          626      0.00000 
   72     62.00000          151          727      0.20273 
   73     61.00000          345          885      0.44878 
   74     60.00000          506          992      0.57143 
   75     59.00000          644         1062      0.65064 
   76     58.00000          752         1114      0.70525 
   77     57.00000          949         1162      0.80910 
   78     56.00000         1134         1240      0.87784 
   79     55.00000         1288         1316      0.91859 
   80     54.00000         1407         1350      0.93145 
   81     53.00000         1509         1371      0.93403 
   82     52.00000         1613         1511      0.93214 
   83     51.00000         1728         1679      0.91928 
   84     50.00000         1841         1813      0.90203 
   85     49.00000         1930         1910      0.88906 
   86     48.00000         2017         1991      0.87725 
   87     47.00000         2139         2119      0.88398 
   88     46.00000         2224         2232      0.89767 
   89     45.00000         2303         2343      0.90788 
   90     44.00000         2336         2414      0.92042 
   91     43.00000         2351         2481      0.93295 
   92     42.00000         2397         2540      0.94146 
   93     41.00000         2441         2570      0.94113 
   94     40.00000         2508         2618      0.94304 
   95     39.00000         2535         2642      0.94340 
   96     38.00000         2563         2674      0.94405 
   97     37.00000         2603         2680      0.93772 
   98     36.00000         2621         2658      0.93086 
   99     35.00000         2663         2648      0.92713 
  100     34.00000         2678         2609      0.92453 
  101     33.00000         2707         2609      0.92250 
  102     32.00000         2865         2748      0.92642 
  103     31.00000         2951         2829      0.93702 
  104     30.00000         3019         2886      0.94259 
  105     29.00000         3028         2897      0.94481 
  106     28.00000         3010         2881      0.94449 
  107     27.00000         2944         2819      0.94534 
  108     26.00000         2822         2688      0.94338 
  109     25.00000         2710         2583      0.94275 
  110     24.00000         2574         2432      0.94007 
  111     23.00000         2470         2312      0.93685 
  112     22.00000         2368         2208      0.93706 
  113     21.00000         2251         2103      0.93937 
  114     20.00000         2112         1970      0.94023 
  115     19.00000         1985         1831      0.93763 
  116     18.00000         1901         1745      0.93198 
  117     17.00000         1807         1637      0.92451 
  118     16.00000         1724         1551      0.91786 
  119     15.00000         1643         1461      0.91044 
  120     14.00000         1515         1334      0.89996 
  121     13.00000         1386         1217      0.88052 
  122     12.00000         1209         1066      0.87297 
  123     11.00000         1078          985      0.87058 
  124     10.00000          923          884      0.86663 
  125      9.00000          726          753      0.86275 
  126      8.00000          486          570      0.85985 
  127      7.00000          274          394      0.82036 
  128      6.00000          153          278      0.70998 
  129      5.00000           98          230      0.59756 
  130      4.00000           40          167      0.38647 
  131      3.00000            0          101      0.00000 
  132      2.00000           32           86      0.06780 
  133      1.00000           88          127      0.35349 
  134      0.00000          140          166      0.49673 
  135     -1.00000          178          186      0.58242 
  136     -2.00000          197          195      0.64286 
  137     -3.00000          229          219      0.67857 
  138     -4.00000          243          233      0.69328 
  139     -5.00000          263          255      0.70656 
  140     -6.00000          268          260      0.71212 
  141     -7.00000          267          257      0.71374 
  142     -8.00000          265          253      0.71429 
  143     -9.00000          249          238      0.71458 
  144    -10.00000          236          222      0.71179 
  145    -11.00000          224          192      0.71154 
  146    -12.00000          195          153      0.71839 
  147    -13.00000          178          112      0.66897 
  148    -14.00000          179           98      0.63538 
  149    -15.00000          177           81      0.58140 
  150    -16.00000          172           58      0.49565 
  151    -17.00000          155           22      0.24859 
  152    -18.00000          135            0      0.00000 
  153    -19.00000          106            0      0.00000 
  154    -20.00000           81            0      0.00000 
  155    -21.00000           53            0      0.00000 
  156    -22.00000           21            0      0.00000 
  157    -23.00000            0            0      0.00000 
  158    -24.00000            0            0      0.00000 
  159    -25.00000            0            0      0.00000 
  160    -26.00000            0            0      0.00000 
  161    -27.00000            0            0      0.00000 
  162    -28.00000            0            0      0.00000 
  163    -29.00000            0            0      0.00000 
  164    -30.00000            0            0      0.00000 
  165    -31.00000            0            0      0.00000 
  166    -32.00000            0            0      0.00000 
  167    -33.00000            0            0      0.00000 
  168    -34.00000            0            0      0.00000 
  169    -35.00000            0            0      0.00000 
  170    -36.00000            0            0      0.00000 
  171    -37.00000            0            0      0.00000 
  172    -38.00000            0            0      0.00000 
  173    -39.00000            0            0      0.00000 
  174    -40.00000            0            0      0.00000 
  175    -41.00000            0            0      0.00000 
  176    -42.00000            0            0      0.00000 
  177    -43.00000            0            0      0.00000 
  178    -44.00000            0            0      0.00000 
  179    -45.00000            0            0      0.00000 
  180    -46.00000            0            0      0.00000 
  181    -47.00000            0            0      0.00000 
  182    -48.00000            0            0      0.00000 
  183    -49.00000            0            0      0.00000 
  184    -50.00000            0            0      0.00000 
  185    -51.00000            0            0      0.00000 
  186    -52.00000            0            0      0.00000 
  187    -53.00000            0            0      0.00000 
  188    -54.00000            0            0      0.00000 
  189    -55.00000            0            0      0.00000 
  190    -56.00000            0            0      0.00000 
  191    -57.00000            0            0      0.00000 
  192    -58.00000            0            0      0.00000 
  193    -59.00000            0            0      0.00000 
  194    -60.00000            0            0      0.00000 
  195    -61.00000            0            0      0.00000 
  196    -62.00000            0            0      0.00000 
  197    -63.00000            0            0      0.00000 
  198    -64.00000            0            0      0.00000 
  199    -65.00000            0            0      0.00000 
  200    -66.00000            0            0      0.00000 
  201    -67.00000            0            0      0.00000 
  202    -68.00000            0            0      0.00000 
  203    -69.00000            0            0      0.00000 
  204    -70.00000            0            0      0.00000 
  205    -71.00000            0            0      0.00000 
  206    -72.00000            0            0      0.00000 
  207    -73.00000            0            0      0.00000 
  208    -74.00000            0            0      0.00000 
  209    -75.00000            0            0      0.00000 
  210    -76.00000            0            0      0.00000 
  211    -77.00000            0            0      0.00000 
  212    -78.00000            0            0      0.00000 
  213    -79.00000            0            0      0.00000 
  214    -80.00000            0            0      0.00000 
  215    -81.00000            0            0      0.00000 
  216    -82.00000            0            0      0.00000 
  217    -83.00000            0            0      0.00000 
  218    -84.00000            0            0      0.00000 
  219    -85.00000            0            0      0.00000 
  220    -86.00000            0            0      0.00000 
  221    -87.00000            0            0      0.00000 
  222    -88.00000            0            0      0.00000 
  223    -89.00000            0            0      0.00000 
  224    -90.00000            0            0      0.00000 
  225    -91.00000            0            0      0.00000 
  226    -92.00000            0            0      0.00000 
  227    -93.00000            0            0      0.00000 
  228    -94.00000            0            0      0.00000 
  229    -95.00000            0            0      0.00000 
  230    -96.00000            0            0      0.00000 
  231    -97.00000            0            0      0.00000 
  232    -98.00000            0            0      0.00000 
