# 3dSliceNDice -insetA 9m_3min_m1_binary+orig -insetB 9m_5min_m1_binary+orig -prefix 9m_3min_5min_m1
    0    -72.00000            0            0      0.00000 
    1    -71.00000            0            0      0.00000 
    2    -70.00000            0            0      0.00000 
    3    -69.00000            0            0      0.00000 
    4    -68.00000            0            0      0.00000 
    5    -67.00000            0            0      0.00000 
    6    -66.00000            0            0      0.00000 
    7    -65.00000            0            0      0.00000 
    8    -64.00000            0            0      0.00000 
    9    -63.00000            0            0      0.00000 
   10    -62.00000            0            0      0.00000 
   11    -61.00000            0            0      0.00000 
   12    -60.00000            0            0      0.00000 
   13    -59.00000            0            0      0.00000 
   14    -58.00000            0            0      0.00000 
   15    -57.00000            0            0      0.00000 
   16    -56.00000            0            0      0.00000 
   17    -55.00000            0            0      0.00000 
   18    -54.00000            0            0      0.00000 
   19    -53.00000            0            0      0.00000 
   20    -52.00000            0            0      0.00000 
   21    -51.00000            0            0      0.00000 
   22    -50.00000            0            0      0.00000 
   23    -49.00000            0            0      0.00000 
   24    -48.00000            0            0      0.00000 
   25    -47.00000            0            0      0.00000 
   26    -46.00000            0            0      0.00000 
   27    -45.00000            0            0      0.00000 
   28    -44.00000            0            0      0.00000 
   29    -43.00000            0            0      0.00000 
   30    -42.00000            0            0      0.00000 
   31    -41.00000            0            0      0.00000 
   32    -40.00000            0            0      0.00000 
   33    -39.00000            0            0      0.00000 
   34    -38.00000            0            0      0.00000 
   35    -37.00000            0            0      0.00000 
   36    -36.00000            0            0      0.00000 
   37    -35.00000            0            0      0.00000 
   38    -34.00000            0            0      0.00000 
   39    -33.00000            0            0      0.00000 
   40    -32.00000          270          253      0.89866 
   41    -31.00000          530          495      0.95415 
   42    -30.00000          703          665      0.96637 
   43    -29.00000          838          795      0.96877 
   44    -28.00000          981          933      0.97283 
   45    -27.00000         1107         1066      0.96825 
   46    -26.00000         1180         1180      0.95254 
   47    -25.00000         1299         1314      0.93762 
   48    -24.00000         1374         1399      0.92679 
   49    -23.00000         1465         1481      0.92329 
   50    -22.00000         1635         1612      0.93563 
   51    -21.00000         1891         1867      0.92869 
   52    -20.00000         2310         2299      0.92645 
   53    -19.00000         2631         2627      0.92545 
   54    -18.00000         2899         2915      0.92088 
   55    -17.00000         3405         3397      0.91826 
   56    -16.00000         3870         3835      0.90694 
   57    -15.00000         4298         4300      0.90044 
   58    -14.00000         4484         4480      0.89447 
   59    -13.00000         4550         4571      0.89398 
   60    -12.00000         4599         4751      0.91701 
   61    -11.00000         4628         4786      0.92331 
   62    -10.00000         4645         4772      0.92450 
   63     -9.00000         4492         4598      0.92299 
   64     -8.00000         4168         4222      0.92110 
   65     -7.00000         3794         3753      0.94422 
   66     -6.00000         3846         3808      0.95479 
   67     -5.00000         3941         3887      0.96117 
   68     -4.00000         3995         3933      0.96065 
   69     -3.00000         4043         3975      0.95984 
   70     -2.00000         4099         4009      0.95659 
   71     -1.00000         4123         4022      0.95273 
   72      0.00000         4128         4012      0.95086 
   73      1.00000         4039         3909      0.94565 
   74      2.00000         3900         3766      0.93921 
   75      3.00000         3806         3667      0.92734 
   76      4.00000         3825         3736      0.92739 
   77      5.00000         3798         3750      0.92713 
   78      6.00000         3692         3654      0.92322 
   79      7.00000         3603         3502      0.92020 
   80      8.00000         3444         3288      0.92781 
   81      9.00000         3458         3275      0.92797 
   82     10.00000         3434         3261      0.92278 
   83     11.00000         3291         3162      0.91585 
   84     12.00000         3091         3076      0.90968 
   85     13.00000         3094         3159      0.89717 
   86     14.00000         3232         3238      0.90974 
   87     15.00000         3296         3285      0.91324 
   88     16.00000         3295         3253      0.91326 
   89     17.00000         3265         3196      0.91193 
   90     18.00000         3360         3298      0.91769 
   91     19.00000         3491         3397      0.91580 
   92     20.00000         3582         3468      0.91461 
   93     21.00000         3570         3423      0.91320 
   94     22.00000         3506         3337      0.91130 
   95     23.00000         3412         3242      0.91133 
   96     24.00000         3364         3159      0.90786 
   97     25.00000         3335         3109      0.90658 
   98     26.00000         3179         2983      0.90880 
   99     27.00000         3017         2850      0.91393 
  100     28.00000         2893         2707      0.92000 
  101     29.00000         2769         2563      0.92198 
  102     30.00000         2659         2420      0.92735 
  103     31.00000         2494         2243      0.93224 
  104     32.00000         2341         2073      0.93566 
  105     33.00000         2169         1941      0.94258 
  106     34.00000         1973         1790      0.94924 
  107     35.00000         1793         1660      0.95917 
  108     36.00000         1573         1513      0.96565 
  109     37.00000         1404         1391      0.97102 
  110     38.00000         1222         1259      0.97380 
  111     39.00000         1092         1134      0.97305 
  112     40.00000          988         1032      0.97525 
  113     41.00000          918          952      0.97326 
  114     42.00000          858          883      0.96841 
  115     43.00000          747          752      0.95931 
  116     44.00000          641          623      0.95253 
  117     45.00000          545          496      0.94332 
  118     46.00000          418          358      0.91495 
  119     47.00000          314          249      0.88099 
  120     48.00000          253          217      0.92340 
  121     49.00000          200          190      0.97436 
  122     50.00000          166          161      0.98471 
  123     51.00000          144          144      1.00000 
  124     52.00000           95           95      1.00000 
  125     53.00000           53           53      1.00000 
  126     54.00000            2            2      1.00000 
  127     55.00000            0            0      0.00000 
  128     56.00000            0            0      0.00000 
  129     57.00000            0            0      0.00000 
  130     58.00000            0            0      0.00000 
  131     59.00000            0            0      0.00000 
  132     60.00000            0            0      0.00000 
  133     61.00000            0            0      0.00000 
  134     62.00000            0            0      0.00000 
  135     63.00000            0            0      0.00000 
  136     64.00000            0            0      0.00000 
  137     65.00000            0            0      0.00000 
  138     66.00000            0            0      0.00000 
  139     67.00000            0            0      0.00000 
  140     68.00000            0            0      0.00000 
  141     69.00000            0            0      0.00000 
  142     70.00000            0            0      0.00000 
  143     71.00000            0            0      0.00000 
  144     72.00000            0            0      0.00000 
  145     73.00000            0            0      0.00000 
  146     74.00000            0            0      0.00000 
  147     75.00000            0            0      0.00000 
  148     76.00000            0            0      0.00000 
  149     77.00000            0            0      0.00000 
  150     78.00000            0            0      0.00000 
  151     79.00000            0            0      0.00000 
  152     80.00000            0            0      0.00000 
  153     81.00000            0            0      0.00000 
  154     82.00000            0            0      0.00000 
  155     83.00000            0            0      0.00000 
  156     84.00000            0            0      0.00000 
  157     85.00000            0            0      0.00000 
  158     86.00000            0            0      0.00000 
