# 3dSliceNDice -insetA 9m_3min_m1_binary+orig -insetB 9m_5min_m1_binary+orig -prefix 9m_3min_5min_m1
    0    134.00000            0            0      0.00000 
    1    133.00000            0            0      0.00000 
    2    132.00000            0            0      0.00000 
    3    131.00000            0            0      0.00000 
    4    130.00000            0            0      0.00000 
    5    129.00000            0            0      0.00000 
    6    128.00000            0            0      0.00000 
    7    127.00000            0            0      0.00000 
    8    126.00000            0            0      0.00000 
    9    125.00000            0            0      0.00000 
   10    124.00000            0            0      0.00000 
   11    123.00000            0            0      0.00000 
   12    122.00000            0            0      0.00000 
   13    121.00000            0            0      0.00000 
   14    120.00000            0            0      0.00000 
   15    119.00000            0            0      0.00000 
   16    118.00000            0            0      0.00000 
   17    117.00000            0            0      0.00000 
   18    116.00000            0            0      0.00000 
   19    115.00000            0            0      0.00000 
   20    114.00000            0            0      0.00000 
   21    113.00000            0            0      0.00000 
   22    112.00000            0            0      0.00000 
   23    111.00000            0            0      0.00000 
   24    110.00000            0            0      0.00000 
   25    109.00000            0            0      0.00000 
   26    108.00000            0            0      0.00000 
   27    107.00000            0            0      0.00000 
   28    106.00000            0            0      0.00000 
   29    105.00000            0            0      0.00000 
   30    104.00000            0            0      0.00000 
   31    103.00000            0            0      0.00000 
   32    102.00000            0            0      0.00000 
   33    101.00000            0            0      0.00000 
   34    100.00000            0            0      0.00000 
   35     99.00000            0            0      0.00000 
   36     98.00000            0            0      0.00000 
   37     97.00000            0            0      0.00000 
   38     96.00000            0            0      0.00000 
   39     95.00000            0            0      0.00000 
   40     94.00000            0            0      0.00000 
   41     93.00000            0            0      0.00000 
   42     92.00000            0            0      0.00000 
   43     91.00000            0            0      0.00000 
   44     90.00000            0            0      0.00000 
   45     89.00000            0            0      0.00000 
   46     88.00000            0            0      0.00000 
   47     87.00000            0            0      0.00000 
   48     86.00000            0            0      0.00000 
   49     85.00000            0            0      0.00000 
   50     84.00000           49           36      0.84706 
   51     83.00000          163          119      0.84397 
   52     82.00000          282          205      0.84189 
   53     81.00000          395          314      0.88575 
   54     80.00000          519          440      0.91762 
   55     79.00000          648          560      0.92715 
   56     78.00000          783          684      0.93252 
   57     77.00000          949          861      0.92818 
   58     76.00000         1171         1044      0.92370 
   59     75.00000         1431         1300      0.93665 
   60     74.00000         1677         1572      0.95291 
   61     73.00000         1936         1853      0.96068 
   62     72.00000         2258         2204      0.97042 
   63     71.00000         2516         2472      0.97634 
   64     70.00000         2810         2776      0.98102 
   65     69.00000         3005         2983      0.98330 
   66     68.00000         3180         3164      0.98581 
   67     67.00000         3356         3342      0.98686 
   68     66.00000         3524         3502      0.98662 
   69     65.00000         3671         3640      0.98646 
   70     64.00000         3797         3740      0.98474 
   71     63.00000         3915         3850      0.98339 
   72     62.00000         3968         3892      0.98015 
   73     61.00000         4017         3942      0.97575 
   74     60.00000         4029         3949      0.97293 
   75     59.00000         3929         3858      0.96931 
   76     58.00000         3802         3762      0.96113 
   77     57.00000         3543         3565      0.95189 
   78     56.00000         3410         3447      0.94385 
   79     55.00000         3239         3289      0.93168 
   80     54.00000         2922         2973      0.91230 
   81     53.00000         2594         2605      0.88902 
   82     52.00000         2263         2201      0.86604 
   83     51.00000         2100         2025      0.86497 
   84     50.00000         1893         1795      0.86009 
   85     49.00000         1591         1461      0.84731 
   86     48.00000         1149          990      0.78915 
   87     47.00000          685          415      0.70545 
   88     46.00000          691          372      0.64534 
   89     45.00000          673          317      0.58182 
   90     44.00000          610          232      0.47031 
   91     43.00000          474          116      0.23051 
   92     42.00000          395           15      0.07317 
   93     41.00000          412           64      0.26891 
   94     40.00000          439          115      0.41516 
   95     39.00000          439          152      0.51438 
   96     38.00000          445          181      0.57827 
   97     37.00000          430          217      0.67079 
   98     36.00000          394          221      0.71870 
   99     35.00000          377          252      0.80127 
  100     34.00000          345          261      0.86139 
  101     33.00000          297          265      0.94306 
  102     32.00000          324          308      0.97468 
  103     31.00000          377          363      0.98108 
  104     30.00000          422          413      0.98922 
  105     29.00000          443          434      0.98974 
  106     28.00000          455          451      0.99558 
  107     27.00000          457          451      0.99339 
  108     26.00000          443          440      0.99660 
  109     25.00000          441          435      0.99315 
  110     24.00000          394          388      0.99233 
  111     23.00000          334          326      0.98788 
  112     22.00000          275          265      0.98148 
  113     21.00000          274          263      0.97952 
  114     20.00000          271          260      0.97928 
  115     19.00000          270          266      0.99254 
  116     18.00000          270          267      0.99441 
  117     17.00000          261          261      1.00000 
  118     16.00000          247          247      1.00000 
  119     15.00000          237          237      1.00000 
  120     14.00000          216          216      1.00000 
  121     13.00000          209          209      1.00000 
  122     12.00000          185          185      1.00000 
  123     11.00000          160          160      1.00000 
  124     10.00000          134          134      1.00000 
  125      9.00000           88           88      1.00000 
  126      8.00000           32           32      1.00000 
  127      7.00000            0            0      0.00000 
  128      6.00000            0            0      0.00000 
  129      5.00000            0            0      0.00000 
  130      4.00000            0            0      0.00000 
  131      3.00000            0            0      0.00000 
  132      2.00000          220          172      0.87755 
  133      1.00000          385          332      0.92608 
  134      0.00000          503          446      0.93994 
  135     -1.00000          590          530      0.94643 
  136     -2.00000          656          596      0.95208 
  137     -3.00000         1288         1116      0.86522 
  138     -4.00000         1818         1571      0.87754 
  139     -5.00000         2188         1903      0.89025 
  140     -6.00000         2439         2135      0.89637 
  141     -7.00000         2617         2307      0.90252 
  142     -8.00000         2821         2572      0.92194 
  143     -9.00000         2942         2743      0.94389 
  144    -10.00000         3101         2928      0.95339 
  145    -11.00000         3167         3022      0.96074 
  146    -12.00000         3215         3084      0.96587 
  147    -13.00000         3273         3162      0.97125 
  148    -14.00000         3259         3181      0.97174 
  149    -15.00000         3262         3226      0.97380 
  150    -16.00000         3238         3227      0.97448 
  151    -17.00000         3206         3212      0.97476 
  152    -18.00000         3161         3160      0.96978 
  153    -19.00000         3123         3090      0.96475 
  154    -20.00000         3138         3046      0.96119 
  155    -21.00000         3127         2986      0.95534 
  156    -22.00000         3123         2960      0.95183 
  157    -23.00000         3093         2966      0.94801 
  158    -24.00000         3031         2997      0.94426 
  159    -25.00000         2975         3000      0.93423 
  160    -26.00000         2857         2931      0.92191 
  161    -27.00000         2733         2850      0.90632 
  162    -28.00000         2620         2778      0.89737 
  163    -29.00000         2630         2764      0.90137 
  164    -30.00000         2638         2758      0.90437 
  165    -31.00000         2564         2663      0.89841 
  166    -32.00000         2472         2504      0.88666 
  167    -33.00000         2373         2387      0.89034 
  168    -34.00000         2307         2373      0.90385 
  169    -35.00000         2230         2361      0.92224 
  170    -36.00000         2114         2288      0.93094 
  171    -37.00000         2020         2252      0.91526 
  172    -38.00000         1896         2207      0.89398 
  173    -39.00000         1813         2108      0.89671 
  174    -40.00000         1755         2044      0.90234 
  175    -41.00000         1648         1936      0.90234 
  176    -42.00000         1544         1839      0.89802 
  177    -43.00000         1433         1754      0.88547 
  178    -44.00000         1352         1678      0.88053 
  179    -45.00000         1265         1589      0.87877 
  180    -46.00000         1195         1479      0.88407 
  181    -47.00000         1150         1384      0.88792 
  182    -48.00000         1069         1237      0.88031 
  183    -49.00000          984         1108      0.86711 
  184    -50.00000          894          959      0.84404 
  185    -51.00000          772          765      0.81718 
  186    -52.00000          676          585      0.76923 
  187    -53.00000          533          403      0.68376 
  188    -54.00000          428          341      0.66580 
  189    -55.00000          315          274      0.65535 
  190    -56.00000          191          195      0.60104 
  191    -57.00000           73          118      0.50262 
  192    -58.00000           12           48      0.40000 
  193    -59.00000            0           17      0.00000 
  194    -60.00000            0            0      0.00000 
  195    -61.00000            0            0      0.00000 
  196    -62.00000            0            0      0.00000 
  197    -63.00000            0            0      0.00000 
  198    -64.00000            0            0      0.00000 
  199    -65.00000            0            0      0.00000 
  200    -66.00000            0            0      0.00000 
  201    -67.00000            0            0      0.00000 
  202    -68.00000            0            0      0.00000 
  203    -69.00000            0            0      0.00000 
  204    -70.00000            0            0      0.00000 
  205    -71.00000            0            0      0.00000 
  206    -72.00000            0            0      0.00000 
  207    -73.00000            0            0      0.00000 
  208    -74.00000            0            0      0.00000 
  209    -75.00000            0            0      0.00000 
  210    -76.00000            0            0      0.00000 
  211    -77.00000            0            0      0.00000 
  212    -78.00000            0            0      0.00000 
  213    -79.00000            0            0      0.00000 
  214    -80.00000            0            0      0.00000 
  215    -81.00000            0            0      0.00000 
  216    -82.00000            0            0      0.00000 
  217    -83.00000            0            0      0.00000 
  218    -84.00000            0            0      0.00000 
  219    -85.00000            0            0      0.00000 
  220    -86.00000            0            0      0.00000 
  221    -87.00000            0            0      0.00000 
  222    -88.00000            0            0      0.00000 
  223    -89.00000            0            0      0.00000 
  224    -90.00000            0            0      0.00000 
  225    -91.00000            0            0      0.00000 
  226    -92.00000            0            0      0.00000 
  227    -93.00000            0            0      0.00000 
  228    -94.00000            0            0      0.00000 
  229    -95.00000            0            0      0.00000 
  230    -96.00000            0            0      0.00000 
  231    -97.00000            0            0      0.00000 
  232    -98.00000            0            0      0.00000 
