# 3dSliceNDice -insetA 9m_3min_m4_binary+orig -insetB 9m_4min_m4_binary+orig -prefix 9m_3min_4min_m4
    0    -72.00000            0            0      0.00000 
    1    -71.00000            0            0      0.00000 
    2    -70.00000            0            0      0.00000 
    3    -69.00000            0            0      0.00000 
    4    -68.00000            0            0      0.00000 
    5    -67.00000            0            0      0.00000 
    6    -66.00000            0            0      0.00000 
    7    -65.00000            0            0      0.00000 
    8    -64.00000            0            0      0.00000 
    9    -63.00000            0            0      0.00000 
   10    -62.00000            0            0      0.00000 
   11    -61.00000            0            0      0.00000 
   12    -60.00000            0            0      0.00000 
   13    -59.00000            0            0      0.00000 
   14    -58.00000            0            0      0.00000 
   15    -57.00000            0            0      0.00000 
   16    -56.00000            0            0      0.00000 
   17    -55.00000            0            0      0.00000 
   18    -54.00000            0            0      0.00000 
   19    -53.00000            0            0      0.00000 
   20    -52.00000            0            0      0.00000 
   21    -51.00000            0            0      0.00000 
   22    -50.00000            0            0      0.00000 
   23    -49.00000            0            0      0.00000 
   24    -48.00000            0            0      0.00000 
   25    -47.00000            0            0      0.00000 
   26    -46.00000            0            0      0.00000 
   27    -45.00000            0            0      0.00000 
   28    -44.00000            0            0      0.00000 
   29    -43.00000            0            0      0.00000 
   30    -42.00000            0            0      0.00000 
   31    -41.00000            0            0      0.00000 
   32    -40.00000            0            0      0.00000 
   33    -39.00000            0            0      0.00000 
   34    -38.00000            0            0      0.00000 
   35    -37.00000            0            0      0.00000 
   36    -36.00000            0            0      0.00000 
   37    -35.00000            0            0      0.00000 
   38    -34.00000            0            0      0.00000 
   39    -33.00000            0            0      0.00000 
   40    -32.00000          165          330      0.66667 
   41    -31.00000          292          505      0.73275 
   42    -30.00000          380          612      0.76613 
   43    -29.00000          466          708      0.79387 
   44    -28.00000          543          797      0.81045 
   45    -27.00000          633          891      0.83071 
   46    -26.00000          695          954      0.84294 
   47    -25.00000          780         1040      0.85714 
   48    -24.00000          825         1086      0.86342 
   49    -23.00000          863         1128      0.86690 
   50    -22.00000          898         1169      0.86889 
   51    -21.00000          946         1226      0.87109 
   52    -20.00000         1047         1345      0.87542 
   53    -19.00000         1104         1412      0.87758 
   54    -18.00000         1155         1469      0.88034 
   55    -17.00000         1180         1491      0.88356 
   56    -16.00000         1167         1487      0.87943 
   57    -15.00000         1133         1467      0.87154 
   58    -14.00000         1040         1375      0.86128 
   59    -13.00000          961         1293      0.85271 
   60    -12.00000          840         1198      0.82434 
   61    -11.00000          757         1136      0.79979 
   62    -10.00000          649         1052      0.76308 
   63     -9.00000          501          919      0.70563 
   64     -8.00000          280          722      0.55888 
   65     -7.00000            0          336      0.00000 
   66     -6.00000            0          368      0.00000 
   67     -5.00000            0          389      0.00000 
   68     -4.00000            0          381      0.00000 
   69     -3.00000            0          369      0.00000 
   70     -2.00000            0          370      0.00000 
   71     -1.00000            0          359      0.00000 
   72      0.00000            0          348      0.00000 
   73      1.00000            0          318      0.00000 
   74      2.00000            0          282      0.00000 
   75      3.00000            0          251      0.00000 
   76      4.00000            0          242      0.00000 
   77      5.00000            0          232      0.00000 
   78      6.00000            0          214      0.00000 
   79      7.00000            0          198      0.00000 
   80      8.00000            0          168      0.00000 
   81      9.00000            0          141      0.00000 
   82     10.00000            0          112      0.00000 
   83     11.00000            0           75      0.00000 
   84     12.00000            0           32      0.00000 
   85     13.00000          152           96      0.32258 
   86     14.00000          361          264      0.52480 
   87     15.00000          541          410      0.61409 
   88     16.00000          678          520      0.65442 
   89     17.00000          798          618      0.68927 
   90     18.00000         1328         1108      0.80213 
   91     19.00000         1692         1417      0.84464 
   92     20.00000         1939         1638      0.86329 
   93     21.00000         2097         1792      0.87580 
   94     22.00000         2224         1913      0.88760 
   95     23.00000         2434         2117      0.89695 
   96     24.00000         2613         2271      0.90459 
   97     25.00000         2801         2437      0.90111 
   98     26.00000         2915         2542      0.89940 
   99     27.00000         3018         2632      0.89487 
  100     28.00000         3295         3025      0.91867 
  101     29.00000         3568         3354      0.93123 
  102     30.00000         3834         3629      0.94037 
  103     31.00000         4022         3802      0.94606 
  104     32.00000         4163         3927      0.95253 
  105     33.00000         4356         4090      0.96188 
  106     34.00000         4510         4227      0.96418 
  107     35.00000         4738         4456      0.96933 
  108     36.00000         4893         4620      0.97130 
  109     37.00000         5026         4765      0.97334 
  110     38.00000         5154         4909      0.97565 
  111     39.00000         5185         4956      0.97742 
  112     40.00000         5210         5021      0.98153 
  113     41.00000         5178         5019      0.98303 
  114     42.00000         5106         4973      0.98422 
  115     43.00000         4961         4871      0.98698 
  116     44.00000         4742         4701      0.99163 
  117     45.00000         4539         4515      0.99227 
  118     46.00000         4340         4334      0.99262 
  119     47.00000         4101         4111      0.99318 
  120     48.00000         3802         3821      0.99147 
  121     49.00000         3415         3444      0.98907 
  122     50.00000         3084         3114      0.98774 
  123     51.00000         2664         2680      0.98653 
  124     52.00000         2218         2228      0.98381 
  125     53.00000         1804         1788      0.98552 
  126     54.00000         1329         1294      0.98666 
  127     55.00000          971          955      0.99169 
  128     56.00000          660          659      0.99924 
  129     57.00000          415          415      1.00000 
  130     58.00000          125          125      1.00000 
  131     59.00000            0            0      0.00000 
  132     60.00000            0            0      0.00000 
  133     61.00000            0            0      0.00000 
  134     62.00000            0            0      0.00000 
  135     63.00000            0            0      0.00000 
  136     64.00000            0            0      0.00000 
  137     65.00000            0            0      0.00000 
  138     66.00000            0            0      0.00000 
  139     67.00000            0            0      0.00000 
  140     68.00000            0            0      0.00000 
  141     69.00000            0            0      0.00000 
  142     70.00000            0            0      0.00000 
  143     71.00000            0            0      0.00000 
  144     72.00000            0            0      0.00000 
  145     73.00000            0            0      0.00000 
  146     74.00000            0            0      0.00000 
  147     75.00000            0            0      0.00000 
  148     76.00000            0            0      0.00000 
  149     77.00000            0            0      0.00000 
  150     78.00000            0            0      0.00000 
  151     79.00000            0            0      0.00000 
  152     80.00000            0            0      0.00000 
  153     81.00000            0            0      0.00000 
  154     82.00000            0            0      0.00000 
  155     83.00000            0            0      0.00000 
  156     84.00000            0            0      0.00000 
  157     85.00000            0            0      0.00000 
  158     86.00000            0            0      0.00000 
