# 3dSliceNDice -insetA 9m_3min_m3_binary+orig -insetB 9m_5min_m3_binary+orig -prefix 9m_3min_5min_m3
    0    -72.00000            0            0      0.00000 
    1    -71.00000            0            0      0.00000 
    2    -70.00000            0            0      0.00000 
    3    -69.00000            0            0      0.00000 
    4    -68.00000            0            0      0.00000 
    5    -67.00000            0            0      0.00000 
    6    -66.00000            0            0      0.00000 
    7    -65.00000            0            0      0.00000 
    8    -64.00000            0            0      0.00000 
    9    -63.00000            0            0      0.00000 
   10    -62.00000            0            0      0.00000 
   11    -61.00000            0            0      0.00000 
   12    -60.00000            0            0      0.00000 
   13    -59.00000            0            0      0.00000 
   14    -58.00000            0            0      0.00000 
   15    -57.00000            0            0      0.00000 
   16    -56.00000            0            0      0.00000 
   17    -55.00000            0            0      0.00000 
   18    -54.00000            0            0      0.00000 
   19    -53.00000            0            0      0.00000 
   20    -52.00000            0            0      0.00000 
   21    -51.00000            6            6      1.00000 
   22    -50.00000          122          134      0.95312 
   23    -49.00000          623          619      0.94364 
   24    -48.00000          988          901      0.90842 
   25    -47.00000         1147          983      0.88263 
   26    -46.00000         1325         1103      0.87150 
   27    -45.00000         1463         1196      0.86800 
   28    -44.00000         1531         1233      0.86107 
   29    -43.00000         1599         1286      0.86378 
   30    -42.00000         1644         1318      0.86631 
   31    -41.00000         1663         1323      0.86336 
   32    -40.00000         1697         1350      0.86905 
   33    -39.00000         1696         1342      0.86570 
   34    -38.00000         1679         1342      0.86726 
   35    -37.00000         1647         1363      0.87708 
   36    -36.00000         1636         1401      0.88706 
   37    -35.00000         1618         1453      0.90329 
   38    -34.00000         1583         1490      0.91897 
   39    -33.00000         1520         1514      0.93474 
   40    -32.00000         1466         1514      0.93893 
   41    -31.00000         1445         1497      0.94494 
   42    -30.00000         1428         1484      0.95124 
   43    -29.00000         1394         1461      0.95342 
   44    -28.00000         1396         1493      0.94566 
   45    -27.00000         1574         1628      0.90568 
   46    -26.00000         1724         1749      0.90066 
   47    -25.00000         1825         1849      0.89875 
   48    -24.00000         1894         1899      0.89586 
   49    -23.00000         1959         1939      0.89328 
   50    -22.00000         2026         1970      0.89940 
   51    -21.00000         2078         2055      0.91265 
   52    -20.00000         2160         2167      0.91749 
   53    -19.00000         2220         2249      0.92191 
   54    -18.00000         2279         2323      0.92568 
   55    -17.00000         2341         2474      0.91796 
   56    -16.00000         2393         2612      0.90749 
   57    -15.00000         2500         2781      0.90740 
   58    -14.00000         2597         2950      0.90571 
   59    -13.00000         2663         3072      0.90288 
   60    -12.00000         2672         3138      0.90155 
   61    -11.00000         2654         3154      0.90083 
   62    -10.00000         2645         3185      0.89949 
   63     -9.00000         2606         3170      0.89543 
   64     -8.00000         2603         3180      0.89296 
   65     -7.00000         2564         3132      0.88869 
   66     -6.00000         2509         3064      0.88642 
   67     -5.00000         2459         2999      0.88311 
   68     -4.00000         2368         2868      0.88159 
   69     -3.00000         2276         2755      0.88173 
   70     -2.00000         2167         2619      0.88048 
   71     -1.00000         2053         2506      0.87695 
   72      0.00000         1923         2353      0.87558 
   73      1.00000         1762         2134      0.87885 
   74      2.00000         1616         1893      0.89598 
   75      3.00000         1476         1653      0.90508 
   76      4.00000         1374         1566      0.89796 
   77      5.00000         1245         1449      0.88716 
   78      6.00000         1067         1272      0.87473 
   79      7.00000          808         1019      0.84839 
   80      8.00000          564          579      0.67542 
   81      9.00000          586          514      0.60364 
   82     10.00000          582          444      0.52242 
   83     11.00000          536          336      0.40367 
   84     12.00000          440          208      0.19753 
   85     13.00000          368          238      0.27393 
   86     14.00000          422          370      0.41667 
   87     15.00000          480          476      0.48117 
   88     16.00000          514          543      0.52791 
   89     17.00000          542          597      0.56014 
   90     18.00000          680          681      0.69949 
   91     19.00000          795          771      0.78289 
   92     20.00000          887          871      0.83276 
   93     21.00000          937          932      0.87105 
   94     22.00000          974          987      0.89546 
   95     23.00000         1066         1121      0.91815 
   96     24.00000         1148         1233      0.93406 
   97     25.00000         1226         1307      0.95381 
   98     26.00000         1252         1338      0.95985 
   99     27.00000         1280         1361      0.95873 
  100     28.00000         1407         1469      0.96384 
  101     29.00000         1452         1501      0.96512 
  102     30.00000         1498         1535      0.96670 
  103     31.00000         1519         1549      0.96284 
  104     32.00000         1546         1583      0.95813 
  105     33.00000         1565         1611      0.95718 
  106     34.00000         1531         1586      0.95926 
  107     35.00000         1509         1599      0.95946 
  108     36.00000         1428         1556      0.95040 
  109     37.00000         1370         1523      0.94435 
  110     38.00000         1272         1462      0.92977 
  111     39.00000         1158         1366      0.91759 
  112     40.00000         1034         1259      0.90188 
  113     41.00000          937         1134      0.89232 
  114     42.00000          848         1017      0.88794 
  115     43.00000          777          912      0.87863 
  116     44.00000          693          794      0.87155 
  117     45.00000          610          689      0.85142 
  118     46.00000          495          548      0.82263 
  119     47.00000          365          407      0.76166 
  120     48.00000          221          241      0.68398 
  121     49.00000          131          138      0.58736 
  122     50.00000           71           78      0.53691 
  123     51.00000           16           27      0.32558 
  124     52.00000            0            3      0.00000 
  125     53.00000            0            0      0.00000 
  126     54.00000            0            0      0.00000 
  127     55.00000            0            0      0.00000 
  128     56.00000            0            0      0.00000 
  129     57.00000            0            0      0.00000 
  130     58.00000            0            0      0.00000 
  131     59.00000            0            0      0.00000 
  132     60.00000            0            0      0.00000 
  133     61.00000            0            0      0.00000 
  134     62.00000            0            0      0.00000 
  135     63.00000            0            0      0.00000 
  136     64.00000            0            0      0.00000 
  137     65.00000            0            0      0.00000 
  138     66.00000            0            0      0.00000 
  139     67.00000            0            0      0.00000 
  140     68.00000            0            0      0.00000 
  141     69.00000            0            0      0.00000 
  142     70.00000            0            0      0.00000 
  143     71.00000            0            0      0.00000 
  144     72.00000            0            0      0.00000 
  145     73.00000            0            0      0.00000 
  146     74.00000            0            0      0.00000 
  147     75.00000            0            0      0.00000 
  148     76.00000            0            0      0.00000 
  149     77.00000            0            0      0.00000 
  150     78.00000            0            0      0.00000 
  151     79.00000            0            0      0.00000 
  152     80.00000            0            0      0.00000 
  153     81.00000            0            0      0.00000 
  154     82.00000            0            0      0.00000 
  155     83.00000            0            0      0.00000 
  156     84.00000            0            0      0.00000 
  157     85.00000            0            0      0.00000 
  158     86.00000            0            0      0.00000 
