# 3dSliceNDice -insetA 9m_4min_m3_binary+orig -insetB 9m_5min_m3_binary+orig -prefix 9m_4min_5min_m3
    0     96.00000            0            0      0.00000 
    1     95.00000            0            0      0.00000 
    2     94.00000            0            0      0.00000 
    3     93.00000            0            0      0.00000 
    4     92.00000            0            0      0.00000 
    5     91.00000            0            0      0.00000 
    6     90.00000            0            0      0.00000 
    7     89.00000            0            0      0.00000 
    8     88.00000            0            0      0.00000 
    9     87.00000            0            0      0.00000 
   10     86.00000            0            0      0.00000 
   11     85.00000            0            0      0.00000 
   12     84.00000            0            0      0.00000 
   13     83.00000            0            0      0.00000 
   14     82.00000            0            0      0.00000 
   15     81.00000            0            0      0.00000 
   16     80.00000            0            0      0.00000 
   17     79.00000            0            0      0.00000 
   18     78.00000            0            0      0.00000 
   19     77.00000            0            0      0.00000 
   20     76.00000            0            0      0.00000 
   21     75.00000            0            0      0.00000 
   22     74.00000            0            0      0.00000 
   23     73.00000            0            0      0.00000 
   24     72.00000            0            0      0.00000 
   25     71.00000            0            0      0.00000 
   26     70.00000            0            0      0.00000 
   27     69.00000            0            0      0.00000 
   28     68.00000            0            0      0.00000 
   29     67.00000            0            0      0.00000 
   30     66.00000            0            0      0.00000 
   31     65.00000            0            0      0.00000 
   32     64.00000            0            0      0.00000 
   33     63.00000            0            0      0.00000 
   34     62.00000            0            0      0.00000 
   35     61.00000            0            0      0.00000 
   36     60.00000            0            0      0.00000 
   37     59.00000            0            0      0.00000 
   38     58.00000            0            0      0.00000 
   39     57.00000            0            0      0.00000 
   40     56.00000            0            0      0.00000 
   41     55.00000            0            0      0.00000 
   42     54.00000            0            0      0.00000 
   43     53.00000            0            0      0.00000 
   44     52.00000            0            0      0.00000 
   45     51.00000            0            0      0.00000 
   46     50.00000            0            0      0.00000 
   47     49.00000            0            0      0.00000 
   48     48.00000            0            0      0.00000 
   49     47.00000            0            0      0.00000 
   50     46.00000            0            0      0.00000 
   51     45.00000            0            0      0.00000 
   52     44.00000            0            0      0.00000 
   53     43.00000            0            0      0.00000 
   54     42.00000            0            0      0.00000 
   55     41.00000            0            0      0.00000 
   56     40.00000            0            0      0.00000 
   57     39.00000            0            0      0.00000 
   58     38.00000            0            0      0.00000 
   59     37.00000            0           32      0.00000 
   60     36.00000            0           88      0.00000 
   61     35.00000            0          140      0.00000 
   62     34.00000            0          180      0.00000 
   63     33.00000            0          216      0.00000 
   64     32.00000          200          338      0.62082 
   65     31.00000          393          483      0.74658 
   66     30.00000          539          617      0.79585 
   67     29.00000          648          720      0.82310 
   68     28.00000          735          804      0.83821 
   69     27.00000          946         1024      0.85787 
   70     26.00000         1155         1181      0.86901 
   71     25.00000         1349         1336      0.89013 
   72     24.00000         1491         1444      0.89949 
   73     23.00000         1591         1527      0.90571 
   74     22.00000         1759         1677      0.91967 
   75     21.00000         1896         1801      0.94239 
   76     20.00000         2034         1919      0.94662 
   77     19.00000         2113         1998      0.94965 
   78     18.00000         2163         2059      0.95358 
   79     17.00000         2430         2322      0.93729 
   80     16.00000         2629         2562      0.95242 
   81     15.00000         2825         2754      0.95859 
   82     14.00000         2963         2882      0.96185 
   83     13.00000         3091         3001      0.96454 
   84     12.00000         3247         3112      0.96996 
   85     11.00000         3338         3168      0.96987 
   86     10.00000         3441         3246      0.96964 
   87      9.00000         3510         3302      0.96858 
   88      8.00000         3582         3368      0.96806 
   89      7.00000         3659         3437      0.96702 
   90      6.00000         3657         3445      0.96733 
   91      5.00000         3658         3456      0.96683 
   92      4.00000         3641         3427      0.96350 
   93      3.00000         3620         3390      0.95977 
   94      2.00000         3548         3306      0.95506 
   95      1.00000         3431         3187      0.95165 
   96      0.00000         3370         3112      0.94786 
   97     -1.00000         3350         3070      0.94174 
   98     -2.00000         3396         3096      0.93839 
   99     -3.00000         3363         3073      0.93567 
  100     -4.00000         3304         3033      0.93293 
  101     -5.00000         3241         2992      0.93021 
  102     -6.00000         3144         2888      0.92374 
  103     -7.00000         3079         2798      0.91339 
  104     -8.00000         2995         2757      0.89882 
  105     -9.00000         2943         2739      0.89088 
  106    -10.00000         2843         2674      0.88345 
  107    -11.00000         2658         2534      0.87404 
  108    -12.00000         2425         2354      0.87299 
  109    -13.00000         2088         2138      0.89068 
  110    -14.00000         2053         2087      0.89517 
  111    -15.00000         2012         2022      0.89886 
  112    -16.00000         1922         1909      0.89898 
  113    -17.00000         1847         1805      0.90142 
  114    -18.00000         1777         1719      0.89874 
  115    -19.00000         1701         1654      0.89836 
  116    -20.00000         1619         1568      0.89740 
  117    -21.00000         1470         1427      0.88298 
  118    -22.00000         1288         1243      0.84710 
  119    -23.00000         1084         1009      0.80745 
  120    -24.00000          991          939      0.79793 
  121    -25.00000          865          835      0.79059 
  122    -26.00000          725          704      0.78796 
  123    -27.00000          530          524      0.80835 
  124    -28.00000          443          422      0.97572 
  125    -29.00000          483          460      0.97561 
  126    -30.00000          513          491      0.97809 
  127    -31.00000          526          505      0.97963 
  128    -32.00000          530          518      0.98855 
  129    -33.00000          644          598      0.91143 
  130    -34.00000          731          712      0.86486 
  131    -35.00000          797          812      0.83530 
  132    -36.00000          832          868      0.80941 
  133    -37.00000          858          921      0.79258 
  134    -38.00000          975         1007      0.75782 
  135    -39.00000         1063         1066      0.75341 
  136    -40.00000         1137         1120      0.75676 
  137    -41.00000         1154         1123      0.76065 
  138    -42.00000         1143         1095      0.76497 
  139    -43.00000         1137         1063      0.77818 
  140    -44.00000         1095         1004      0.79371 
  141    -45.00000         1066          956      0.81207 
  142    -46.00000          994          875      0.82825 
  143    -47.00000          930          810      0.83678 
  144    -48.00000          853          734      0.86200 
  145    -49.00000          776          652      0.87675 
  146    -50.00000          700          601      0.87779 
  147    -51.00000          620          541      0.86133 
  148    -52.00000          546          490      0.83784 
  149    -53.00000          444          389      0.82833 
  150    -54.00000          338          294      0.82911 
  151    -55.00000          246          191      0.81922 
  152    -56.00000          165          114      0.81720 
  153    -57.00000           70           41      0.73874 
  154    -58.00000           12            1      0.15385 
  155    -59.00000            0            0      0.00000 
  156    -60.00000            0            0      0.00000 
  157    -61.00000            0            0      0.00000 
  158    -62.00000            0            0      0.00000 
  159    -63.00000            0            0      0.00000 
  160    -64.00000            0            0      0.00000 
  161    -65.00000            0            0      0.00000 
  162    -66.00000            0            0      0.00000 
  163    -67.00000            0            0      0.00000 
  164    -68.00000            0            0      0.00000 
  165    -69.00000            0            0      0.00000 
  166    -70.00000            0            0      0.00000 
  167    -71.00000            0            0      0.00000 
  168    -72.00000            0            0      0.00000 
  169    -73.00000            0            0      0.00000 
  170    -74.00000            0            0      0.00000 
  171    -75.00000            0            0      0.00000 
  172    -76.00000            0            0      0.00000 
  173    -77.00000            0            0      0.00000 
  174    -78.00000            0            0      0.00000 
  175    -79.00000            0            0      0.00000 
  176    -80.00000            0            0      0.00000 
  177    -81.00000            0            0      0.00000 
  178    -82.00000            0            0      0.00000 
  179    -83.00000            0            0      0.00000 
  180    -84.00000            0            0      0.00000 
  181    -85.00000            0            0      0.00000 
  182    -86.00000            0            0      0.00000 
  183    -87.00000            0            0      0.00000 
  184    -88.00000            0            0      0.00000 
  185    -89.00000            0            0      0.00000 
  186    -90.00000            0            0      0.00000 
  187    -91.00000            0            0      0.00000 
  188    -92.00000            0            0      0.00000 
  189    -93.00000            0            0      0.00000 
  190    -94.00000            0            0      0.00000 
  191    -95.00000            0            0      0.00000 
  192    -96.00000            0            0      0.00000 
  193    -97.00000            0            0      0.00000 
  194    -98.00000            0            0      0.00000 
