# 3dSliceNDice -insetA 9m_4min_m2_binary+orig -insetB 9m_5min_m2_binary+orig -prefix 9m_4min_5min_m2
    0    134.00000            0            0      0.00000 
    1    133.00000            0            0      0.00000 
    2    132.00000            0            0      0.00000 
    3    131.00000            0            0      0.00000 
    4    130.00000            0            0      0.00000 
    5    129.00000            0            0      0.00000 
    6    128.00000            0            0      0.00000 
    7    127.00000            0            0      0.00000 
    8    126.00000            0            0      0.00000 
    9    125.00000            0            0      0.00000 
   10    124.00000            0            0      0.00000 
   11    123.00000            0            0      0.00000 
   12    122.00000            0            0      0.00000 
   13    121.00000            0            0      0.00000 
   14    120.00000            0            0      0.00000 
   15    119.00000            0            0      0.00000 
   16    118.00000            0            0      0.00000 
   17    117.00000            0            0      0.00000 
   18    116.00000            0            0      0.00000 
   19    115.00000            0            0      0.00000 
   20    114.00000            0            0      0.00000 
   21    113.00000            0            0      0.00000 
   22    112.00000            0            0      0.00000 
   23    111.00000            0            0      0.00000 
   24    110.00000            0            0      0.00000 
   25    109.00000            0            0      0.00000 
   26    108.00000            0            0      0.00000 
   27    107.00000            0            0      0.00000 
   28    106.00000            0            0      0.00000 
   29    105.00000            0            0      0.00000 
   30    104.00000            0            0      0.00000 
   31    103.00000            0            0      0.00000 
   32    102.00000            0            0      0.00000 
   33    101.00000            0            0      0.00000 
   34    100.00000            0            0      0.00000 
   35     99.00000            0            0      0.00000 
   36     98.00000            0            0      0.00000 
   37     97.00000            0            0      0.00000 
   38     96.00000            0            0      0.00000 
   39     95.00000            0            0      0.00000 
   40     94.00000            0            0      0.00000 
   41     93.00000            0            0      0.00000 
   42     92.00000            0            0      0.00000 
   43     91.00000            0            0      0.00000 
   44     90.00000            0            0      0.00000 
   45     89.00000            0            0      0.00000 
   46     88.00000            0            0      0.00000 
   47     87.00000            0            0      0.00000 
   48     86.00000            0            0      0.00000 
   49     85.00000            0            0      0.00000 
   50     84.00000            0            0      0.00000 
   51     83.00000            0            0      0.00000 
   52     82.00000            0            0      0.00000 
   53     81.00000            0            0      0.00000 
   54     80.00000            0            0      0.00000 
   55     79.00000            4            0      0.00000 
   56     78.00000           32            0      0.00000 
   57     77.00000           73           12      0.28235 
   58     76.00000          109           53      0.58025 
   59     75.00000          159          109      0.67910 
   60     74.00000          218          181      0.73684 
   61     73.00000          276          246      0.77395 
   62     72.00000          335          318      0.79020 
   63     71.00000          390          377      0.79270 
   64     70.00000          450          440      0.81124 
   65     69.00000          471          479      0.82316 
   66     68.00000          487          516      0.83948 
   67     67.00000          494          547      0.86071 
   68     66.00000          499          563      0.87947 
   69     65.00000          508          585      0.89661 
   70     64.00000          500          606      0.90416 
   71     63.00000          508          626      0.89594 
   72     62.00000          553          727      0.83438 
   73     61.00000          625          885      0.80265 
   74     60.00000          675          992      0.77624 
   75     59.00000          701         1062      0.74759 
   76     58.00000          714         1114      0.72538 
   77     57.00000          967         1162      0.81165 
   78     56.00000         1149         1240      0.85057 
   79     55.00000         1272         1316      0.86321 
   80     54.00000         1345         1350      0.87273 
   81     53.00000         1400         1371      0.86972 
   82     52.00000         1506         1511      0.89161 
   83     51.00000         1596         1679      0.89282 
   84     50.00000         1671         1813      0.88921 
   85     49.00000         1720         1910      0.89146 
   86     48.00000         1767         1991      0.90048 
   87     47.00000         1850         2119      0.91156 
   88     46.00000         1956         2232      0.91977 
   89     45.00000         2066         2343      0.92311 
   90     44.00000         2143         2414      0.92473 
   91     43.00000         2212         2481      0.92563 
   92     42.00000         2300         2540      0.93099 
   93     41.00000         2396         2570      0.94080 
   94     40.00000         2496         2618      0.94681 
   95     39.00000         2555         2642      0.94939 
   96     38.00000         2605         2674      0.95170 
   97     37.00000         2695         2680      0.94251 
   98     36.00000         2757         2658      0.93370 
   99     35.00000         2815         2648      0.92916 
  100     34.00000         2838         2609      0.92528 
  101     33.00000         2873         2609      0.92448 
  102     32.00000         2993         2748      0.93503 
  103     31.00000         3041         2829      0.94140 
  104     30.00000         3101         2886      0.94204 
  105     29.00000         3115         2897      0.94444 
  106     28.00000         3107         2881      0.94589 
  107     27.00000         3048         2819      0.94767 
  108     26.00000         2923         2688      0.94600 
  109     25.00000         2822         2583      0.94653 
  110     24.00000         2695         2432      0.94402 
  111     23.00000         2597         2312      0.94072 
  112     22.00000         2508         2208      0.93639 
  113     21.00000         2407         2103      0.93259 
  114     20.00000         2280         1970      0.92706 
  115     19.00000         2140         1831      0.92219 
  116     18.00000         2055         1745      0.91842 
  117     17.00000         1943         1637      0.91453 
  118     16.00000         1848         1551      0.91262 
  119     15.00000         1761         1461      0.90689 
  120     14.00000         1625         1334      0.90030 
  121     13.00000         1471         1217      0.89435 
  122     12.00000         1250         1066      0.89637 
  123     11.00000         1145          985      0.88826 
  124     10.00000         1010          884      0.87751 
  125      9.00000          829          753      0.85967 
  126      8.00000          549          570      0.86506 
  127      7.00000          299          394      0.86291 
  128      6.00000          178          278      0.78070 
  129      5.00000          120          230      0.68571 
  130      4.00000           53          167      0.48182 
  131      3.00000            0          101      0.00000 
  132      2.00000           32           86      0.54237 
  133      1.00000           88          127      0.81860 
  134      0.00000          140          166      0.91503 
  135     -1.00000          178          186      0.97802 
  136     -2.00000          195          195      1.00000 
  137     -3.00000          219          219      1.00000 
  138     -4.00000          233          233      1.00000 
  139     -5.00000          255          255      1.00000 
  140     -6.00000          260          260      1.00000 
  141     -7.00000          257          257      1.00000 
  142     -8.00000          285          253      0.94052 
  143     -9.00000          326          238      0.84397 
  144    -10.00000          346          222      0.78169 
  145    -11.00000          362          192      0.69314 
  146    -12.00000          355          153      0.60236 
  147    -13.00000          356          112      0.47863 
  148    -14.00000          359           98      0.42888 
  149    -15.00000          370           81      0.35920 
  150    -16.00000          355           58      0.28087 
  151    -17.00000          341           22      0.12121 
  152    -18.00000          307            0      0.00000 
  153    -19.00000          273            0      0.00000 
  154    -20.00000          233            0      0.00000 
  155    -21.00000          185            0      0.00000 
  156    -22.00000          136            0      0.00000 
  157    -23.00000           99            0      0.00000 
  158    -24.00000           75            0      0.00000 
  159    -25.00000           50            0      0.00000 
  160    -26.00000           24            0      0.00000 
  161    -27.00000            3            0      0.00000 
  162    -28.00000            0            0      0.00000 
  163    -29.00000            0            0      0.00000 
  164    -30.00000            0            0      0.00000 
  165    -31.00000            0            0      0.00000 
  166    -32.00000            0            0      0.00000 
  167    -33.00000            0            0      0.00000 
  168    -34.00000            0            0      0.00000 
  169    -35.00000            0            0      0.00000 
  170    -36.00000            0            0      0.00000 
  171    -37.00000            0            0      0.00000 
  172    -38.00000            0            0      0.00000 
  173    -39.00000            0            0      0.00000 
  174    -40.00000            0            0      0.00000 
  175    -41.00000            0            0      0.00000 
  176    -42.00000            0            0      0.00000 
  177    -43.00000            0            0      0.00000 
  178    -44.00000            0            0      0.00000 
  179    -45.00000            0            0      0.00000 
  180    -46.00000            0            0      0.00000 
  181    -47.00000            0            0      0.00000 
  182    -48.00000            0            0      0.00000 
  183    -49.00000            0            0      0.00000 
  184    -50.00000            0            0      0.00000 
  185    -51.00000            0            0      0.00000 
  186    -52.00000            0            0      0.00000 
  187    -53.00000            0            0      0.00000 
  188    -54.00000            0            0      0.00000 
  189    -55.00000            0            0      0.00000 
  190    -56.00000            0            0      0.00000 
  191    -57.00000            0            0      0.00000 
  192    -58.00000            0            0      0.00000 
  193    -59.00000            0            0      0.00000 
  194    -60.00000            0            0      0.00000 
  195    -61.00000            0            0      0.00000 
  196    -62.00000            0            0      0.00000 
  197    -63.00000            0            0      0.00000 
  198    -64.00000            0            0      0.00000 
  199    -65.00000            0            0      0.00000 
  200    -66.00000            0            0      0.00000 
  201    -67.00000            0            0      0.00000 
  202    -68.00000            0            0      0.00000 
  203    -69.00000            0            0      0.00000 
  204    -70.00000            0            0      0.00000 
  205    -71.00000            0            0      0.00000 
  206    -72.00000            0            0      0.00000 
  207    -73.00000            0            0      0.00000 
  208    -74.00000            0            0      0.00000 
  209    -75.00000            0            0      0.00000 
  210    -76.00000            0            0      0.00000 
  211    -77.00000            0            0      0.00000 
  212    -78.00000            0            0      0.00000 
  213    -79.00000            0            0      0.00000 
  214    -80.00000            0            0      0.00000 
  215    -81.00000            0            0      0.00000 
  216    -82.00000            0            0      0.00000 
  217    -83.00000            0            0      0.00000 
  218    -84.00000            0            0      0.00000 
  219    -85.00000            0            0      0.00000 
  220    -86.00000            0            0      0.00000 
  221    -87.00000            0            0      0.00000 
  222    -88.00000            0            0      0.00000 
  223    -89.00000            0            0      0.00000 
  224    -90.00000            0            0      0.00000 
  225    -91.00000            0            0      0.00000 
  226    -92.00000            0            0      0.00000 
  227    -93.00000            0            0      0.00000 
  228    -94.00000            0            0      0.00000 
  229    -95.00000            0            0      0.00000 
  230    -96.00000            0            0      0.00000 
  231    -97.00000            0            0      0.00000 
  232    -98.00000            0            0      0.00000 
