# 3dSliceNDice -insetA 9m_4min_m3_binary+orig -insetB 9m_5min_m3_binary+orig -prefix 9m_4min_5min_m3
    0    -72.00000            0            0      0.00000 
    1    -71.00000            0            0      0.00000 
    2    -70.00000            0            0      0.00000 
    3    -69.00000            0            0      0.00000 
    4    -68.00000            0            0      0.00000 
    5    -67.00000            0            0      0.00000 
    6    -66.00000            0            0      0.00000 
    7    -65.00000            0            0      0.00000 
    8    -64.00000            0            0      0.00000 
    9    -63.00000            0            0      0.00000 
   10    -62.00000            0            0      0.00000 
   11    -61.00000            0            0      0.00000 
   12    -60.00000            0            0      0.00000 
   13    -59.00000            0            0      0.00000 
   14    -58.00000            0            0      0.00000 
   15    -57.00000            0            0      0.00000 
   16    -56.00000            0            0      0.00000 
   17    -55.00000            0            0      0.00000 
   18    -54.00000            0            0      0.00000 
   19    -53.00000            0            0      0.00000 
   20    -52.00000            0            0      0.00000 
   21    -51.00000            6            6      1.00000 
   22    -50.00000          107          134      0.88797 
   23    -49.00000          476          619      0.84384 
   24    -48.00000          731          901      0.84926 
   25    -47.00000          827          983      0.85635 
   26    -46.00000          961         1103      0.87403 
   27    -45.00000         1081         1196      0.88625 
   28    -44.00000         1148         1233      0.89290 
   29    -43.00000         1216         1286      0.90328 
   30    -42.00000         1276         1318      0.91365 
   31    -41.00000         1303         1323      0.91698 
   32    -40.00000         1348         1350      0.92661 
   33    -39.00000         1351         1342      0.93873 
   34    -38.00000         1355         1342      0.94772 
   35    -37.00000         1356         1363      0.95476 
   36    -36.00000         1375         1401      0.95101 
   37    -35.00000         1397         1453      0.94316 
   38    -34.00000         1412         1490      0.92764 
   39    -33.00000         1408         1514      0.91581 
   40    -32.00000         1412         1514      0.90841 
   41    -31.00000         1402         1497      0.90790 
   42    -30.00000         1392         1484      0.91099 
   43    -29.00000         1354         1461      0.90373 
   44    -28.00000         1347         1493      0.89225 
   45    -27.00000         1584         1628      0.87049 
   46    -26.00000         1760         1749      0.87318 
   47    -25.00000         1888         1849      0.87878 
   48    -24.00000         1985         1899      0.89032 
   49    -23.00000         2058         1939      0.89417 
   50    -22.00000         2183         1970      0.90489 
   51    -21.00000         2284         2055      0.92233 
   52    -20.00000         2422         2167      0.92700 
   53    -19.00000         2513         2249      0.92482 
   54    -18.00000         2595         2323      0.92477 
   55    -17.00000         2752         2474      0.92308 
   56    -16.00000         2861         2612      0.93331 
   57    -15.00000         3009         2781      0.93921 
   58    -14.00000         3159         2950      0.94451 
   59    -13.00000         3263         3072      0.94680 
   60    -12.00000         3316         3138      0.94918 
   61    -11.00000         3333         3154      0.95082 
   62    -10.00000         3360         3185      0.95157 
   63     -9.00000         3335         3170      0.95250 
   64     -8.00000         3324         3180      0.95541 
   65     -7.00000         3276         3132      0.95381 
   66     -6.00000         3216         3064      0.95382 
   67     -5.00000         3147         2999      0.95379 
   68     -4.00000         3031         2868      0.94694 
   69     -3.00000         2940         2755      0.94012 
   70     -2.00000         2799         2619      0.92506 
   71     -1.00000         2680         2506      0.91091 
   72      0.00000         2538         2353      0.89470 
   73      1.00000         2334         2134      0.87601 
   74      2.00000         2177         1893      0.84423 
   75      3.00000         1969         1653      0.81502 
   76      4.00000         1839         1566      0.81057 
   77      5.00000         1662         1449      0.80489 
   78      6.00000         1416         1272      0.80060 
   79      7.00000         1063         1019      0.79059 
   80      8.00000          506          579      0.71152 
   81      9.00000          452          514      0.68737 
   82     10.00000          382          444      0.64891 
   83     11.00000          288          336      0.56410 
   84     12.00000          164          208      0.34409 
   85     13.00000          148          238      0.49741 
   86     14.00000          320          370      0.71014 
   87     15.00000          458          476      0.79015 
   88     16.00000          562          543      0.83801 
   89     17.00000          652          597      0.87590 
   90     18.00000          787          681      0.87193 
   91     19.00000          932          771      0.85614 
   92     20.00000         1086          871      0.84415 
   93     21.00000         1189          932      0.83923 
   94     22.00000         1283          987      0.83700 
   95     23.00000         1385         1121      0.86752 
   96     24.00000         1444         1233      0.89727 
   97     25.00000         1487         1307      0.90981 
   98     26.00000         1503         1338      0.91376 
   99     27.00000         1517         1361      0.91661 
  100     28.00000         1640         1469      0.91927 
  101     29.00000         1673         1501      0.92565 
  102     30.00000         1704         1535      0.92806 
  103     31.00000         1717         1549      0.92652 
  104     32.00000         1737         1583      0.93012 
  105     33.00000         1731         1611      0.93896 
  106     34.00000         1668         1586      0.94591 
  107     35.00000         1617         1599      0.95896 
  108     36.00000         1542         1556      0.96449 
  109     37.00000         1500         1523      0.96130 
  110     38.00000         1419         1462      0.95939 
  111     39.00000         1319         1366      0.95419 
  112     40.00000         1208         1259      0.95014 
  113     41.00000         1096         1134      0.94529 
  114     42.00000          985         1017      0.94406 
  115     43.00000          891          912      0.94953 
  116     44.00000          790          794      0.94066 
  117     45.00000          701          689      0.92662 
  118     46.00000          577          548      0.90844 
  119     47.00000          437          407      0.86730 
  120     48.00000          269          241      0.80784 
  121     49.00000          166          138      0.75000 
  122     50.00000          103           78      0.79558 
  123     51.00000           36           27      0.85714 
  124     52.00000            3            3      1.00000 
  125     53.00000            0            0      0.00000 
  126     54.00000            0            0      0.00000 
  127     55.00000            0            0      0.00000 
  128     56.00000            0            0      0.00000 
  129     57.00000            0            0      0.00000 
  130     58.00000            0            0      0.00000 
  131     59.00000            0            0      0.00000 
  132     60.00000            0            0      0.00000 
  133     61.00000            0            0      0.00000 
  134     62.00000            0            0      0.00000 
  135     63.00000            0            0      0.00000 
  136     64.00000            0            0      0.00000 
  137     65.00000            0            0      0.00000 
  138     66.00000            0            0      0.00000 
  139     67.00000            0            0      0.00000 
  140     68.00000            0            0      0.00000 
  141     69.00000            0            0      0.00000 
  142     70.00000            0            0      0.00000 
  143     71.00000            0            0      0.00000 
  144     72.00000            0            0      0.00000 
  145     73.00000            0            0      0.00000 
  146     74.00000            0            0      0.00000 
  147     75.00000            0            0      0.00000 
  148     76.00000            0            0      0.00000 
  149     77.00000            0            0      0.00000 
  150     78.00000            0            0      0.00000 
  151     79.00000            0            0      0.00000 
  152     80.00000            0            0      0.00000 
  153     81.00000            0            0      0.00000 
  154     82.00000            0            0      0.00000 
  155     83.00000            0            0      0.00000 
  156     84.00000            0            0      0.00000 
  157     85.00000            0            0      0.00000 
  158     86.00000            0            0      0.00000 
