# 3dSliceNDice -insetA 9m_4min_m1_binary+orig -insetB 9m_5min_m1_binary+orig -prefix 9m_4min_5min_m1
    0    -72.00000            0            0      0.00000 
    1    -71.00000            0            0      0.00000 
    2    -70.00000            0            0      0.00000 
    3    -69.00000            0            0      0.00000 
    4    -68.00000            0            0      0.00000 
    5    -67.00000            0            0      0.00000 
    6    -66.00000            0            0      0.00000 
    7    -65.00000            0            0      0.00000 
    8    -64.00000            0            0      0.00000 
    9    -63.00000            0            0      0.00000 
   10    -62.00000            0            0      0.00000 
   11    -61.00000            0            0      0.00000 
   12    -60.00000            0            0      0.00000 
   13    -59.00000            0            0      0.00000 
   14    -58.00000            0            0      0.00000 
   15    -57.00000            0            0      0.00000 
   16    -56.00000            0            0      0.00000 
   17    -55.00000            0            0      0.00000 
   18    -54.00000            0            0      0.00000 
   19    -53.00000            0            0      0.00000 
   20    -52.00000            0            0      0.00000 
   21    -51.00000            0            0      0.00000 
   22    -50.00000            0            0      0.00000 
   23    -49.00000            0            0      0.00000 
   24    -48.00000            0            0      0.00000 
   25    -47.00000            0            0      0.00000 
   26    -46.00000            0            0      0.00000 
   27    -45.00000            0            0      0.00000 
   28    -44.00000            0            0      0.00000 
   29    -43.00000            0            0      0.00000 
   30    -42.00000            0            0      0.00000 
   31    -41.00000            0            0      0.00000 
   32    -40.00000            0            0      0.00000 
   33    -39.00000            0            0      0.00000 
   34    -38.00000            0            0      0.00000 
   35    -37.00000            0            0      0.00000 
   36    -36.00000            0            0      0.00000 
   37    -35.00000            0            0      0.00000 
   38    -34.00000            0            0      0.00000 
   39    -33.00000            0            0      0.00000 
   40    -32.00000          307          253      0.87500 
   41    -31.00000          550          495      0.91866 
   42    -30.00000          711          665      0.93895 
   43    -29.00000          841          795      0.94377 
   44    -28.00000          964          933      0.94676 
   45    -27.00000         1093         1066      0.94951 
   46    -26.00000         1192         1180      0.94941 
   47    -25.00000         1319         1314      0.94189 
   48    -24.00000         1400         1399      0.93533 
   49    -23.00000         1492         1481      0.93576 
   50    -22.00000         1674         1612      0.94644 
   51    -21.00000         1904         1867      0.94246 
   52    -20.00000         2331         2299      0.94168 
   53    -19.00000         2656         2627      0.94265 
   54    -18.00000         2911         2915      0.93992 
   55    -17.00000         3444         3397      0.94752 
   56    -16.00000         3867         3835      0.94365 
   57    -15.00000         4318         4300      0.94477 
   58    -14.00000         4479         4480      0.94519 
   59    -13.00000         4534         4571      0.94366 
   60    -12.00000         4725         4751      0.95842 
   61    -11.00000         4784         4786      0.96071 
   62    -10.00000         4806         4772      0.95928 
   63     -9.00000         4695         4598      0.95448 
   64     -8.00000         4415         4222      0.94454 
   65     -7.00000         4016         3753      0.95868 
   66     -6.00000         4045         3808      0.96218 
   67     -5.00000         4114         3887      0.96263 
   68     -4.00000         4116         3933      0.96161 
   69     -3.00000         4110         3975      0.96277 
   70     -2.00000         4072         4009      0.96671 
   71     -1.00000         4045         4022      0.96715 
   72      0.00000         3990         4012      0.96901 
   73      1.00000         3848         3909      0.96919 
   74      2.00000         3719         3766      0.96299 
   75      3.00000         3654         3667      0.95014 
   76      4.00000         3633         3736      0.94477 
   77      5.00000         3558         3750      0.93924 
   78      6.00000         3380         3654      0.92835 
   79      7.00000         3162         3502      0.91327 
   80      8.00000         3016         3288      0.89721 
   81      9.00000         3058         3275      0.89089 
   82     10.00000         3116         3261      0.88725 
   83     11.00000         3117         3162      0.88071 
   84     12.00000         3117         3076      0.87744 
   85     13.00000         3238         3159      0.88635 
   86     14.00000         3299         3238      0.89827 
   87     15.00000         3388         3285      0.90574 
   88     16.00000         3386         3253      0.89381 
   89     17.00000         3311         3196      0.88551 
   90     18.00000         3368         3298      0.88719 
   91     19.00000         3472         3397      0.89067 
   92     20.00000         3564         3468      0.89818 
   93     21.00000         3551         3423      0.90450 
   94     22.00000         3538         3337      0.90502 
   95     23.00000         3511         3242      0.91248 
   96     24.00000         3431         3159      0.92079 
   97     25.00000         3372         3109      0.93165 
   98     26.00000         3202         2983      0.94034 
   99     27.00000         3024         2850      0.94961 
  100     28.00000         2882         2707      0.95044 
  101     29.00000         2734         2563      0.94997 
  102     30.00000         2591         2420      0.94951 
  103     31.00000         2394         2243      0.94630 
  104     32.00000         2218         2073      0.94197 
  105     33.00000         2057         1941      0.94497 
  106     34.00000         1871         1790      0.95111 
  107     35.00000         1701         1660      0.96281 
  108     36.00000         1519         1513      0.97098 
  109     37.00000         1376         1391      0.97795 
  110     38.00000         1216         1259      0.98263 
  111     39.00000         1087         1134      0.97884 
  112     40.00000          979         1032      0.97364 
  113     41.00000          891          952      0.96690 
  114     42.00000          810          883      0.95688 
  115     43.00000          665          752      0.93860 
  116     44.00000          536          623      0.92494 
  117     45.00000          410          496      0.90508 
  118     46.00000          260          358      0.84142 
  119     47.00000          155          249      0.76733 
  120     48.00000          111          217      0.67683 
  121     49.00000           80          190      0.59259 
  122     50.00000           52          161      0.48826 
  123     51.00000           23          144      0.27545 
  124     52.00000            0           95      0.00000 
  125     53.00000            0           53      0.00000 
  126     54.00000            0            2      0.00000 
  127     55.00000            0            0      0.00000 
  128     56.00000            0            0      0.00000 
  129     57.00000            0            0      0.00000 
  130     58.00000            0            0      0.00000 
  131     59.00000            0            0      0.00000 
  132     60.00000            0            0      0.00000 
  133     61.00000            0            0      0.00000 
  134     62.00000            0            0      0.00000 
  135     63.00000            0            0      0.00000 
  136     64.00000            0            0      0.00000 
  137     65.00000            0            0      0.00000 
  138     66.00000            0            0      0.00000 
  139     67.00000            0            0      0.00000 
  140     68.00000            0            0      0.00000 
  141     69.00000            0            0      0.00000 
  142     70.00000            0            0      0.00000 
  143     71.00000            0            0      0.00000 
  144     72.00000            0            0      0.00000 
  145     73.00000            0            0      0.00000 
  146     74.00000            0            0      0.00000 
  147     75.00000            0            0      0.00000 
  148     76.00000            0            0      0.00000 
  149     77.00000            0            0      0.00000 
  150     78.00000            0            0      0.00000 
  151     79.00000            0            0      0.00000 
  152     80.00000            0            0      0.00000 
  153     81.00000            0            0      0.00000 
  154     82.00000            0            0      0.00000 
  155     83.00000            0            0      0.00000 
  156     84.00000            0            0      0.00000 
  157     85.00000            0            0      0.00000 
  158     86.00000            0            0      0.00000 
