# 3dSliceNDice -insetA 9m_4min_m5_binary+orig -insetB 9m_5min_m5_binary+orig -prefix 9m_4min_5min_m5
    0     96.00000            0            0      0.00000 
    1     95.00000            0            0      0.00000 
    2     94.00000            0            0      0.00000 
    3     93.00000            0            0      0.00000 
    4     92.00000            0            0      0.00000 
    5     91.00000            0            0      0.00000 
    6     90.00000            0            0      0.00000 
    7     89.00000            0            0      0.00000 
    8     88.00000            0            0      0.00000 
    9     87.00000            0            0      0.00000 
   10     86.00000            0            0      0.00000 
   11     85.00000            0            0      0.00000 
   12     84.00000            0            0      0.00000 
   13     83.00000            0            0      0.00000 
   14     82.00000            0            0      0.00000 
   15     81.00000            0            0      0.00000 
   16     80.00000            0            0      0.00000 
   17     79.00000            0            0      0.00000 
   18     78.00000            0            0      0.00000 
   19     77.00000            0            0      0.00000 
   20     76.00000            0            0      0.00000 
   21     75.00000            0            0      0.00000 
   22     74.00000            0            0      0.00000 
   23     73.00000            0            0      0.00000 
   24     72.00000            0            0      0.00000 
   25     71.00000            0            0      0.00000 
   26     70.00000            0            0      0.00000 
   27     69.00000            0            0      0.00000 
   28     68.00000            0            0      0.00000 
   29     67.00000            0            0      0.00000 
   30     66.00000            0            0      0.00000 
   31     65.00000            0            0      0.00000 
   32     64.00000            0            0      0.00000 
   33     63.00000            0            0      0.00000 
   34     62.00000            0            0      0.00000 
   35     61.00000            0            0      0.00000 
   36     60.00000            0            0      0.00000 
   37     59.00000            0            0      0.00000 
   38     58.00000            0            0      0.00000 
   39     57.00000            0            0      0.00000 
   40     56.00000            0            0      0.00000 
   41     55.00000            0            0      0.00000 
   42     54.00000            0            0      0.00000 
   43     53.00000            0            0      0.00000 
   44     52.00000            0            0      0.00000 
   45     51.00000            0            0      0.00000 
   46     50.00000            0            0      0.00000 
   47     49.00000            0            0      0.00000 
   48     48.00000            0            0      0.00000 
   49     47.00000            0            0      0.00000 
   50     46.00000            0            0      0.00000 
   51     45.00000            0            0      0.00000 
   52     44.00000           43           32      0.85333 
   53     43.00000           79           58      0.84672 
   54     42.00000          121           90      0.85308 
   55     41.00000          163          134      0.90236 
   56     40.00000          237          202      0.92027 
   57     39.00000          288          250      0.92937 
   58     38.00000          335          295      0.93651 
   59     37.00000          382          342      0.94475 
   60     36.00000          427          391      0.95599 
   61     35.00000          513          477      0.96364 
   62     34.00000          578          548      0.97336 
   63     33.00000          620          598      0.98194 
   64     32.00000          668          654      0.98941 
   65     31.00000          691          690      0.99059 
   66     30.00000          724          744      0.98638 
   67     29.00000          752          785      0.97853 
   68     28.00000          775          830      0.96573 
   69     27.00000         1096         1147      0.89166 
   70     26.00000         1323         1377      0.90370 
   71     25.00000         1490         1539      0.91317 
   72     24.00000         1631         1664      0.92322 
   73     23.00000         1735         1760      0.92990 
   74     22.00000         1857         1870      0.93426 
   75     21.00000         1921         1919      0.94010 
   76     20.00000         2009         2003      0.94068 
   77     19.00000         2061         2048      0.93989 
   78     18.00000         2106         2085      0.94250 
   79     17.00000         2434         2297      0.91778 
   80     16.00000         2613         2431      0.91396 
   81     15.00000         2751         2550      0.91492 
   82     14.00000         2845         2626      0.91464 
   83     13.00000         2936         2707      0.91405 
   84     12.00000         3032         2785      0.91869 
   85     11.00000         3085         2847      0.92448 
   86     10.00000         3151         2947      0.92555 
   87      9.00000         3158         3022      0.92848 
   88      8.00000         3197         3104      0.93001 
   89      7.00000         3234         3191      0.93354 
   90      6.00000         3212         3209      0.93786 
   91      5.00000         3204         3224      0.93777 
   92      4.00000         3156         3192      0.93699 
   93      3.00000         3126         3170      0.93520 
   94      2.00000         3058         3105      0.93104 
   95      1.00000         2956         3000      0.92612 
   96      0.00000         2872         2919      0.92143 
   97     -1.00000         2785         2842      0.91701 
   98     -2.00000         2742         2819      0.91243 
   99     -3.00000         2631         2731      0.90787 
  100     -4.00000         2524         2647      0.90157 
  101     -5.00000         2374         2502      0.89746 
  102     -6.00000         2180         2286      0.89610 
  103     -7.00000         1983         1975      0.88479 
  104     -8.00000         1819         1722      0.85795 
  105     -9.00000         1716         1689      0.85639 
  106    -10.00000         1579         1620      0.85464 
  107    -11.00000         1517         1532      0.84421 
  108    -12.00000         1417         1430      0.83948 
  109    -13.00000         1319         1344      0.84942 
  110    -14.00000         1339         1346      0.84693 
  111    -15.00000         1380         1359      0.84191 
  112    -16.00000         1398         1362      0.83261 
  113    -17.00000         1429         1374      0.82554 
  114    -18.00000         1509         1533      0.82774 
  115    -19.00000         1585         1672      0.84495 
  116    -20.00000         1647         1774      0.84595 
  117    -21.00000         1677         1838      0.84893 
  118    -22.00000         1698         1894      0.85022 
  119    -23.00000         1761         1949      0.86739 
  120    -24.00000         1841         1969      0.89029 
  121    -25.00000         1916         2027      0.90439 
  122    -26.00000         1920         2001      0.92017 
  123    -27.00000         1925         1961      0.93155 
  124    -28.00000         1913         1920      0.94234 
  125    -29.00000         1875         1869      0.94231 
  126    -30.00000         1842         1821      0.94185 
  127    -31.00000         1777         1745      0.93754 
  128    -32.00000         1740         1691      0.93092 
  129    -33.00000         1698         1613      0.91755 
  130    -34.00000         1640         1532      0.90858 
  131    -35.00000         1578         1441      0.89566 
  132    -36.00000         1473         1290      0.87514 
  133    -37.00000         1394         1182      0.85637 
  134    -38.00000         1285         1099      0.83641 
  135    -39.00000         1179         1054      0.80788 
  136    -40.00000         1050          998      0.76953 
  137    -41.00000          879          904      0.72350 
  138    -42.00000          684          820      0.67553 
  139    -43.00000          531          761      0.64396 
  140    -44.00000          544          771      0.65856 
  141    -45.00000          537          788      0.67170 
  142    -46.00000          508          763      0.66562 
  143    -47.00000          446          728      0.64395 
  144    -48.00000          379          684      0.63217 
  145    -49.00000          407          674      0.66235 
  146    -50.00000          435          602      0.73867 
  147    -51.00000          443          530      0.80164 
  148    -52.00000          444          492      0.82265 
  149    -53.00000          404          426      0.83373 
  150    -54.00000          311          329      0.83750 
  151    -55.00000          221          232      0.85210 
  152    -56.00000          158          149      0.89902 
  153    -57.00000           90           84      0.96552 
  154    -58.00000           13           13      1.00000 
  155    -59.00000            0            0      0.00000 
  156    -60.00000            0            0      0.00000 
  157    -61.00000            0            0      0.00000 
  158    -62.00000            0            0      0.00000 
  159    -63.00000            0            0      0.00000 
  160    -64.00000            0            0      0.00000 
  161    -65.00000            0            0      0.00000 
  162    -66.00000            0            0      0.00000 
  163    -67.00000            0            0      0.00000 
  164    -68.00000            0            0      0.00000 
  165    -69.00000            0            0      0.00000 
  166    -70.00000            0            0      0.00000 
  167    -71.00000            0            0      0.00000 
  168    -72.00000            0            0      0.00000 
  169    -73.00000            0            0      0.00000 
  170    -74.00000            0            0      0.00000 
  171    -75.00000            0            0      0.00000 
  172    -76.00000            0            0      0.00000 
  173    -77.00000            0            0      0.00000 
  174    -78.00000            0            0      0.00000 
  175    -79.00000            0            0      0.00000 
  176    -80.00000            0            0      0.00000 
  177    -81.00000            0            0      0.00000 
  178    -82.00000            0            0      0.00000 
  179    -83.00000            0            0      0.00000 
  180    -84.00000            0            0      0.00000 
  181    -85.00000            0            0      0.00000 
  182    -86.00000            0            0      0.00000 
  183    -87.00000            0            0      0.00000 
  184    -88.00000            0            0      0.00000 
  185    -89.00000            0            0      0.00000 
  186    -90.00000            0            0      0.00000 
  187    -91.00000            0            0      0.00000 
  188    -92.00000            0            0      0.00000 
  189    -93.00000            0            0      0.00000 
  190    -94.00000            0            0      0.00000 
  191    -95.00000            0            0      0.00000 
  192    -96.00000            0            0      0.00000 
  193    -97.00000            0            0      0.00000 
  194    -98.00000            0            0      0.00000 
