# 3dSliceNDice -insetA 9m_4min_m4_binary+orig -insetB 9m_5min_m4_binary+orig -prefix 9m_4min_5min_m4
    0    -72.00000            0            0      0.00000 
    1    -71.00000            0            0      0.00000 
    2    -70.00000            0            0      0.00000 
    3    -69.00000            0            0      0.00000 
    4    -68.00000            0            0      0.00000 
    5    -67.00000            0            0      0.00000 
    6    -66.00000            0            0      0.00000 
    7    -65.00000            0            0      0.00000 
    8    -64.00000            0            0      0.00000 
    9    -63.00000            0            0      0.00000 
   10    -62.00000            0            0      0.00000 
   11    -61.00000            0            0      0.00000 
   12    -60.00000            0            0      0.00000 
   13    -59.00000            0            0      0.00000 
   14    -58.00000            0            0      0.00000 
   15    -57.00000            0            0      0.00000 
   16    -56.00000            0            0      0.00000 
   17    -55.00000            0            0      0.00000 
   18    -54.00000            0            0      0.00000 
   19    -53.00000            0            0      0.00000 
   20    -52.00000            0            0      0.00000 
   21    -51.00000            0            0      0.00000 
   22    -50.00000            0            0      0.00000 
   23    -49.00000            0            0      0.00000 
   24    -48.00000            0            0      0.00000 
   25    -47.00000            0            0      0.00000 
   26    -46.00000            0            0      0.00000 
   27    -45.00000            0            0      0.00000 
   28    -44.00000            0            0      0.00000 
   29    -43.00000            0            0      0.00000 
   30    -42.00000            0            0      0.00000 
   31    -41.00000            0            0      0.00000 
   32    -40.00000            0            0      0.00000 
   33    -39.00000            0            0      0.00000 
   34    -38.00000            0            0      0.00000 
   35    -37.00000            0            0      0.00000 
   36    -36.00000            0            0      0.00000 
   37    -35.00000            0            0      0.00000 
   38    -34.00000            0            0      0.00000 
   39    -33.00000            0            0      0.00000 
   40    -32.00000          330          326      0.92073 
   41    -31.00000          505          494      0.91692 
   42    -30.00000          612          602      0.91928 
   43    -29.00000          708          694      0.91869 
   44    -28.00000          797          764      0.91352 
   45    -27.00000          891          852      0.90878 
   46    -26.00000          954          946      0.90632 
   47    -25.00000         1040         1055      0.90406 
   48    -24.00000         1086         1125      0.90095 
   49    -23.00000         1128         1195      0.89798 
   50    -22.00000         1169         1275      0.89525 
   51    -21.00000         1226         1344      0.88949 
   52    -20.00000         1345         1476      0.88196 
   53    -19.00000         1412         1572      0.88271 
   54    -18.00000         1469         1657      0.88292 
   55    -17.00000         1491         1728      0.87978 
   56    -16.00000         1487         1762      0.87596 
   57    -15.00000         1467         1794      0.87090 
   58    -14.00000         1375         1751      0.86436 
   59    -13.00000         1293         1720      0.85164 
   60    -12.00000         1198         1599      0.84734 
   61    -11.00000         1136         1484      0.85496 
   62    -10.00000         1052         1335      0.86217 
   63     -9.00000          919         1125      0.87476 
   64     -8.00000          722          812      0.88657 
   65     -7.00000          336          205      0.75786 
   66     -6.00000          368          201      0.70650 
   67     -5.00000          389          198      0.67462 
   68     -4.00000          381          202      0.66552 
   69     -3.00000          369          207      0.61806 
   70     -2.00000          370          207      0.52340 
   71     -1.00000          359          201      0.45714 
   72      0.00000          348          194      0.37638 
   73      1.00000          318          180      0.27309 
   74      2.00000          282          168      0.12889 
   75      3.00000          251          146      0.00000 
   76      4.00000          242          121      0.00000 
   77      5.00000          232           94      0.00000 
   78      6.00000          214           62      0.00000 
   79      7.00000          198           24      0.00000 
   80      8.00000          168            0      0.00000 
   81      9.00000          141            0      0.00000 
   82     10.00000          112            0      0.00000 
   83     11.00000           75            0      0.00000 
   84     12.00000           32            0      0.00000 
   85     13.00000           96           92      0.38298 
   86     14.00000          264          226      0.51429 
   87     15.00000          410          344      0.57294 
   88     16.00000          520          434      0.59958 
   89     17.00000          618          512      0.62301 
   90     18.00000         1108          852      0.74490 
   91     19.00000         1417         1148      0.78207 
   92     20.00000         1638         1388      0.80701 
   93     21.00000         1792         1563      0.82444 
   94     22.00000         1913         1691      0.83463 
   95     23.00000         2117         1909      0.85395 
   96     24.00000         2271         2133      0.85786 
   97     25.00000         2437         2391      0.86288 
   98     26.00000         2542         2574      0.86708 
   99     27.00000         2632         2726      0.87010 
  100     28.00000         3025         3091      0.89143 
  101     29.00000         3354         3399      0.91811 
  102     30.00000         3629         3693      0.93499 
  103     31.00000         3802         3891      0.94657 
  104     32.00000         3927         4058      0.95755 
  105     33.00000         4090         4275      0.96736 
  106     34.00000         4227         4444      0.96898 
  107     35.00000         4456         4683      0.97122 
  108     36.00000         4620         4846      0.97042 
  109     37.00000         4765         4979      0.97167 
  110     38.00000         4909         5104      0.97333 
  111     39.00000         4956         5122      0.97579 
  112     40.00000         5021         5137      0.98031 
  113     41.00000         5019         5087      0.98001 
  114     42.00000         4973         5016      0.97868 
  115     43.00000         4871         4883      0.97827 
  116     44.00000         4701         4688      0.98136 
  117     45.00000         4515         4494      0.98213 
  118     46.00000         4334         4300      0.98263 
  119     47.00000         4111         4059      0.98433 
  120     48.00000         3821         3742      0.98215 
  121     49.00000         3444         3337      0.97950 
  122     50.00000         3114         2991      0.97625 
  123     51.00000         2680         2541      0.97338 
  124     52.00000         2228         2100      0.97043 
  125     53.00000         1788         1680      0.96886 
  126     54.00000         1294         1213      0.96769 
  127     55.00000          955          903      0.97201 
  128     56.00000          659          622      0.97112 
  129     57.00000          415          403      0.98533 
  130     58.00000          125          125      1.00000 
  131     59.00000            0            0      0.00000 
  132     60.00000            0            0      0.00000 
  133     61.00000            0            0      0.00000 
  134     62.00000            0            0      0.00000 
  135     63.00000            0            0      0.00000 
  136     64.00000            0            0      0.00000 
  137     65.00000            0            0      0.00000 
  138     66.00000            0            0      0.00000 
  139     67.00000            0            0      0.00000 
  140     68.00000            0            0      0.00000 
  141     69.00000            0            0      0.00000 
  142     70.00000            0            0      0.00000 
  143     71.00000            0            0      0.00000 
  144     72.00000            0            0      0.00000 
  145     73.00000            0            0      0.00000 
  146     74.00000            0            0      0.00000 
  147     75.00000            0            0      0.00000 
  148     76.00000            0            0      0.00000 
  149     77.00000            0            0      0.00000 
  150     78.00000            0            0      0.00000 
  151     79.00000            0            0      0.00000 
  152     80.00000            0            0      0.00000 
  153     81.00000            0            0      0.00000 
  154     82.00000            0            0      0.00000 
  155     83.00000            0            0      0.00000 
  156     84.00000            0            0      0.00000 
  157     85.00000            0            0      0.00000 
  158     86.00000            0            0      0.00000 
