# 3dSliceNDice -insetA 9m_4min_m1_binary+orig -insetB 9m_5min_m1_binary+orig -prefix 9m_4min_5min_m1
    0    134.00000            0            0      0.00000 
    1    133.00000            0            0      0.00000 
    2    132.00000            0            0      0.00000 
    3    131.00000            0            0      0.00000 
    4    130.00000            0            0      0.00000 
    5    129.00000            0            0      0.00000 
    6    128.00000            0            0      0.00000 
    7    127.00000            0            0      0.00000 
    8    126.00000            0            0      0.00000 
    9    125.00000            0            0      0.00000 
   10    124.00000            0            0      0.00000 
   11    123.00000            0            0      0.00000 
   12    122.00000            0            0      0.00000 
   13    121.00000            0            0      0.00000 
   14    120.00000            0            0      0.00000 
   15    119.00000            0            0      0.00000 
   16    118.00000            0            0      0.00000 
   17    117.00000            0            0      0.00000 
   18    116.00000            0            0      0.00000 
   19    115.00000            0            0      0.00000 
   20    114.00000            0            0      0.00000 
   21    113.00000            0            0      0.00000 
   22    112.00000            0            0      0.00000 
   23    111.00000            0            0      0.00000 
   24    110.00000            0            0      0.00000 
   25    109.00000            0            0      0.00000 
   26    108.00000            0            0      0.00000 
   27    107.00000            0            0      0.00000 
   28    106.00000            0            0      0.00000 
   29    105.00000            0            0      0.00000 
   30    104.00000            0            0      0.00000 
   31    103.00000            0            0      0.00000 
   32    102.00000            0            0      0.00000 
   33    101.00000            0            0      0.00000 
   34    100.00000            0            0      0.00000 
   35     99.00000            0            0      0.00000 
   36     98.00000            0            0      0.00000 
   37     97.00000            0            0      0.00000 
   38     96.00000            0            0      0.00000 
   39     95.00000            0            0      0.00000 
   40     94.00000            0            0      0.00000 
   41     93.00000            0            0      0.00000 
   42     92.00000            0            0      0.00000 
   43     91.00000            0            0      0.00000 
   44     90.00000            0            0      0.00000 
   45     89.00000            0            0      0.00000 
   46     88.00000            0            0      0.00000 
   47     87.00000            0            0      0.00000 
   48     86.00000            0            0      0.00000 
   49     85.00000            0            0      0.00000 
   50     84.00000           38           36      0.97297 
   51     83.00000          132          119      0.94821 
   52     82.00000          232          205      0.93822 
   53     81.00000          354          314      0.94012 
   54     80.00000          483          440      0.95341 
   55     79.00000          609          560      0.95808 
   56     78.00000          747          684      0.95597 
   57     77.00000          922          861      0.96018 
   58     76.00000         1132         1044      0.94853 
   59     75.00000         1374         1300      0.95064 
   60     74.00000         1627         1572      0.95967 
   61     73.00000         1895         1853      0.96478 
   62     72.00000         2223         2204      0.96905 
   63     71.00000         2468         2472      0.97166 
   64     70.00000         2750         2776      0.97430 
   65     69.00000         2936         2983      0.97753 
   66     68.00000         3099         3164      0.98196 
   67     67.00000         3268         3342      0.98185 
   68     66.00000         3408         3502      0.97916 
   69     65.00000         3530         3640      0.97741 
   70     64.00000         3623         3740      0.97352 
   71     63.00000         3730         3850      0.97045 
   72     62.00000         3769         3892      0.96750 
   73     61.00000         3819         3942      0.96560 
   74     60.00000         3820         3949      0.96357 
   75     59.00000         3717         3858      0.95974 
   76     58.00000         3606         3762      0.94843 
   77     57.00000         3346         3565      0.93243 
   78     56.00000         3219         3447      0.91839 
   79     55.00000         3040         3289      0.89904 
   80     54.00000         2735         2973      0.87421 
   81     53.00000         2368         2605      0.84496 
   82     52.00000         1979         2201      0.84354 
   83     51.00000         1793         2025      0.84495 
   84     50.00000         1561         1795      0.84625 
   85     49.00000         1233         1461      0.84336 
   86     48.00000          804          990      0.80045 
   87     47.00000          389          415      0.73632 
   88     46.00000          380          372      0.67553 
   89     45.00000          352          317      0.60987 
   90     44.00000          305          232      0.51397 
   91     43.00000          230          116      0.34682 
   92     42.00000          175           15      0.15789 
   93     41.00000          191           64      0.50196 
   94     40.00000          219          115      0.68862 
   95     39.00000          232          152      0.79167 
   96     38.00000          243          181      0.85377 
   97     37.00000          252          217      0.92537 
   98     36.00000          240          221      0.95879 
   99     35.00000          252          252      1.00000 
  100     34.00000          243          261      0.96429 
  101     33.00000          234          265      0.93788 
  102     32.00000          302          308      0.84590 
  103     31.00000          363          363      0.83196 
  104     30.00000          404          413      0.83231 
  105     29.00000          425          434      0.82654 
  106     28.00000          439          451      0.83371 
  107     27.00000          454          451      0.83978 
  108     26.00000          445          440      0.84294 
  109     25.00000          449          435      0.83937 
  110     24.00000          417          388      0.83975 
  111     23.00000          379          326      0.84539 
  112     22.00000          348          265      0.86460 
  113     21.00000          348          263      0.86088 
  114     20.00000          344          260      0.86093 
  115     19.00000          334          266      0.88667 
  116     18.00000          326          267      0.90051 
  117     17.00000          303          261      0.92553 
  118     16.00000          275          247      0.94636 
  119     15.00000          254          237      0.96538 
  120     14.00000          222          216      0.98630 
  121     13.00000          209          209      1.00000 
  122     12.00000          185          185      1.00000 
  123     11.00000          160          160      1.00000 
  124     10.00000          134          134      1.00000 
  125      9.00000           88           88      1.00000 
  126      8.00000           32           32      1.00000 
  127      7.00000            0            0      0.00000 
  128      6.00000            0            0      0.00000 
  129      5.00000            0            0      0.00000 
  130      4.00000            0            0      0.00000 
  131      3.00000            0            0      0.00000 
  132      2.00000          200          172      0.77419 
  133      1.00000          388          332      0.80000 
  134      0.00000          524          446      0.81649 
  135     -1.00000          624          530      0.82496 
  136     -2.00000          696          596      0.82972 
  137     -3.00000         1231         1116      0.83596 
  138     -4.00000         1707         1571      0.88164 
  139     -5.00000         2070         1903      0.90360 
  140     -6.00000         2310         2135      0.91069 
  141     -7.00000         2482         2307      0.91752 
  142     -8.00000         2678         2572      0.93752 
  143     -9.00000         2810         2743      0.95624 
  144    -10.00000         2972         2928      0.96576 
  145    -11.00000         3059         3022      0.97155 
  146    -12.00000         3128         3084      0.97585 
  147    -13.00000         3207         3162      0.98132 
  148    -14.00000         3209         3181      0.98310 
  149    -15.00000         3236         3226      0.98422 
  150    -16.00000         3223         3227      0.98109 
  151    -17.00000         3196         3212      0.97940 
  152    -18.00000         3173         3160      0.97047 
  153    -19.00000         3155         3090      0.96205 
  154    -20.00000         3201         3046      0.95630 
  155    -21.00000         3191         2986      0.94771 
  156    -22.00000         3188         2960      0.94079 
  157    -23.00000         3172         2966      0.93288 
  158    -24.00000         3161         2997      0.93342 
  159    -25.00000         3148         3000      0.92876 
  160    -26.00000         3058         2931      0.92002 
  161    -27.00000         2983         2850      0.91137 
  162    -28.00000         2862         2778      0.92305 
  163    -29.00000         2830         2764      0.93743 
  164    -30.00000         2824         2758      0.93981 
  165    -31.00000         2741         2663      0.93412 
  166    -32.00000         2648         2504      0.91576 
  167    -33.00000         2538         2387      0.90964 
  168    -34.00000         2476         2373      0.91813 
  169    -35.00000         2406         2361      0.93224 
  170    -36.00000         2296         2288      0.93717 
  171    -37.00000         2223         2252      0.93274 
  172    -38.00000         2181         2207      0.93528 
  173    -39.00000         2085         2108      0.94109 
  174    -40.00000         2040         2044      0.94809 
  175    -41.00000         1955         1936      0.95348 
  176    -42.00000         1878         1839      0.94700 
  177    -43.00000         1805         1754      0.94970 
  178    -44.00000         1739         1678      0.94586 
  179    -45.00000         1656         1589      0.94361 
  180    -46.00000         1547         1479      0.93655 
  181    -47.00000         1450         1384      0.92872 
  182    -48.00000         1290         1237      0.91413 
  183    -49.00000         1150         1108      0.89637 
  184    -50.00000          982          959      0.88408 
  185    -51.00000          776          765      0.87605 
  186    -52.00000          578          585      0.89768 
  187    -53.00000          369          403      0.95596 
  188    -54.00000          309          341      0.95077 
  189    -55.00000          247          274      0.94818 
  190    -56.00000          176          195      0.94879 
  191    -57.00000          105          118      0.94170 
  192    -58.00000           47           48      0.98947 
  193    -59.00000           17           17      1.00000 
  194    -60.00000            0            0      0.00000 
  195    -61.00000            0            0      0.00000 
  196    -62.00000            0            0      0.00000 
  197    -63.00000            0            0      0.00000 
  198    -64.00000            0            0      0.00000 
  199    -65.00000            0            0      0.00000 
  200    -66.00000            0            0      0.00000 
  201    -67.00000            0            0      0.00000 
  202    -68.00000            0            0      0.00000 
  203    -69.00000            0            0      0.00000 
  204    -70.00000            0            0      0.00000 
  205    -71.00000            0            0      0.00000 
  206    -72.00000            0            0      0.00000 
  207    -73.00000            0            0      0.00000 
  208    -74.00000            0            0      0.00000 
  209    -75.00000            0            0      0.00000 
  210    -76.00000            0            0      0.00000 
  211    -77.00000            0            0      0.00000 
  212    -78.00000            0            0      0.00000 
  213    -79.00000            0            0      0.00000 
  214    -80.00000            0            0      0.00000 
  215    -81.00000            0            0      0.00000 
  216    -82.00000            0            0      0.00000 
  217    -83.00000            0            0      0.00000 
  218    -84.00000            0            0      0.00000 
  219    -85.00000            0            0      0.00000 
  220    -86.00000            0            0      0.00000 
  221    -87.00000            0            0      0.00000 
  222    -88.00000            0            0      0.00000 
  223    -89.00000            0            0      0.00000 
  224    -90.00000            0            0      0.00000 
  225    -91.00000            0            0      0.00000 
  226    -92.00000            0            0      0.00000 
  227    -93.00000            0            0      0.00000 
  228    -94.00000            0            0      0.00000 
  229    -95.00000            0            0      0.00000 
  230    -96.00000            0            0      0.00000 
  231    -97.00000            0            0      0.00000 
  232    -98.00000            0            0      0.00000 
