# 3dSliceNDice -insetA 9m_4min_m5_binary+orig -insetB 9m_5min_m5_binary+orig -prefix 9m_4min_5min_m5
    0    134.00000            0            0      0.00000 
    1    133.00000            0            0      0.00000 
    2    132.00000            0            0      0.00000 
    3    131.00000            0            0      0.00000 
    4    130.00000            0            0      0.00000 
    5    129.00000            0            0      0.00000 
    6    128.00000            0            0      0.00000 
    7    127.00000            0            0      0.00000 
    8    126.00000            0            0      0.00000 
    9    125.00000            0            0      0.00000 
   10    124.00000            0            0      0.00000 
   11    123.00000            0            0      0.00000 
   12    122.00000            0            0      0.00000 
   13    121.00000            0            0      0.00000 
   14    120.00000            0            0      0.00000 
   15    119.00000            0            0      0.00000 
   16    118.00000            0            0      0.00000 
   17    117.00000            0            0      0.00000 
   18    116.00000            0            0      0.00000 
   19    115.00000            0            0      0.00000 
   20    114.00000            0            0      0.00000 
   21    113.00000            0            0      0.00000 
   22    112.00000            0            0      0.00000 
   23    111.00000            0            0      0.00000 
   24    110.00000            0            0      0.00000 
   25    109.00000            0            0      0.00000 
   26    108.00000            0            0      0.00000 
   27    107.00000            0            0      0.00000 
   28    106.00000            0            0      0.00000 
   29    105.00000            0            0      0.00000 
   30    104.00000            0            0      0.00000 
   31    103.00000            0            0      0.00000 
   32    102.00000            0            0      0.00000 
   33    101.00000            0            0      0.00000 
   34    100.00000            0            0      0.00000 
   35     99.00000            0            0      0.00000 
   36     98.00000            0            0      0.00000 
   37     97.00000            0            0      0.00000 
   38     96.00000            0            0      0.00000 
   39     95.00000            0            0      0.00000 
   40     94.00000            0            0      0.00000 
   41     93.00000            0            0      0.00000 
   42     92.00000            0            0      0.00000 
   43     91.00000            0            0      0.00000 
   44     90.00000            0            0      0.00000 
   45     89.00000            0            0      0.00000 
   46     88.00000            0            0      0.00000 
   47     87.00000            0            0      0.00000 
   48     86.00000            0            0      0.00000 
   49     85.00000            0            0      0.00000 
   50     84.00000            0            0      0.00000 
   51     83.00000            0            0      0.00000 
   52     82.00000            0            0      0.00000 
   53     81.00000            0            0      0.00000 
   54     80.00000            0            0      0.00000 
   55     79.00000            0            0      0.00000 
   56     78.00000            0            0      0.00000 
   57     77.00000            0            0      0.00000 
   58     76.00000            0            0      0.00000 
   59     75.00000            0            0      0.00000 
   60     74.00000            0            0      0.00000 
   61     73.00000            0            0      0.00000 
   62     72.00000           32           25      0.84211 
   63     71.00000           83           92      0.77714 
   64     70.00000          143          159      0.80132 
   65     69.00000          192          214      0.82759 
   66     68.00000          230          259      0.84254 
   67     67.00000          329          328      0.82192 
   68     66.00000          415          402      0.82252 
   69     65.00000          501          475      0.84631 
   70     64.00000          572          542      0.86894 
   71     63.00000          637          613      0.88960 
   72     62.00000          795          749      0.87824 
   73     61.00000          963          901      0.88090 
   74     60.00000         1139         1058      0.88757 
   75     59.00000         1287         1183      0.88421 
   76     58.00000         1404         1288      0.88930 
   77     57.00000         1670         1525      0.93646 
   78     56.00000         1854         1678      0.94281 
   79     55.00000         2022         1819      0.94507 
   80     54.00000         2141         1916      0.94257 
   81     53.00000         2241         2002      0.94273 
   82     52.00000         2355         2113      0.94405 
   83     51.00000         2450         2224      0.94480 
   84     50.00000         2562         2363      0.95147 
   85     49.00000         2652         2505      0.95753 
   86     48.00000         2762         2657      0.96438 
   87     47.00000         2867         2818      0.96922 
   88     46.00000         2929         2910      0.97208 
   89     45.00000         3016         3038      0.97093 
   90     44.00000         3041         3079      0.96601 
   91     43.00000         3085         3122      0.96633 
   92     42.00000         3112         3123      0.96391 
   93     41.00000         3108         3105      0.96250 
   94     40.00000         3153         3122      0.95968 
   95     39.00000         3128         3072      0.95677 
   96     38.00000         3128         3046      0.95368 
   97     37.00000         3090         3045      0.95159 
   98     36.00000         3010         2994      0.95070 
   99     35.00000         2951         2995      0.94786 
  100     34.00000         2845         2959      0.94555 
  101     33.00000         2730         2952      0.93418 
  102     32.00000         2901         3012      0.90682 
  103     31.00000         3108         3033      0.89627 
  104     30.00000         3250         3027      0.89087 
  105     29.00000         3329         2989      0.88541 
  106     28.00000         3355         2937      0.88017 
  107     27.00000         3350         3004      0.89739 
  108     26.00000         3287         2985      0.90753 
  109     25.00000         3235         2935      0.90438 
  110     24.00000         3090         2816      0.89401 
  111     23.00000         2931         2683      0.88814 
  112     22.00000         2802         2593      0.89750 
  113     21.00000         2710         2535      0.89113 
  114     20.00000         2585         2487      0.88920 
  115     19.00000         2479         2416      0.88662 
  116     18.00000         2437         2372      0.88043 
  117     17.00000         2385         2364      0.87682 
  118     16.00000         2330         2372      0.87665 
  119     15.00000         2291         2407      0.86718 
  120     14.00000         2228         2397      0.86184 
  121     13.00000         2166         2394      0.85614 
  122     12.00000         2115         2369      0.85549 
  123     11.00000         2062         2322      0.85447 
  124     10.00000         1983         2274      0.85459 
  125      9.00000         1842         2164      0.84873 
  126      8.00000         1704         2068      0.83351 
  127      7.00000         1546         1921      0.82031 
  128      6.00000         1437         1792      0.81078 
  129      5.00000         1381         1701      0.81181 
  130      4.00000         1262         1540      0.79586 
  131      3.00000         1139         1388      0.77641 
  132      2.00000         1016         1198      0.76603 
  133      1.00000          950         1085      0.76167 
  134      0.00000          880          960      0.75326 
  135     -1.00000          777          795      0.75191 
  136     -2.00000          678          635      0.74334 
  137     -3.00000          577          504      0.73821 
  138     -4.00000          518          474      0.75605 
  139     -5.00000          451          438      0.74466 
  140     -6.00000          353          379      0.72131 
  141     -7.00000          236          292      0.65909 
  142     -8.00000          122          227      0.69341 
  143     -9.00000          101          237      0.59763 
  144    -10.00000           77          249      0.47239 
  145    -11.00000           44          242      0.30769 
  146    -12.00000           10          229      0.08368 
  147    -13.00000            0          206      0.00000 
  148    -14.00000            0          190      0.00000 
  149    -15.00000            0          185      0.00000 
  150    -16.00000            0          179      0.00000 
  151    -17.00000            0          162      0.00000 
  152    -18.00000            0          136      0.00000 
  153    -19.00000            0          112      0.00000 
  154    -20.00000            0           92      0.00000 
  155    -21.00000            0           61      0.00000 
  156    -22.00000            0           27      0.00000 
  157    -23.00000            0            0      0.00000 
  158    -24.00000            0            0      0.00000 
  159    -25.00000            0            0      0.00000 
  160    -26.00000            0            0      0.00000 
  161    -27.00000            0            0      0.00000 
  162    -28.00000            0            0      0.00000 
  163    -29.00000            0            0      0.00000 
  164    -30.00000            0            0      0.00000 
  165    -31.00000            0            0      0.00000 
  166    -32.00000            0            0      0.00000 
  167    -33.00000            0            0      0.00000 
  168    -34.00000            0            0      0.00000 
  169    -35.00000            0            0      0.00000 
  170    -36.00000            0            0      0.00000 
  171    -37.00000            0            0      0.00000 
  172    -38.00000            0            0      0.00000 
  173    -39.00000            0            0      0.00000 
  174    -40.00000            0            0      0.00000 
  175    -41.00000            0            0      0.00000 
  176    -42.00000            0            0      0.00000 
  177    -43.00000            0            0      0.00000 
  178    -44.00000            0            0      0.00000 
  179    -45.00000            0            0      0.00000 
  180    -46.00000            0            0      0.00000 
  181    -47.00000            0            0      0.00000 
  182    -48.00000            0            0      0.00000 
  183    -49.00000            0            0      0.00000 
  184    -50.00000            0            0      0.00000 
  185    -51.00000            0            0      0.00000 
  186    -52.00000            0            0      0.00000 
  187    -53.00000            0            0      0.00000 
  188    -54.00000            0            0      0.00000 
  189    -55.00000            0            0      0.00000 
  190    -56.00000            0            0      0.00000 
  191    -57.00000            0            0      0.00000 
  192    -58.00000            0            0      0.00000 
  193    -59.00000            0            0      0.00000 
  194    -60.00000            0            0      0.00000 
  195    -61.00000            0            0      0.00000 
  196    -62.00000            0            0      0.00000 
  197    -63.00000            0            0      0.00000 
  198    -64.00000            0            0      0.00000 
  199    -65.00000            0            0      0.00000 
  200    -66.00000            0            0      0.00000 
  201    -67.00000            0            0      0.00000 
  202    -68.00000            0            0      0.00000 
  203    -69.00000            0            0      0.00000 
  204    -70.00000            0            0      0.00000 
  205    -71.00000            0            0      0.00000 
  206    -72.00000            0            0      0.00000 
  207    -73.00000            0            0      0.00000 
  208    -74.00000            0            0      0.00000 
  209    -75.00000            0            0      0.00000 
  210    -76.00000            0            0      0.00000 
  211    -77.00000            0            0      0.00000 
  212    -78.00000            0            0      0.00000 
  213    -79.00000            0            0      0.00000 
  214    -80.00000            0            0      0.00000 
  215    -81.00000            0            0      0.00000 
  216    -82.00000            0            0      0.00000 
  217    -83.00000            0            0      0.00000 
  218    -84.00000            0            0      0.00000 
  219    -85.00000            0            0      0.00000 
  220    -86.00000            0            0      0.00000 
  221    -87.00000            0            0      0.00000 
  222    -88.00000            0            0      0.00000 
  223    -89.00000            0            0      0.00000 
  224    -90.00000            0            0      0.00000 
  225    -91.00000            0            0      0.00000 
  226    -92.00000            0            0      0.00000 
  227    -93.00000            0            0      0.00000 
  228    -94.00000            0            0      0.00000 
  229    -95.00000            0            0      0.00000 
  230    -96.00000            0            0      0.00000 
  231    -97.00000            0            0      0.00000 
  232    -98.00000            0            0      0.00000 
