# 3dSliceNDice -insetA 9m_4min_m3_binary+orig -insetB 9m_5min_m3_binary+orig -prefix 9m_4min_5min_m3
    0    134.00000            0            0      0.00000 
    1    133.00000            0            0      0.00000 
    2    132.00000            0            0      0.00000 
    3    131.00000            0            0      0.00000 
    4    130.00000            0            0      0.00000 
    5    129.00000            0            0      0.00000 
    6    128.00000            0            0      0.00000 
    7    127.00000            0            0      0.00000 
    8    126.00000            0            0      0.00000 
    9    125.00000            0            0      0.00000 
   10    124.00000            0            0      0.00000 
   11    123.00000            0            0      0.00000 
   12    122.00000            0            0      0.00000 
   13    121.00000            0            0      0.00000 
   14    120.00000            0            0      0.00000 
   15    119.00000            0            0      0.00000 
   16    118.00000            0            0      0.00000 
   17    117.00000            0            0      0.00000 
   18    116.00000            0            0      0.00000 
   19    115.00000            0            0      0.00000 
   20    114.00000            0            0      0.00000 
   21    113.00000            0            0      0.00000 
   22    112.00000            0            0      0.00000 
   23    111.00000            0            0      0.00000 
   24    110.00000            0            0      0.00000 
   25    109.00000            0            0      0.00000 
   26    108.00000            0            0      0.00000 
   27    107.00000            0            0      0.00000 
   28    106.00000            0            0      0.00000 
   29    105.00000            0            0      0.00000 
   30    104.00000            0            0      0.00000 
   31    103.00000            0            0      0.00000 
   32    102.00000            0            0      0.00000 
   33    101.00000            0            0      0.00000 
   34    100.00000            0            0      0.00000 
   35     99.00000            0            0      0.00000 
   36     98.00000            0            0      0.00000 
   37     97.00000            0            0      0.00000 
   38     96.00000            0            0      0.00000 
   39     95.00000            0            0      0.00000 
   40     94.00000            0            0      0.00000 
   41     93.00000            0            0      0.00000 
   42     92.00000            0            0      0.00000 
   43     91.00000            0            0      0.00000 
   44     90.00000            0            0      0.00000 
   45     89.00000            0            0      0.00000 
   46     88.00000            0            0      0.00000 
   47     87.00000            0            0      0.00000 
   48     86.00000            0            0      0.00000 
   49     85.00000            0            0      0.00000 
   50     84.00000            0            0      0.00000 
   51     83.00000            0            0      0.00000 
   52     82.00000            0            0      0.00000 
   53     81.00000            0            0      0.00000 
   54     80.00000            0            0      0.00000 
   55     79.00000            0            0      0.00000 
   56     78.00000            0            0      0.00000 
   57     77.00000            0            0      0.00000 
   58     76.00000            0            0      0.00000 
   59     75.00000            0            0      0.00000 
   60     74.00000            0            0      0.00000 
   61     73.00000            0            0      0.00000 
   62     72.00000           10           10      1.00000 
   63     71.00000           40           39      0.98734 
   64     70.00000           98           88      0.89247 
   65     69.00000          150          130      0.87857 
   66     68.00000          191          169      0.86667 
   67     67.00000          332          232      0.71631 
   68     66.00000          498          321      0.65934 
   69     65.00000          665          421      0.67035 
   70     64.00000          821          528      0.69830 
   71     63.00000          962          621      0.72015 
   72     62.00000         1109          828      0.80640 
   73     61.00000         1197          996      0.86913 
   74     60.00000         1325         1156      0.89964 
   75     59.00000         1393         1250      0.91865 
   76     58.00000         1451         1323      0.93295 
   77     57.00000         1517         1406      0.94902 
   78     56.00000         1561         1454      0.95323 
   79     55.00000         1631         1517      0.95680 
   80     54.00000         1697         1565      0.94421 
   81     53.00000         1754         1615      0.93796 
   82     52.00000         1938         1732      0.91063 
   83     51.00000         2067         1857      0.90214 
   84     50.00000         2165         1977      0.89474 
   85     49.00000         2208         2034      0.88590 
   86     48.00000         2277         2087      0.87351 
   87     47.00000         2371         2212      0.84704 
   88     46.00000         2495         2383      0.83764 
   89     45.00000         2592         2509      0.84728 
   90     44.00000         2604         2519      0.85106 
   91     43.00000         2575         2423      0.83874 
   92     42.00000         2543         2296      0.84150 
   93     41.00000         2633         2398      0.87179 
   94     40.00000         2729         2538      0.89577 
   95     39.00000         2743         2639      0.91527 
   96     38.00000         2741         2734      0.93662 
   97     37.00000         2744         2826      0.95368 
   98     36.00000         2774         2861      0.95794 
   99     35.00000         2822         2930      0.96210 
  100     34.00000         2832         2938      0.96222 
  101     33.00000         2870         2968      0.96369 
  102     32.00000         2883         2981      0.96487 
  103     31.00000         2844         2945      0.96390 
  104     30.00000         2845         2943      0.96061 
  105     29.00000         2838         2925      0.95610 
  106     28.00000         2836         2910      0.95371 
  107     27.00000         2799         2852      0.95240 
  108     26.00000         2733         2769      0.95238 
  109     25.00000         2681         2703      0.95245 
  110     24.00000         2621         2607      0.95486 
  111     23.00000         2557         2521      0.95589 
  112     22.00000         2489         2427      0.95769 
  113     21.00000         2399         2320      0.95868 
  114     20.00000         2282         2178      0.96099 
  115     19.00000         2170         2059      0.96571 
  116     18.00000         2085         1996      0.96839 
  117     17.00000         2061         1957      0.95072 
  118     16.00000         2071         1953      0.93887 
  119     15.00000         2073         1935      0.93613 
  120     14.00000         2060         1879      0.93019 
  121     13.00000         2070         1851      0.92476 
  122     12.00000         2168         1861      0.90593 
  123     11.00000         2216         1876      0.89834 
  124     10.00000         2223         1856      0.89287 
  125      9.00000         2145         1783      0.89155 
  126      8.00000         2053         1715      0.88960 
  127      7.00000         1917         1611      0.89399 
  128      6.00000         1755         1469      0.89144 
  129      5.00000         1655         1390      0.89261 
  130      4.00000         1504         1251      0.88929 
  131      3.00000         1329         1057      0.86756 
  132      2.00000         1160          924      0.88676 
  133      1.00000         1073          856      0.88751 
  134      0.00000          977          785      0.89103 
  135     -1.00000          866          683      0.87799 
  136     -2.00000          737          560      0.86045 
  137     -3.00000          690          595      0.87938 
  138     -4.00000          783          718      0.89274 
  139     -5.00000          841          778      0.89067 
  140     -6.00000          857          798      0.88943 
  141     -7.00000          867          813      0.88690 
  142     -8.00000          859          813      0.89234 
  143     -9.00000          827          787      0.89963 
  144    -10.00000          801          767      0.91582 
  145    -11.00000          748          738      0.94482 
  146    -12.00000          713          722      0.96725 
  147    -13.00000          710          727      0.98817 
  148    -14.00000          698          707      0.99359 
  149    -15.00000          696          696      1.00000 
  150    -16.00000          692          692      1.00000 
  151    -17.00000          692          692      1.00000 
  152    -18.00000          684          684      1.00000 
  153    -19.00000          656          656      1.00000 
  154    -20.00000          629          629      1.00000 
  155    -21.00000          588          593      0.99069 
  156    -22.00000          554          565      0.98481 
  157    -23.00000          500          546      0.94455 
  158    -24.00000          456          558      0.88166 
  159    -25.00000          399          554      0.81007 
  160    -26.00000          322          511      0.73950 
  161    -27.00000          245          437      0.63930 
  162    -28.00000          148          362      0.50588 
  163    -29.00000          117          337      0.44493 
  164    -30.00000           77          300      0.35013 
  165    -31.00000           36          256      0.20548 
  166    -32.00000            1          202      0.00985 
  167    -33.00000            0          196      0.00000 
  168    -34.00000            0          179      0.00000 
  169    -35.00000            0          168      0.00000 
  170    -36.00000            0          140      0.00000 
  171    -37.00000            0          112      0.00000 
  172    -38.00000            0           81      0.00000 
  173    -39.00000            0           54      0.00000 
  174    -40.00000            0           33      0.00000 
  175    -41.00000            0           12      0.00000 
  176    -42.00000            0            0      0.00000 
  177    -43.00000            0            0      0.00000 
  178    -44.00000            0            0      0.00000 
  179    -45.00000            0            0      0.00000 
  180    -46.00000            0            0      0.00000 
  181    -47.00000            0            0      0.00000 
  182    -48.00000            0            0      0.00000 
  183    -49.00000            0            0      0.00000 
  184    -50.00000            0            0      0.00000 
  185    -51.00000            0            0      0.00000 
  186    -52.00000            0            0      0.00000 
  187    -53.00000            0            0      0.00000 
  188    -54.00000            0            0      0.00000 
  189    -55.00000            0            0      0.00000 
  190    -56.00000            0            0      0.00000 
  191    -57.00000            0            0      0.00000 
  192    -58.00000            0            0      0.00000 
  193    -59.00000            0            0      0.00000 
  194    -60.00000            0            0      0.00000 
  195    -61.00000            0            0      0.00000 
  196    -62.00000            0            0      0.00000 
  197    -63.00000            0            0      0.00000 
  198    -64.00000            0            0      0.00000 
  199    -65.00000            0            0      0.00000 
  200    -66.00000            0            0      0.00000 
  201    -67.00000            0            0      0.00000 
  202    -68.00000            0            0      0.00000 
  203    -69.00000            0            0      0.00000 
  204    -70.00000            0            0      0.00000 
  205    -71.00000            0            0      0.00000 
  206    -72.00000            0            0      0.00000 
  207    -73.00000            0            0      0.00000 
  208    -74.00000            0            0      0.00000 
  209    -75.00000            0            0      0.00000 
  210    -76.00000            0            0      0.00000 
  211    -77.00000            0            0      0.00000 
  212    -78.00000            0            0      0.00000 
  213    -79.00000            0            0      0.00000 
  214    -80.00000            0            0      0.00000 
  215    -81.00000            0            0      0.00000 
  216    -82.00000            0            0      0.00000 
  217    -83.00000            0            0      0.00000 
  218    -84.00000            0            0      0.00000 
  219    -85.00000            0            0      0.00000 
  220    -86.00000            0            0      0.00000 
  221    -87.00000            0            0      0.00000 
  222    -88.00000            0            0      0.00000 
  223    -89.00000            0            0      0.00000 
  224    -90.00000            0            0      0.00000 
  225    -91.00000            0            0      0.00000 
  226    -92.00000            0            0      0.00000 
  227    -93.00000            0            0      0.00000 
  228    -94.00000            0            0      0.00000 
  229    -95.00000            0            0      0.00000 
  230    -96.00000            0            0      0.00000 
  231    -97.00000            0            0      0.00000 
  232    -98.00000            0            0      0.00000 
