# 3dSliceNDice -insetA 9m_4min_m5_binary+orig -insetB 9m_5min_m5_binary+orig -prefix 9m_4min_5min_m5
    0    -72.00000            0            0      0.00000 
    1    -71.00000            0            0      0.00000 
    2    -70.00000            0            0      0.00000 
    3    -69.00000            0            0      0.00000 
    4    -68.00000            0            0      0.00000 
    5    -67.00000            0            0      0.00000 
    6    -66.00000            0            0      0.00000 
    7    -65.00000            0            0      0.00000 
    8    -64.00000            0            0      0.00000 
    9    -63.00000            0            0      0.00000 
   10    -62.00000            0            0      0.00000 
   11    -61.00000            0            0      0.00000 
   12    -60.00000            0            0      0.00000 
   13    -59.00000            0            0      0.00000 
   14    -58.00000            0            0      0.00000 
   15    -57.00000            0            0      0.00000 
   16    -56.00000            0            0      0.00000 
   17    -55.00000            0            0      0.00000 
   18    -54.00000            0            0      0.00000 
   19    -53.00000            0            0      0.00000 
   20    -52.00000            0            0      0.00000 
   21    -51.00000            6            6      1.00000 
   22    -50.00000          137          137      1.00000 
   23    -49.00000          681          681      1.00000 
   24    -48.00000         1101         1101      1.00000 
   25    -47.00000         1342         1342      1.00000 
   26    -46.00000         1600         1598      0.99937 
   27    -45.00000         1859         1840      0.99324 
   28    -44.00000         2068         2042      0.98978 
   29    -43.00000         2277         2243      0.98540 
   30    -42.00000         2434         2412      0.98349 
   31    -41.00000         2540         2527      0.98244 
   32    -40.00000         2641         2631      0.98293 
   33    -39.00000         2717         2704      0.98616 
   34    -38.00000         2777         2771      0.98486 
   35    -37.00000         2824         2815      0.98776 
   36    -36.00000         2888         2875      0.98907 
   37    -35.00000         2933         2900      0.98817 
   38    -34.00000         2947         2894      0.98682 
   39    -33.00000         2982         2891      0.98314 
   40    -32.00000         2978         2867      0.98033 
   41    -31.00000         2960         2835      0.97705 
   42    -30.00000         2910         2771      0.97412 
   43    -29.00000         2830         2668      0.96835 
   44    -28.00000         2752         2588      0.95955 
   45    -27.00000         2629         2486      0.94272 
   46    -26.00000         2620         2495      0.93607 
   47    -25.00000         2512         2420      0.93025 
   48    -24.00000         2309         2262      0.92409 
   49    -23.00000         1973         2016      0.91853 
   50    -22.00000         1471         1743      0.89981 
   51    -21.00000         1376         1643      0.89500 
   52    -20.00000         1237         1506      0.88370 
   53    -19.00000         1034         1309      0.86129 
   54    -18.00000          688          979      0.79664 
   55    -17.00000            0          296      0.00000 
   56    -16.00000            0          254      0.00000 
   57    -15.00000            0          204      0.00000 
   58    -14.00000            0          138      0.00000 
   59    -13.00000            0           60      0.00000 
   60    -12.00000            0            0      0.00000 
   61    -11.00000            0            0      0.00000 
   62    -10.00000            0            0      0.00000 
   63     -9.00000            0            0      0.00000 
   64     -8.00000            0            0      0.00000 
   65     -7.00000            0            0      0.00000 
   66     -6.00000            0            0      0.00000 
   67     -5.00000            0            0      0.00000 
   68     -4.00000            0            0      0.00000 
   69     -3.00000            0            0      0.00000 
   70     -2.00000           60           60      0.53333 
   71     -1.00000          138          138      0.65942 
   72      0.00000          204          204      0.72059 
   73      1.00000          254          254      0.74803 
   74      2.00000          296          296      0.76351 
   75      3.00000          412          401      0.76999 
   76      4.00000          548          554      0.70599 
   77      5.00000          679          728      0.69083 
   78      6.00000          778          865      0.69264 
   79      7.00000          863          990      0.69617 
   80      8.00000         1169         1303      0.71521 
   81      9.00000         1501         1685      0.75769 
   82     10.00000         1793         2029      0.79435 
   83     11.00000         1977         2250      0.81524 
   84     12.00000         2130         2432      0.83253 
   85     13.00000         2367         2643      0.86108 
   86     14.00000         2550         2740      0.87524 
   87     15.00000         2749         2878      0.88075 
   88     16.00000         2898         2958      0.88559 
   89     17.00000         3027         3025      0.88962 
   90     18.00000         3131         3102      0.89363 
   91     19.00000         3165         3148      0.89149 
   92     20.00000         3221         3202      0.89429 
   93     21.00000         3204         3197      0.89267 
   94     22.00000         3209         3199      0.89451 
   95     23.00000         3168         3174      0.88994 
   96     24.00000         3096         3129      0.88353 
   97     25.00000         3025         3078      0.87531 
   98     26.00000         2906         2936      0.85758 
   99     27.00000         2815         2820      0.84401 
  100     28.00000         2752         2678      0.82136 
  101     29.00000         2692         2573      0.81026 
  102     30.00000         2586         2430      0.79984 
  103     31.00000         2368         2185      0.78937 
  104     32.00000         2126         1913      0.78287 
  105     33.00000         1824         1626      0.80638 
  106     34.00000         1728         1531      0.81927 
  107     35.00000         1627         1435      0.83736 
  108     36.00000         1454         1263      0.85609 
  109     37.00000         1244         1025      0.86646 
  110     38.00000         1057          754      0.83269 
  111     39.00000         1007          725      0.83718 
  112     40.00000          951          701      0.84867 
  113     41.00000          838          665      0.85828 
  114     42.00000          680          620      0.90308 
  115     43.00000          539          574      0.93441 
  116     44.00000          473          531      0.92430 
  117     45.00000          412          494      0.90949 
  118     46.00000          338          437      0.87226 
  119     47.00000          283          387      0.84478 
  120     48.00000          244          342      0.83276 
  121     49.00000          207          297      0.82143 
  122     50.00000          158          234      0.80612 
  123     51.00000           96          154      0.76800 
  124     52.00000           58           87      0.80000 
  125     53.00000           24           29      0.90566 
  126     54.00000            2            3      0.80000 
  127     55.00000            0            0      0.00000 
  128     56.00000            0            0      0.00000 
  129     57.00000            0            0      0.00000 
  130     58.00000            0            0      0.00000 
  131     59.00000            0            0      0.00000 
  132     60.00000            0            0      0.00000 
  133     61.00000            0            0      0.00000 
  134     62.00000            0            0      0.00000 
  135     63.00000            0            0      0.00000 
  136     64.00000            0            0      0.00000 
  137     65.00000            0            0      0.00000 
  138     66.00000            0            0      0.00000 
  139     67.00000            0            0      0.00000 
  140     68.00000            0            0      0.00000 
  141     69.00000            0            0      0.00000 
  142     70.00000            0            0      0.00000 
  143     71.00000            0            0      0.00000 
  144     72.00000            0            0      0.00000 
  145     73.00000            0            0      0.00000 
  146     74.00000            0            0      0.00000 
  147     75.00000            0            0      0.00000 
  148     76.00000            0            0      0.00000 
  149     77.00000            0            0      0.00000 
  150     78.00000            0            0      0.00000 
  151     79.00000            0            0      0.00000 
  152     80.00000            0            0      0.00000 
  153     81.00000            0            0      0.00000 
  154     82.00000            0            0      0.00000 
  155     83.00000            0            0      0.00000 
  156     84.00000            0            0      0.00000 
  157     85.00000            0            0      0.00000 
  158     86.00000            0            0      0.00000 
