# 3dSliceNDice -insetA 9m_4min_m2_binary+orig -insetB 9m_5min_m2_binary+orig -prefix 9m_4min_5min_m2
    0    -72.00000            0            0      0.00000 
    1    -71.00000            0            0      0.00000 
    2    -70.00000            0            0      0.00000 
    3    -69.00000            0            0      0.00000 
    4    -68.00000            0            0      0.00000 
    5    -67.00000            0            0      0.00000 
    6    -66.00000            0            0      0.00000 
    7    -65.00000            0            0      0.00000 
    8    -64.00000            0            0      0.00000 
    9    -63.00000            0            0      0.00000 
   10    -62.00000            0            0      0.00000 
   11    -61.00000            0            0      0.00000 
   12    -60.00000            0            0      0.00000 
   13    -59.00000            0            0      0.00000 
   14    -58.00000            0            0      0.00000 
   15    -57.00000            0            0      0.00000 
   16    -56.00000            0            0      0.00000 
   17    -55.00000            0            0      0.00000 
   18    -54.00000            0            0      0.00000 
   19    -53.00000            0            0      0.00000 
   20    -52.00000            0            0      0.00000 
   21    -51.00000            6            6      1.00000 
   22    -50.00000          137          137      1.00000 
   23    -49.00000          681          681      1.00000 
   24    -48.00000         1101         1101      1.00000 
   25    -47.00000         1342         1342      1.00000 
   26    -46.00000         1595         1600      0.99844 
   27    -45.00000         1834         1862      0.99242 
   28    -44.00000         2023         2076      0.98707 
   29    -43.00000         2208         2287      0.98020 
   30    -42.00000         2355         2464      0.97448 
   31    -41.00000         2461         2583      0.97066 
   32    -40.00000         2560         2684      0.96911 
   33    -39.00000         2624         2738      0.96904 
   34    -38.00000         2691         2789      0.96569 
   35    -37.00000         2721         2805      0.96526 
   36    -36.00000         2775         2829      0.96395 
   37    -35.00000         2797         2826      0.96248 
   38    -34.00000         2786         2795      0.96291 
   39    -33.00000         2805         2781      0.96813 
   40    -32.00000         2818         2741      0.96348 
   41    -31.00000         2814         2697      0.95954 
   42    -30.00000         2795         2628      0.95408 
   43    -29.00000         2760         2524      0.94209 
   44    -28.00000         2760         2519      0.93654 
   45    -27.00000         2721         2542      0.94167 
   46    -26.00000         2737         2587      0.94290 
   47    -25.00000         2668         2556      0.94487 
   48    -24.00000         2542         2452      0.94433 
   49    -23.00000         2411         2363      0.94931 
   50    -22.00000         2279         2267      0.95249 
   51    -21.00000         2209         2193      0.94775 
   52    -20.00000         2120         2098      0.94358 
   53    -19.00000         1994         1982      0.93410 
   54    -18.00000         1882         1864      0.91938 
   55    -17.00000         1763         1773      0.91233 
   56    -16.00000         1675         1748      0.89980 
   57    -15.00000         1592         1740      0.88956 
   58    -14.00000         1464         1716      0.87107 
   59    -13.00000         1285         1659      0.85462 
   60    -12.00000         1099         1569      0.82159 
   61    -11.00000         1048         1514      0.81265 
   62    -10.00000          974         1453      0.79028 
   63     -9.00000          864         1342      0.75975 
   64     -8.00000          745         1156      0.69648 
   65     -7.00000          664          852      0.55145 
   66     -6.00000          653          833      0.56931 
   67     -5.00000          626          797      0.58609 
   68     -4.00000          560          719      0.59578 
   69     -3.00000          455          578      0.68151 
   70     -2.00000          485          530      0.81379 
   71     -1.00000          628          651      0.82877 
   72      0.00000          747          752      0.83656 
   73      1.00000          821          814      0.84281 
   74      2.00000          879          870      0.84963 
   75      3.00000          990          947      0.86732 
   76      4.00000         1083          998      0.88419 
   77      5.00000         1162         1047      0.88456 
   78      6.00000         1199         1059      0.88397 
   79      7.00000         1223         1071      0.87620 
   80      8.00000         1288         1103      0.86240 
   81      9.00000         1338         1133      0.86443 
   82     10.00000         1398         1167      0.86940 
   83     11.00000         1401         1157      0.87725 
   84     12.00000         1393         1146      0.88696 
   85     13.00000         1392         1116      0.88995 
   86     14.00000         1367         1083      0.88408 
   87     15.00000         1332         1036      0.87500 
   88     16.00000         1263          936      0.85130 
   89     17.00000         1189          843      0.82972 
   90     18.00000         1092          725      0.79802 
   91     19.00000         1007          667      0.79689 
   92     20.00000          917          596      0.78784 
   93     21.00000          790          491      0.76659 
   94     22.00000          637          337      0.69199 
   95     23.00000          396          150      0.54945 
   96     24.00000          329          124      0.54746 
   97     25.00000          257           98      0.55211 
   98     26.00000          165           67      0.57759 
   99     27.00000           62           29      0.63736 
  100     28.00000            0            0      0.00000 
  101     29.00000            0            0      0.00000 
  102     30.00000            0            0      0.00000 
  103     31.00000            0            0      0.00000 
  104     32.00000            0            0      0.00000 
  105     33.00000           32            0      0.00000 
  106     34.00000           88            0      0.00000 
  107     35.00000          140            0      0.00000 
  108     36.00000          180            0      0.00000 
  109     37.00000          216            0      0.00000 
  110     38.00000          256            0      0.00000 
  111     39.00000          274            0      0.00000 
  112     40.00000          280            0      0.00000 
  113     41.00000          265            0      0.00000 
  114     42.00000          247            0      0.00000 
  115     43.00000          207            0      0.00000 
  116     44.00000          167            0      0.00000 
  117     45.00000          136            0      0.00000 
  118     46.00000           89            0      0.00000 
  119     47.00000           40            0      0.00000 
  120     48.00000           15            0      0.00000 
  121     49.00000            0            0      0.00000 
  122     50.00000            0            0      0.00000 
  123     51.00000            0            0      0.00000 
  124     52.00000            0            0      0.00000 
  125     53.00000            0            0      0.00000 
  126     54.00000            0            0      0.00000 
  127     55.00000            0            0      0.00000 
  128     56.00000            0            0      0.00000 
  129     57.00000            0            0      0.00000 
  130     58.00000            0            0      0.00000 
  131     59.00000            0            0      0.00000 
  132     60.00000            0            0      0.00000 
  133     61.00000            0            0      0.00000 
  134     62.00000            0            0      0.00000 
  135     63.00000            0            0      0.00000 
  136     64.00000            0            0      0.00000 
  137     65.00000            0            0      0.00000 
  138     66.00000            0            0      0.00000 
  139     67.00000            0            0      0.00000 
  140     68.00000            0            0      0.00000 
  141     69.00000            0            0      0.00000 
  142     70.00000            0            0      0.00000 
  143     71.00000            0            0      0.00000 
  144     72.00000            0            0      0.00000 
  145     73.00000            0            0      0.00000 
  146     74.00000            0            0      0.00000 
  147     75.00000            0            0      0.00000 
  148     76.00000            0            0      0.00000 
  149     77.00000            0            0      0.00000 
  150     78.00000            0            0      0.00000 
  151     79.00000            0            0      0.00000 
  152     80.00000            0            0      0.00000 
  153     81.00000            0            0      0.00000 
  154     82.00000            0            0      0.00000 
  155     83.00000            0            0      0.00000 
  156     84.00000            0            0      0.00000 
  157     85.00000            0            0      0.00000 
  158     86.00000            0            0      0.00000 
