# 3dSliceNDice -insetA 9m_4min_m1_binary+orig -insetB 9m_5min_m1_binary+orig -prefix 9m_4min_5min_m1
    0     96.00000            0            0      0.00000 
    1     95.00000            0            0      0.00000 
    2     94.00000            0            0      0.00000 
    3     93.00000            0            0      0.00000 
    4     92.00000            0            0      0.00000 
    5     91.00000            0            0      0.00000 
    6     90.00000            0            0      0.00000 
    7     89.00000            0            0      0.00000 
    8     88.00000            0            0      0.00000 
    9     87.00000            0            0      0.00000 
   10     86.00000            0            0      0.00000 
   11     85.00000            0            0      0.00000 
   12     84.00000            0            0      0.00000 
   13     83.00000            0            0      0.00000 
   14     82.00000            0            0      0.00000 
   15     81.00000            0            0      0.00000 
   16     80.00000            0            0      0.00000 
   17     79.00000            0            0      0.00000 
   18     78.00000            0            0      0.00000 
   19     77.00000            0            0      0.00000 
   20     76.00000            0            0      0.00000 
   21     75.00000            0            0      0.00000 
   22     74.00000            0            0      0.00000 
   23     73.00000            0            0      0.00000 
   24     72.00000            0            0      0.00000 
   25     71.00000            0            0      0.00000 
   26     70.00000            0            0      0.00000 
   27     69.00000            0            0      0.00000 
   28     68.00000            0            0      0.00000 
   29     67.00000            0            0      0.00000 
   30     66.00000            0            0      0.00000 
   31     65.00000            0            0      0.00000 
   32     64.00000            0            0      0.00000 
   33     63.00000            0            0      0.00000 
   34     62.00000            0            0      0.00000 
   35     61.00000            0            0      0.00000 
   36     60.00000            0            0      0.00000 
   37     59.00000            0            0      0.00000 
   38     58.00000            0            0      0.00000 
   39     57.00000            0            0      0.00000 
   40     56.00000            0            0      0.00000 
   41     55.00000            8            8      1.00000 
   42     54.00000           17           17      1.00000 
   43     53.00000           48           48      1.00000 
   44     52.00000           85           85      1.00000 
   45     51.00000          114          114      1.00000 
   46     50.00000          147          152      0.96990 
   47     49.00000          175          215      0.86154 
   48     48.00000          201          286      0.77618 
   49     47.00000          223          349      0.70979 
   50     46.00000          240          398      0.67085 
   51     45.00000          283          480      0.65531 
   52     44.00000          364          584      0.63291 
   53     43.00000          470          713      0.66779 
   54     42.00000          635          867      0.73369 
   55     41.00000          850         1049      0.78989 
   56     40.00000         1003         1213      0.81679 
   57     39.00000         1074         1280      0.83517 
   58     38.00000         1172         1382      0.84652 
   59     37.00000         1338         1461      0.87746 
   60     36.00000         1492         1526      0.88602 
   61     35.00000         1686         1622      0.89541 
   62     34.00000         1828         1671      0.90254 
   63     33.00000         1963         1722      0.91072 
   64     32.00000         2355         2064      0.92917 
   65     31.00000         2570         2252      0.92244 
   66     30.00000         2747         2402      0.92523 
   67     29.00000         2863         2516      0.92805 
   68     28.00000         2964         2607      0.92874 
   69     27.00000         2995         2692      0.93582 
   70     26.00000         3022         2758      0.93945 
   71     25.00000         3077         2830      0.93922 
   72     24.00000         3119         2894      0.93664 
   73     23.00000         3203         2981      0.93532 
   74     22.00000         3243         3061      0.94099 
   75     21.00000         3252         3098      0.94551 
   76     20.00000         3241         3123      0.95286 
   77     19.00000         3214         3148      0.95882 
   78     18.00000         3203         3181      0.96679 
   79     17.00000         3163         3181      0.97383 
   80     16.00000         3114         3151      0.97941 
   81     15.00000         3069         3132      0.98307 
   82     14.00000         3029         3092      0.98317 
   83     13.00000         2998         3050      0.97718 
   84     12.00000         2967         2963      0.96290 
   85     11.00000         2930         2927      0.96295 
   86     10.00000         2872         2848      0.96014 
   87      9.00000         2739         2723      0.95716 
   88      8.00000         2521         2497      0.95257 
   89      7.00000         2218         2103      0.95209 
   90      6.00000         2180         2046      0.95693 
   91      5.00000         2161         2017      0.96362 
   92      4.00000         2066         1928      0.96345 
   93      3.00000         1983         1840      0.96050 
   94      2.00000         1894         1770      0.96397 
   95      1.00000         1762         1689      0.97653 
   96      0.00000         1675         1656      0.98349 
   97     -1.00000         1710         1705      0.96984 
   98     -2.00000         1809         1814      0.96053 
   99     -3.00000         1937         2000      0.93472 
  100     -4.00000         2063         2221      0.92250 
  101     -5.00000         2184         2389      0.91931 
  102     -6.00000         2276         2518      0.91489 
  103     -7.00000         2369         2644      0.91283 
  104     -8.00000         2510         2766      0.91774 
  105     -9.00000         2649         2887      0.91257 
  106    -10.00000         2747         2990      0.90988 
  107    -11.00000         2792         3043      0.91345 
  108    -12.00000         2867         3117      0.92079 
  109    -13.00000         2967         3199      0.92929 
  110    -14.00000         3058         3241      0.94491 
  111    -15.00000         3163         3292      0.95833 
  112    -16.00000         3233         3327      0.96280 
  113    -17.00000         3287         3368      0.96619 
  114    -18.00000         3355         3407      0.97013 
  115    -19.00000         3340         3369      0.97213 
  116    -20.00000         3358         3369      0.97220 
  117    -21.00000         3320         3313      0.96638 
  118    -22.00000         3297         3285      0.96293 
  119    -23.00000         3226         3209      0.95478 
  120    -24.00000         3145         3141      0.94878 
  121    -25.00000         3059         3059      0.94148 
  122    -26.00000         2922         2920      0.93393 
  123    -27.00000         2803         2756      0.92571 
  124    -28.00000         2633         2541      0.92540 
  125    -29.00000         2521         2443      0.92264 
  126    -30.00000         2425         2353      0.92256 
  127    -31.00000         2269         2190      0.92039 
  128    -32.00000         2121         2068      0.92385 
  129    -33.00000         1971         1939      0.92634 
  130    -34.00000         1859         1824      0.93185 
  131    -35.00000         1739         1699      0.93775 
  132    -36.00000         1619         1558      0.94366 
  133    -37.00000         1494         1408      0.94624 
  134    -38.00000         1408         1272      0.94552 
  135    -39.00000         1347         1193      0.93937 
  136    -40.00000         1273         1109      0.93115 
  137    -41.00000         1160         1013      0.92039 
  138    -42.00000         1024          910      0.92037 
  139    -43.00000          955          846      0.90061 
  140    -44.00000          910          806      0.88695 
  141    -45.00000          848          758      0.87298 
  142    -46.00000          749          665      0.84583 
  143    -47.00000          661          570      0.80910 
  144    -48.00000          617          507      0.80427 
  145    -49.00000          575          484      0.83097 
  146    -50.00000          545          468      0.87660 
  147    -51.00000          508          437      0.90370 
  148    -52.00000          498          416      0.91028 
  149    -53.00000          498          416      0.91028 
  150    -54.00000          488          408      0.91071 
  151    -55.00000          474          394      0.90783 
  152    -56.00000          448          356      0.88557 
  153    -57.00000          398          303      0.86448 
  154    -58.00000          226          165      0.84399 
  155    -59.00000           39           26      0.80000 
  156    -60.00000            0            0      0.00000 
  157    -61.00000            0            0      0.00000 
  158    -62.00000            0            0      0.00000 
  159    -63.00000            0            0      0.00000 
  160    -64.00000            0            0      0.00000 
  161    -65.00000            0            0      0.00000 
  162    -66.00000            0            0      0.00000 
  163    -67.00000            0            0      0.00000 
  164    -68.00000            0            0      0.00000 
  165    -69.00000            0            0      0.00000 
  166    -70.00000            0            0      0.00000 
  167    -71.00000            0            0      0.00000 
  168    -72.00000            0            0      0.00000 
  169    -73.00000            0            0      0.00000 
  170    -74.00000            0            0      0.00000 
  171    -75.00000            0            0      0.00000 
  172    -76.00000            0            0      0.00000 
  173    -77.00000            0            0      0.00000 
  174    -78.00000            0            0      0.00000 
  175    -79.00000            0            0      0.00000 
  176    -80.00000            0            0      0.00000 
  177    -81.00000            0            0      0.00000 
  178    -82.00000            0            0      0.00000 
  179    -83.00000            0            0      0.00000 
  180    -84.00000            0            0      0.00000 
  181    -85.00000            0            0      0.00000 
  182    -86.00000            0            0      0.00000 
  183    -87.00000            0            0      0.00000 
  184    -88.00000            0            0      0.00000 
  185    -89.00000            0            0      0.00000 
  186    -90.00000            0            0      0.00000 
  187    -91.00000            0            0      0.00000 
  188    -92.00000            0            0      0.00000 
  189    -93.00000            0            0      0.00000 
  190    -94.00000            0            0      0.00000 
  191    -95.00000            0            0      0.00000 
  192    -96.00000            0            0      0.00000 
  193    -97.00000            0            0      0.00000 
  194    -98.00000            0            0      0.00000 
