# 3dSliceNDice -insetA 9m_4min_m2_binary+orig -insetB 9m_5min_m2_binary+orig -prefix 9m_4min_5min_m2
    0     96.00000            0            0      0.00000 
    1     95.00000            0            0      0.00000 
    2     94.00000            0            0      0.00000 
    3     93.00000            0            0      0.00000 
    4     92.00000            0            0      0.00000 
    5     91.00000            0            0      0.00000 
    6     90.00000            0            0      0.00000 
    7     89.00000            0            0      0.00000 
    8     88.00000            0            0      0.00000 
    9     87.00000            0            0      0.00000 
   10     86.00000            0            0      0.00000 
   11     85.00000            0            0      0.00000 
   12     84.00000            0            0      0.00000 
   13     83.00000            0            0      0.00000 
   14     82.00000            0            0      0.00000 
   15     81.00000            0            0      0.00000 
   16     80.00000            0            0      0.00000 
   17     79.00000            0            0      0.00000 
   18     78.00000            0            0      0.00000 
   19     77.00000            0            0      0.00000 
   20     76.00000            0            0      0.00000 
   21     75.00000            0            0      0.00000 
   22     74.00000            0            0      0.00000 
   23     73.00000            0            0      0.00000 
   24     72.00000            0            0      0.00000 
   25     71.00000            0            0      0.00000 
   26     70.00000            0            0      0.00000 
   27     69.00000            0            0      0.00000 
   28     68.00000            0            0      0.00000 
   29     67.00000            0            0      0.00000 
   30     66.00000            0            0      0.00000 
   31     65.00000            0            0      0.00000 
   32     64.00000            0            0      0.00000 
   33     63.00000            0            0      0.00000 
   34     62.00000            0            0      0.00000 
   35     61.00000            0            0      0.00000 
   36     60.00000            0            0      0.00000 
   37     59.00000            0            0      0.00000 
   38     58.00000            0            0      0.00000 
   39     57.00000            0            0      0.00000 
   40     56.00000            0            0      0.00000 
   41     55.00000            0            0      0.00000 
   42     54.00000           15           15      1.00000 
   43     53.00000           80           80      1.00000 
   44     52.00000          146          146      1.00000 
   45     51.00000          188          188      1.00000 
   46     50.00000          245          230      0.96842 
   47     49.00000          295          269      0.95390 
   48     48.00000          327          279      0.92079 
   49     47.00000          357          297      0.90826 
   50     46.00000          366          297      0.89593 
   51     45.00000          382          297      0.87482 
   52     44.00000          398          276      0.81899 
   53     43.00000          404          256      0.77576 
   54     42.00000          388          240      0.76433 
   55     41.00000          397          265      0.80060 
   56     40.00000          424          296      0.82222 
   57     39.00000          413          303      0.84637 
   58     38.00000          385          301      0.87755 
   59     37.00000          377          331      0.93503 
   60     36.00000          427          386      0.94957 
   61     35.00000          513          466      0.95199 
   62     34.00000          579          530      0.95582 
   63     33.00000          624          576      0.96000 
   64     32.00000          686          629      0.95665 
   65     31.00000          759          670      0.93772 
   66     30.00000          848          730      0.92522 
   67     29.00000          922          781      0.91720 
   68     28.00000          996          833      0.91088 
   69     27.00000         1068          888      0.90798 
   70     26.00000         1126          947      0.91365 
   71     25.00000         1194         1004      0.91083 
   72     24.00000         1237         1052      0.90695 
   73     23.00000         1268         1086      0.90229 
   74     22.00000         1315         1158      0.89608 
   75     21.00000         1350         1213      0.88724 
   76     20.00000         1413         1270      0.88781 
   77     19.00000         1451         1303      0.88889 
   78     18.00000         1464         1321      0.89120 
   79     17.00000         1465         1364      0.89290 
   80     16.00000         1464         1401      0.89913 
   81     15.00000         1495         1458      0.91432 
   82     14.00000         1500         1494      0.93053 
   83     13.00000         1496         1536      0.94921 
   84     12.00000         1499         1580      0.95745 
   85     11.00000         1501         1619      0.94615 
   86     10.00000         1515         1646      0.94274 
   87      9.00000         1526         1684      0.93894 
   88      8.00000         1553         1737      0.93617 
   89      7.00000         1592         1811      0.93153 
   90      6.00000         1607         1834      0.93171 
   91      5.00000         1617         1858      0.92950 
   92      4.00000         1605         1849      0.92704 
   93      3.00000         1589         1829      0.92569 
   94      2.00000         1568         1796      0.92449 
   95      1.00000         1543         1765      0.92140 
   96      0.00000         1550         1760      0.92085 
   97     -1.00000         1558         1745      0.92098 
   98     -2.00000         1579         1742      0.92261 
   99     -3.00000         1591         1720      0.92359 
  100     -4.00000         1608         1724      0.92077 
  101     -5.00000         1595         1684      0.91918 
  102     -6.00000         1566         1638      0.92072 
  103     -7.00000         1522         1592      0.91586 
  104     -8.00000         1480         1550      0.91551 
  105     -9.00000         1450         1520      0.91650 
  106    -10.00000         1420         1488      0.91816 
  107    -11.00000         1407         1463      0.93240 
  108    -12.00000         1404         1439      0.94689 
  109    -13.00000         1368         1413      0.95361 
  110    -14.00000         1329         1393      0.95518 
  111    -15.00000         1292         1377      0.95541 
  112    -16.00000         1246         1343      0.95635 
  113    -17.00000         1234         1332      0.95557 
  114    -18.00000         1289         1391      0.92164 
  115    -19.00000         1384         1467      0.89863 
  116    -20.00000         1461         1504      0.88499 
  117    -21.00000         1497         1504      0.87171 
  118    -22.00000         1534         1502      0.85968 
  119    -23.00000         1596         1527      0.85175 
  120    -24.00000         1667         1532      0.84276 
  121    -25.00000         1721         1536      0.84065 
  122    -26.00000         1715         1475      0.83762 
  123    -27.00000         1723         1435      0.83534 
  124    -28.00000         1726         1436      0.84124 
  125    -29.00000         1713         1466      0.85939 
  126    -30.00000         1698         1480      0.87162 
  127    -31.00000         1630         1444      0.87443 
  128    -32.00000         1571         1404      0.88134 
  129    -33.00000         1501         1349      0.88842 
  130    -34.00000         1443         1279      0.88170 
  131    -35.00000         1395         1191      0.86466 
  132    -36.00000         1284         1048      0.83105 
  133    -37.00000         1214          971      0.79268 
  134    -38.00000         1109          889      0.77778 
  135    -39.00000         1008          794      0.76360 
  136    -40.00000          906          716      0.75956 
  137    -41.00000          769          636      0.76868 
  138    -42.00000          659          568      0.78240 
  139    -43.00000          565          528      0.79597 
  140    -44.00000          523          483      0.82306 
  141    -45.00000          520          470      0.85859 
  142    -46.00000          532          462      0.90946 
  143    -47.00000          559          477      0.92085 
  144    -48.00000          584          502      0.92449 
  145    -49.00000          588          508      0.92701 
  146    -50.00000          601          521      0.92870 
  147    -51.00000          613          521      0.91887 
  148    -52.00000          623          522      0.91179 
  149    -53.00000          623          512      0.90220 
  150    -54.00000          613          497      0.89550 
  151    -55.00000          597          477      0.88827 
  152    -56.00000          570          450      0.88235 
  153    -57.00000          515          407      0.88286 
  154    -58.00000          290          266      0.95683 
  155    -59.00000           51           51      1.00000 
  156    -60.00000            0            0      0.00000 
  157    -61.00000            0            0      0.00000 
  158    -62.00000            0            0      0.00000 
  159    -63.00000            0            0      0.00000 
  160    -64.00000            0            0      0.00000 
  161    -65.00000            0            0      0.00000 
  162    -66.00000            0            0      0.00000 
  163    -67.00000            0            0      0.00000 
  164    -68.00000            0            0      0.00000 
  165    -69.00000            0            0      0.00000 
  166    -70.00000            0            0      0.00000 
  167    -71.00000            0            0      0.00000 
  168    -72.00000            0            0      0.00000 
  169    -73.00000            0            0      0.00000 
  170    -74.00000            0            0      0.00000 
  171    -75.00000            0            0      0.00000 
  172    -76.00000            0            0      0.00000 
  173    -77.00000            0            0      0.00000 
  174    -78.00000            0            0      0.00000 
  175    -79.00000            0            0      0.00000 
  176    -80.00000            0            0      0.00000 
  177    -81.00000            0            0      0.00000 
  178    -82.00000            0            0      0.00000 
  179    -83.00000            0            0      0.00000 
  180    -84.00000            0            0      0.00000 
  181    -85.00000            0            0      0.00000 
  182    -86.00000            0            0      0.00000 
  183    -87.00000            0            0      0.00000 
  184    -88.00000            0            0      0.00000 
  185    -89.00000            0            0      0.00000 
  186    -90.00000            0            0      0.00000 
  187    -91.00000            0            0      0.00000 
  188    -92.00000            0            0      0.00000 
  189    -93.00000            0            0      0.00000 
  190    -94.00000            0            0      0.00000 
  191    -95.00000            0            0      0.00000 
  192    -96.00000            0            0      0.00000 
  193    -97.00000            0            0      0.00000 
  194    -98.00000            0            0      0.00000 
