# 3dSliceNDice -insetA 9m_4min_m4_binary+orig -insetB 9m_5min_m4_binary+orig -prefix 9m_4min_5min_m4
    0    134.00000            0            0      0.00000 
    1    133.00000            0            0      0.00000 
    2    132.00000            0            0      0.00000 
    3    131.00000            0            0      0.00000 
    4    130.00000            0            0      0.00000 
    5    129.00000            0            0      0.00000 
    6    128.00000            0            0      0.00000 
    7    127.00000            0            0      0.00000 
    8    126.00000            0            0      0.00000 
    9    125.00000            0            0      0.00000 
   10    124.00000            0            0      0.00000 
   11    123.00000            0            0      0.00000 
   12    122.00000            0            0      0.00000 
   13    121.00000            0            0      0.00000 
   14    120.00000            0            0      0.00000 
   15    119.00000            0            0      0.00000 
   16    118.00000            0            0      0.00000 
   17    117.00000            0            0      0.00000 
   18    116.00000            0            0      0.00000 
   19    115.00000            0            0      0.00000 
   20    114.00000            0            0      0.00000 
   21    113.00000            0            0      0.00000 
   22    112.00000            0            0      0.00000 
   23    111.00000            0            0      0.00000 
   24    110.00000            0            0      0.00000 
   25    109.00000            0            0      0.00000 
   26    108.00000            0            0      0.00000 
   27    107.00000            0            0      0.00000 
   28    106.00000            0            0      0.00000 
   29    105.00000            0            0      0.00000 
   30    104.00000            0            0      0.00000 
   31    103.00000            0            0      0.00000 
   32    102.00000            0            0      0.00000 
   33    101.00000            0            0      0.00000 
   34    100.00000            0            0      0.00000 
   35     99.00000            0            0      0.00000 
   36     98.00000            0            0      0.00000 
   37     97.00000            0            0      0.00000 
   38     96.00000            0            0      0.00000 
   39     95.00000            0            0      0.00000 
   40     94.00000            0            0      0.00000 
   41     93.00000            0            0      0.00000 
   42     92.00000            0            0      0.00000 
   43     91.00000            0            0      0.00000 
   44     90.00000            0            0      0.00000 
   45     89.00000            0            0      0.00000 
   46     88.00000            0            0      0.00000 
   47     87.00000            0            0      0.00000 
   48     86.00000            0            0      0.00000 
   49     85.00000            0            0      0.00000 
   50     84.00000           26            0      0.00000 
   51     83.00000          109            7      0.06897 
   52     82.00000          253           87      0.37647 
   53     81.00000          395          183      0.49827 
   54     80.00000          547          317      0.59259 
   55     79.00000          666          430      0.63686 
   56     78.00000          767          535      0.66667 
   57     77.00000          861          656      0.70138 
   58     76.00000          908          730      0.72039 
   59     75.00000          977          824      0.74181 
   60     74.00000         1015          884      0.76672 
   61     73.00000         1055          952      0.78326 
   62     72.00000         1145         1073      0.82236 
   63     71.00000         1217         1180      0.85023 
   64     70.00000         1263         1275      0.86682 
   65     69.00000         1251         1332      0.88115 
   66     68.00000         1231         1351      0.90550 
   67     67.00000         1220         1350      0.92607 
   68     66.00000         1234         1378      0.92956 
   69     65.00000         1220         1371      0.93246 
   70     64.00000         1215         1348      0.94108 
   71     63.00000         1212         1328      0.93780 
   72     62.00000         1196         1268      0.93750 
   73     61.00000         1176         1220      0.93656 
   74     60.00000         1147         1154      0.93611 
   75     59.00000         1076         1049      0.93271 
   76     58.00000         1046          975      0.93023 
   77     57.00000         1006         1019      0.89185 
   78     56.00000         1022         1087      0.87909 
   79     55.00000         1010         1115      0.87059 
   80     54.00000          934         1081      0.85856 
   81     53.00000          795         1013      0.84403 
   82     52.00000          803         1018      0.86985 
   83     51.00000          935         1081      0.88988 
   84     50.00000         1060         1155      0.89932 
   85     49.00000         1148         1191      0.91150 
   86     48.00000         1201         1193      0.92565 
   87     47.00000         1319         1288      0.94745 
   88     46.00000         1443         1411      0.95515 
   89     45.00000         1567         1531      0.95804 
   90     44.00000         1639         1623      0.95769 
   91     43.00000         1695         1697      0.95755 
   92     42.00000         1782         1797      0.95110 
   93     41.00000         1884         1875      0.94227 
   94     40.00000         1964         1966      0.93537 
   95     39.00000         2056         2035      0.92838 
   96     38.00000         2162         2119      0.92221 
   97     37.00000         2243         2207      0.92090 
   98     36.00000         2294         2303      0.92452 
   99     35.00000         2357         2415      0.92624 
  100     34.00000         2360         2461      0.92927 
  101     33.00000         2380         2509      0.92984 
  102     32.00000         2379         2517      0.92729 
  103     31.00000         2382         2490      0.91544 
  104     30.00000         2384         2476      0.90947 
  105     29.00000         2363         2441      0.90466 
  106     28.00000         2280         2326      0.89709 
  107     27.00000         2168         2148      0.89018 
  108     26.00000         2130         2112      0.88166 
  109     25.00000         2092         2079      0.87029 
  110     24.00000         2022         2013      0.86642 
  111     23.00000         1897         1914      0.86119 
  112     22.00000         2018         2073      0.84918 
  113     21.00000         2171         2182      0.85366 
  114     20.00000         2251         2229      0.86518 
  115     19.00000         2255         2204      0.87329 
  116     18.00000         2278         2194      0.88506 
  117     17.00000         2370         2209      0.91417 
  118     16.00000         2394         2245      0.93037 
  119     15.00000         2410         2284      0.93992 
  120     14.00000         2389         2295      0.95004 
  121     13.00000         2351         2330      0.96561 
  122     12.00000         2319         2344      0.97834 
  123     11.00000         2293         2325      0.98051 
  124     10.00000         2267         2301      0.98336 
  125      9.00000         2231         2256      0.98462 
  126      8.00000         2208         2239      0.98583 
  127      7.00000         2174         2205      0.98561 
  128      6.00000         2132         2160      0.98462 
  129      5.00000         2091         2121      0.98481 
  130      4.00000         2061         2097      0.98701 
  131      3.00000         2038         2078      0.98591 
  132      2.00000         2002         2044      0.98715 
  133      1.00000         1950         1988      0.98781 
  134      0.00000         1895         1947      0.98542 
  135     -1.00000         1818         1876      0.97943 
  136     -2.00000         1767         1838      0.97143 
  137     -3.00000         1691         1780      0.96283 
  138     -4.00000         1619         1712      0.95827 
  139     -5.00000         1532         1624      0.95437 
  140     -6.00000         1418         1509      0.94704 
  141     -7.00000         1209         1320      0.93397 
  142     -8.00000          799          958      0.90495 
  143     -9.00000          804          920      0.92807 
  144    -10.00000          801          876      0.95528 
  145    -11.00000          811          832      0.95557 
  146    -12.00000          814          785      0.96060 
  147    -13.00000          809          739      0.95478 
  148    -14.00000          795          707      0.94141 
  149    -15.00000          775          669      0.92659 
  150    -16.00000          750          635      0.91119 
  151    -17.00000          731          635      0.92387 
  152    -18.00000          695          610      0.92874 
  153    -19.00000          660          586      0.93419 
  154    -20.00000          618          560      0.94397 
  155    -21.00000          555          519      0.96462 
  156    -22.00000          520          480      0.95600 
  157    -23.00000          467          428      0.95642 
  158    -24.00000          430          384      0.94349 
  159    -25.00000          376          335      0.94233 
  160    -26.00000          314          282      0.94631 
  161    -27.00000          258          242      0.96800 
  162    -28.00000          208          208      1.00000 
  163    -29.00000          172          172      1.00000 
  164    -30.00000          135          135      1.00000 
  165    -31.00000           85           85      1.00000 
  166    -32.00000           32           32      1.00000 
  167    -33.00000            0            0      0.00000 
  168    -34.00000            0            0      0.00000 
  169    -35.00000            0            0      0.00000 
  170    -36.00000            0            0      0.00000 
  171    -37.00000            0            0      0.00000 
  172    -38.00000            0            0      0.00000 
  173    -39.00000            0            0      0.00000 
  174    -40.00000            0            0      0.00000 
  175    -41.00000            0            0      0.00000 
  176    -42.00000            0            0      0.00000 
  177    -43.00000            0            0      0.00000 
  178    -44.00000            0            0      0.00000 
  179    -45.00000            0            0      0.00000 
  180    -46.00000            0            0      0.00000 
  181    -47.00000            0            0      0.00000 
  182    -48.00000            0            0      0.00000 
  183    -49.00000            0            0      0.00000 
  184    -50.00000            0            0      0.00000 
  185    -51.00000            0            0      0.00000 
  186    -52.00000            0            0      0.00000 
  187    -53.00000            0            0      0.00000 
  188    -54.00000            0            0      0.00000 
  189    -55.00000            0            0      0.00000 
  190    -56.00000            0            0      0.00000 
  191    -57.00000            0            0      0.00000 
  192    -58.00000            0            0      0.00000 
  193    -59.00000            0            0      0.00000 
  194    -60.00000            0            0      0.00000 
  195    -61.00000            0            0      0.00000 
  196    -62.00000            0            0      0.00000 
  197    -63.00000            0            0      0.00000 
  198    -64.00000            0            0      0.00000 
  199    -65.00000            0            0      0.00000 
  200    -66.00000            0            0      0.00000 
  201    -67.00000            0            0      0.00000 
  202    -68.00000            0            0      0.00000 
  203    -69.00000            0            0      0.00000 
  204    -70.00000            0            0      0.00000 
  205    -71.00000            0            0      0.00000 
  206    -72.00000            0            0      0.00000 
  207    -73.00000            0            0      0.00000 
  208    -74.00000            0            0      0.00000 
  209    -75.00000            0            0      0.00000 
  210    -76.00000            0            0      0.00000 
  211    -77.00000            0            0      0.00000 
  212    -78.00000            0            0      0.00000 
  213    -79.00000            0            0      0.00000 
  214    -80.00000            0            0      0.00000 
  215    -81.00000            0            0      0.00000 
  216    -82.00000            0            0      0.00000 
  217    -83.00000            0            0      0.00000 
  218    -84.00000            0            0      0.00000 
  219    -85.00000            0            0      0.00000 
  220    -86.00000            0            0      0.00000 
  221    -87.00000            0            0      0.00000 
  222    -88.00000            0            0      0.00000 
  223    -89.00000            0            0      0.00000 
  224    -90.00000            0            0      0.00000 
  225    -91.00000            0            0      0.00000 
  226    -92.00000            0            0      0.00000 
  227    -93.00000            0            0      0.00000 
  228    -94.00000            0            0      0.00000 
  229    -95.00000            0            0      0.00000 
  230    -96.00000            0            0      0.00000 
  231    -97.00000            0            0      0.00000 
  232    -98.00000            0            0      0.00000 
