# 3dSliceNDice -insetA 9m_4min_m4_binary+orig -insetB 9m_5min_m4_binary+orig -prefix 9m_4min_5min_m4
    0     96.00000            0            0      0.00000 
    1     95.00000            0            0      0.00000 
    2     94.00000            0            0      0.00000 
    3     93.00000            0            0      0.00000 
    4     92.00000            0            0      0.00000 
    5     91.00000            0            0      0.00000 
    6     90.00000            0            0      0.00000 
    7     89.00000            0            0      0.00000 
    8     88.00000            0            0      0.00000 
    9     87.00000            0            0      0.00000 
   10     86.00000            0            0      0.00000 
   11     85.00000            0            0      0.00000 
   12     84.00000            0            0      0.00000 
   13     83.00000            0            0      0.00000 
   14     82.00000            0            0      0.00000 
   15     81.00000            0            0      0.00000 
   16     80.00000            0            0      0.00000 
   17     79.00000            0            0      0.00000 
   18     78.00000            0            0      0.00000 
   19     77.00000            0            0      0.00000 
   20     76.00000            0            0      0.00000 
   21     75.00000            0            0      0.00000 
   22     74.00000            0            0      0.00000 
   23     73.00000            0            0      0.00000 
   24     72.00000            0            0      0.00000 
   25     71.00000            0            0      0.00000 
   26     70.00000            0            0      0.00000 
   27     69.00000            0            0      0.00000 
   28     68.00000            0            0      0.00000 
   29     67.00000            0            0      0.00000 
   30     66.00000            0            0      0.00000 
   31     65.00000            0            0      0.00000 
   32     64.00000            0            0      0.00000 
   33     63.00000            0            0      0.00000 
   34     62.00000            0            0      0.00000 
   35     61.00000            0            0      0.00000 
   36     60.00000            0            0      0.00000 
   37     59.00000            0            0      0.00000 
   38     58.00000            0            0      0.00000 
   39     57.00000            0            0      0.00000 
   40     56.00000            0            0      0.00000 
   41     55.00000            0            0      0.00000 
   42     54.00000            0            0      0.00000 
   43     53.00000            0            0      0.00000 
   44     52.00000            0            0      0.00000 
   45     51.00000            0            0      0.00000 
   46     50.00000            0            0      0.00000 
   47     49.00000            0            0      0.00000 
   48     48.00000            0            0      0.00000 
   49     47.00000            0            0      0.00000 
   50     46.00000            0            0      0.00000 
   51     45.00000            0            0      0.00000 
   52     44.00000            0            0      0.00000 
   53     43.00000            0            0      0.00000 
   54     42.00000           68           66      0.97015 
   55     41.00000          197          188      0.93506 
   56     40.00000          309          300      0.93596 
   57     39.00000          398          388      0.93384 
   58     38.00000          487          476      0.93666 
   59     37.00000          583          574      0.94209 
   60     36.00000          672          663      0.94532 
   61     35.00000          798          795      0.95041 
   62     34.00000          891          901      0.94978 
   63     33.00000          978          997      0.94987 
   64     32.00000         1068         1094      0.95097 
   65     31.00000         1119         1173      0.94328 
   66     30.00000         1173         1243      0.93791 
   67     29.00000         1208         1291      0.94038 
   68     28.00000         1241         1340      0.93995 
   69     27.00000         1285         1452      0.90610 
   70     26.00000         1351         1543      0.88113 
   71     25.00000         1427         1630      0.86294 
   72     24.00000         1501         1700      0.85223 
   73     23.00000         1574         1775      0.83667 
   74     22.00000         1798         1850      0.85910 
   75     21.00000         1984         1916      0.88103 
   76     20.00000         2126         2001      0.89072 
   77     19.00000         2204         2030      0.89277 
   78     18.00000         2294         2081      0.89966 
   79     17.00000         2360         2131      0.91427 
   80     16.00000         2392         2170      0.92722 
   81     15.00000         2441         2190      0.93630 
   82     14.00000         2429         2173      0.94220 
   83     13.00000         2406         2142      0.94195 
   84     12.00000         2872         2568      0.93676 
   85     11.00000         3021         2747      0.95042 
   86     10.00000         3074         2849      0.95560 
   87      9.00000         3104         2935      0.96208 
   88      8.00000         3092         2990      0.97008 
   89      7.00000         3089         3030      0.97140 
   90      6.00000         3083         3038      0.96912 
   91      5.00000         3094         3054      0.96910 
   92      4.00000         3069         3041      0.97349 
   93      3.00000         3022         3011      0.97862 
   94      2.00000         2922         2924      0.98392 
   95      1.00000         2777         2774      0.98685 
   96      0.00000         2698         2693      0.98980 
   97     -1.00000         2775         2773      0.98666 
   98     -2.00000         2938         2935      0.98314 
   99     -3.00000         3043         3037      0.97928 
  100     -4.00000         3092         3080      0.97667 
  101     -5.00000         3110         3087      0.97176 
  102     -6.00000         3095         3070      0.96740 
  103     -7.00000         3097         3079      0.96859 
  104     -8.00000         3035         3015      0.96760 
  105     -9.00000         2978         2939      0.96299 
  106    -10.00000         2903         2851      0.95759 
  107    -11.00000         2785         2729      0.95176 
  108    -12.00000         2612         2556      0.94079 
  109    -13.00000         2211         2185      0.94540 
  110    -14.00000         2159         2202      0.94199 
  111    -15.00000         2116         2196      0.93738 
  112    -16.00000         2013         2132      0.92931 
  113    -17.00000         1870         1974      0.91207 
  114    -18.00000         1719         1803      0.88132 
  115    -19.00000         1793         1948      0.89227 
  116    -20.00000         1829         2036      0.90039 
  117    -21.00000         1837         2067      0.90266 
  118    -22.00000         1836         2078      0.90700 
  119    -23.00000         1828         2071      0.90741 
  120    -24.00000         1791         2026      0.90542 
  121    -25.00000         1746         1974      0.90215 
  122    -26.00000         1690         1896      0.90240 
  123    -27.00000         1661         1859      0.90170 
  124    -28.00000         1557         1746      0.90039 
  125    -29.00000         1456         1638      0.89981 
  126    -30.00000         1331         1496      0.90131 
  127    -31.00000         1196         1339      0.90651 
  128    -32.00000         1065         1185      0.92622 
  129    -33.00000          967         1109      0.93160 
  130    -34.00000          890         1085      0.90127 
  131    -35.00000          809         1046      0.87224 
  132    -36.00000          698          958      0.84300 
  133    -37.00000          611          907      0.80501 
  134    -38.00000          551          844      0.78280 
  135    -39.00000          533          788      0.77063 
  136    -40.00000          496          718      0.74629 
  137    -41.00000          423          611      0.73114 
  138    -42.00000          322          488      0.73580 
  139    -43.00000          291          399      0.68696 
  140    -44.00000          337          367      0.61932 
  141    -45.00000          383          341      0.56906 
  142    -46.00000          399          290      0.50218 
  143    -47.00000          419          256      0.45630 
  144    -48.00000          444          215      0.40971 
  145    -49.00000          445          178      0.36918 
  146    -50.00000          437          137      0.32056 
  147    -51.00000          412           88      0.25600 
  148    -52.00000          387           32      0.12888 
  149    -53.00000          352            0      0.00000 
  150    -54.00000          333            0      0.00000 
  151    -55.00000          301            0      0.00000 
  152    -56.00000          269            0      0.00000 
  153    -57.00000          207            0      0.00000 
  154    -58.00000           38            0      0.00000 
  155    -59.00000            0            0      0.00000 
  156    -60.00000            0            0      0.00000 
  157    -61.00000            0            0      0.00000 
  158    -62.00000            0            0      0.00000 
  159    -63.00000            0            0      0.00000 
  160    -64.00000            0            0      0.00000 
  161    -65.00000            0            0      0.00000 
  162    -66.00000            0            0      0.00000 
  163    -67.00000            0            0      0.00000 
  164    -68.00000            0            0      0.00000 
  165    -69.00000            0            0      0.00000 
  166    -70.00000            0            0      0.00000 
  167    -71.00000            0            0      0.00000 
  168    -72.00000            0            0      0.00000 
  169    -73.00000            0            0      0.00000 
  170    -74.00000            0            0      0.00000 
  171    -75.00000            0            0      0.00000 
  172    -76.00000            0            0      0.00000 
  173    -77.00000            0            0      0.00000 
  174    -78.00000            0            0      0.00000 
  175    -79.00000            0            0      0.00000 
  176    -80.00000            0            0      0.00000 
  177    -81.00000            0            0      0.00000 
  178    -82.00000            0            0      0.00000 
  179    -83.00000            0            0      0.00000 
  180    -84.00000            0            0      0.00000 
  181    -85.00000            0            0      0.00000 
  182    -86.00000            0            0      0.00000 
  183    -87.00000            0            0      0.00000 
  184    -88.00000            0            0      0.00000 
  185    -89.00000            0            0      0.00000 
  186    -90.00000            0            0      0.00000 
  187    -91.00000            0            0      0.00000 
  188    -92.00000            0            0      0.00000 
  189    -93.00000            0            0      0.00000 
  190    -94.00000            0            0      0.00000 
  191    -95.00000            0            0      0.00000 
  192    -96.00000            0            0      0.00000 
  193    -97.00000            0            0      0.00000 
  194    -98.00000            0            0      0.00000 
