# 3dSliceNDice -insetA 6m_1min_s1_m3_binary+orig -insetB 6m_1min_s2_m3_binary+orig -prefix 6m_1min_split_m3_binary
    0    134.00000            0            0      0.00000 
    1    133.00000            0            0      0.00000 
    2    132.00000            0            0      0.00000 
    3    131.00000            0            0      0.00000 
    4    130.00000            0            0      0.00000 
    5    129.00000            0            0      0.00000 
    6    128.00000            0            0      0.00000 
    7    127.00000            0            0      0.00000 
    8    126.00000            0            0      0.00000 
    9    125.00000            0            0      0.00000 
   10    124.00000            0            0      0.00000 
   11    123.00000            0            0      0.00000 
   12    122.00000            0            0      0.00000 
   13    121.00000            0            0      0.00000 
   14    120.00000            0            0      0.00000 
   15    119.00000            0            0      0.00000 
   16    118.00000            0            0      0.00000 
   17    117.00000            0            0      0.00000 
   18    116.00000            0            0      0.00000 
   19    115.00000            0            0      0.00000 
   20    114.00000            0            0      0.00000 
   21    113.00000            0            0      0.00000 
   22    112.00000            0            0      0.00000 
   23    111.00000            0            0      0.00000 
   24    110.00000            0            0      0.00000 
   25    109.00000            0            0      0.00000 
   26    108.00000            0            0      0.00000 
   27    107.00000            0            0      0.00000 
   28    106.00000            0            0      0.00000 
   29    105.00000            0            0      0.00000 
   30    104.00000            0            0      0.00000 
   31    103.00000            0            0      0.00000 
   32    102.00000            0            0      0.00000 
   33    101.00000            0            0      0.00000 
   34    100.00000            0            0      0.00000 
   35     99.00000            0            0      0.00000 
   36     98.00000            0            0      0.00000 
   37     97.00000            0            0      0.00000 
   38     96.00000            0            0      0.00000 
   39     95.00000            0            0      0.00000 
   40     94.00000            0            0      0.00000 
   41     93.00000            0            0      0.00000 
   42     92.00000            0            0      0.00000 
   43     91.00000            0            0      0.00000 
   44     90.00000            0            0      0.00000 
   45     89.00000            0            0      0.00000 
   46     88.00000            0            0      0.00000 
   47     87.00000            0            0      0.00000 
   48     86.00000            0            0      0.00000 
   49     85.00000            0            0      0.00000 
   50     84.00000            0            0      0.00000 
   51     83.00000            0            0      0.00000 
   52     82.00000            0            0      0.00000 
   53     81.00000            0            0      0.00000 
   54     80.00000            0            0      0.00000 
   55     79.00000            0            9      0.00000 
   56     78.00000            0           38      0.00000 
   57     77.00000            1          127      0.01562 
   58     76.00000           74          303      0.36074 
   59     75.00000          234          502      0.57609 
   60     74.00000          430          697      0.67791 
   61     73.00000          615          876      0.72300 
   62     72.00000          867         1114      0.76729 
   63     71.00000         1120         1323      0.78346 
   64     70.00000         1519         1680      0.82088 
   65     69.00000         1807         1929      0.83672 
   66     68.00000         2035         2135      0.84173 
   67     67.00000         2239         2325      0.84093 
   68     66.00000         2383         2459      0.83932 
   69     65.00000         2565         2610      0.83981 
   70     64.00000         2672         2652      0.83358 
   71     63.00000         2762         2688      0.83193 
   72     62.00000         2786         2628      0.83044 
   73     61.00000         2784         2546      0.82664 
   74     60.00000         2774         2443      0.82308 
   75     59.00000         2688         2266      0.81470 
   76     58.00000         2612         2044      0.80799 
   77     57.00000         2519         1828      0.80883 
   78     56.00000         2504         1848      0.81801 
   79     55.00000         2489         1859      0.82981 
   80     54.00000         2430         1862      0.84203 
   81     53.00000         2406         1893      0.85369 
   82     52.00000         2388         1926      0.85535 
   83     51.00000         2409         1945      0.85209 
   84     50.00000         2444         1998      0.85412 
   85     49.00000         2417         1990      0.85319 
   86     48.00000         2394         2010      0.86104 
   87     47.00000         2314         2008      0.86349 
   88     46.00000         2290         2074      0.86618 
   89     45.00000         2272         2118      0.86515 
   90     44.00000         2167         2078      0.86832 
   91     43.00000         2013         2034      0.86385 
   92     42.00000         1928         1980      0.86540 
   93     41.00000         2060         2062      0.88064 
   94     40.00000         2182         2163      0.89344 
   95     39.00000         2254         2213      0.90486 
   96     38.00000         2295         2236      0.92209 
   97     37.00000         2432         2296      0.93613 
   98     36.00000         2568         2372      0.92834 
   99     35.00000         2707         2463      0.92456 
  100     34.00000         2804         2516      0.92030 
  101     33.00000         2893         2564      0.91479 
  102     32.00000         2975         2596      0.90899 
  103     31.00000         3018         2603      0.90269 
  104     30.00000         3094         2624      0.89612 
  105     29.00000         3115         2623      0.89334 
  106     28.00000         3134         2635      0.89097 
  107     27.00000         3115         2622      0.88792 
  108     26.00000         3067         2586      0.88590 
  109     25.00000         3018         2554      0.88083 
  110     24.00000         2935         2501      0.87859 
  111     23.00000         2863         2454      0.87267 
  112     22.00000         2782         2466      0.86585 
  113     21.00000         2720         2528      0.86395 
  114     20.00000         2639         2584      0.86808 
  115     19.00000         2552         2650      0.86813 
  116     18.00000         2499         2715      0.86920 
  117     17.00000         2659         2873      0.88142 
  118     16.00000         2832         3069      0.89442 
  119     15.00000         2892         3183      0.89811 
  120     14.00000         2889         3234      0.89760 
  121     13.00000         2875         3268      0.89533 
  122     12.00000         2842         3279      0.89528 
  123     11.00000         2765         3253      0.89199 
  124     10.00000         2687         3229      0.88607 
  125      9.00000         2535         3108      0.88145 
  126      8.00000         2361         3001      0.87206 
  127      7.00000         2064         2767      0.85034 
  128      6.00000         1988         2653      0.85111 
  129      5.00000         1912         2544      0.85054 
  130      4.00000         1811         2372      0.85537 
  131      3.00000         1721         2172      0.86412 
  132      2.00000         1591         1917      0.86260 
  133      1.00000         1490         1809      0.85723 
  134      0.00000         1380         1704      0.84955 
  135     -1.00000         1253         1585      0.83510 
  136     -2.00000         1162         1497      0.83189 
  137     -3.00000         1092         1383      0.81212 
  138     -4.00000         1081         1265      0.79625 
  139     -5.00000         1067         1145      0.76582 
  140     -6.00000         1036          981      0.73475 
  141     -7.00000         1006          796      0.70810 
  142     -8.00000          988          603      0.68008 
  143     -9.00000          940          564      0.68218 
  144    -10.00000          886          523      0.67566 
  145    -11.00000          790          474      0.66139 
  146    -12.00000          689          427      0.65412 
  147    -13.00000          619          392      0.62908 
  148    -14.00000          607          363      0.64124 
  149    -15.00000          588          332      0.65652 
  150    -16.00000          567          296      0.67903 
  151    -17.00000          548          285      0.68427 
  152    -18.00000          575          299      0.62014 
  153    -19.00000          640          336      0.62500 
  154    -20.00000          670          371      0.66475 
  155    -21.00000          645          389      0.70406 
  156    -22.00000          617          411      0.75097 
  157    -23.00000          590          414      0.77490 
  158    -24.00000          592          412      0.77092 
  159    -25.00000          579          405      0.77033 
  160    -26.00000          546          380      0.76458 
  161    -27.00000          499          344      0.75445 
  162    -28.00000          461          340      0.78402 
  163    -29.00000          439          324      0.78113 
  164    -30.00000          422          321      0.79408 
  165    -31.00000          406          300      0.78470 
  166    -32.00000          388          282      0.79104 
  167    -33.00000          352          244      0.77181 
  168    -34.00000          324          221      0.77431 
  169    -35.00000          282          184      0.75966 
  170    -36.00000          229          141      0.71351 
  171    -37.00000          184          112      0.63514 
  172    -38.00000          136           85      0.49774 
  173    -39.00000          111           63      0.45977 
  174    -40.00000           85           40      0.36800 
  175    -41.00000           50           13      0.09524 
  176    -42.00000           15            0      0.00000 
  177    -43.00000            0            0      0.00000 
  178    -44.00000            0            0      0.00000 
  179    -45.00000            0            0      0.00000 
  180    -46.00000            0            0      0.00000 
  181    -47.00000            0            0      0.00000 
  182    -48.00000            0            0      0.00000 
  183    -49.00000            0            0      0.00000 
  184    -50.00000            0            0      0.00000 
  185    -51.00000            0            0      0.00000 
  186    -52.00000            0            0      0.00000 
  187    -53.00000            0            0      0.00000 
  188    -54.00000            0            0      0.00000 
  189    -55.00000            0            0      0.00000 
  190    -56.00000            0            0      0.00000 
  191    -57.00000            0            0      0.00000 
  192    -58.00000            0            0      0.00000 
  193    -59.00000            0            0      0.00000 
  194    -60.00000            0            0      0.00000 
  195    -61.00000            0            0      0.00000 
  196    -62.00000            0            0      0.00000 
  197    -63.00000            0            0      0.00000 
  198    -64.00000            0            0      0.00000 
  199    -65.00000            0            0      0.00000 
  200    -66.00000            0            0      0.00000 
  201    -67.00000            0            0      0.00000 
  202    -68.00000            0            0      0.00000 
  203    -69.00000            0            0      0.00000 
  204    -70.00000            0            0      0.00000 
  205    -71.00000            0            0      0.00000 
  206    -72.00000            0            0      0.00000 
  207    -73.00000            0            0      0.00000 
  208    -74.00000            0            0      0.00000 
  209    -75.00000            0            0      0.00000 
  210    -76.00000            0            0      0.00000 
  211    -77.00000            0            0      0.00000 
  212    -78.00000            0            0      0.00000 
  213    -79.00000            0            0      0.00000 
  214    -80.00000            0            0      0.00000 
  215    -81.00000            0            0      0.00000 
  216    -82.00000            0            0      0.00000 
  217    -83.00000            0            0      0.00000 
  218    -84.00000            0            0      0.00000 
  219    -85.00000            0            0      0.00000 
  220    -86.00000            0            0      0.00000 
  221    -87.00000            0            0      0.00000 
  222    -88.00000            0            0      0.00000 
  223    -89.00000            0            0      0.00000 
  224    -90.00000            0            0      0.00000 
  225    -91.00000            0            0      0.00000 
  226    -92.00000            0            0      0.00000 
  227    -93.00000            0            0      0.00000 
  228    -94.00000            0            0      0.00000 
  229    -95.00000            0            0      0.00000 
  230    -96.00000            0            0      0.00000 
  231    -97.00000            0            0      0.00000 
  232    -98.00000            0            0      0.00000 
