# 3dSliceNDice -insetA 6m_1min_s1_m5_binary+orig -insetB 6m_1min_s2_m5_binary+orig -prefix 6m_1min_split_m5_binary
    0     96.00000            0            0      0.00000 
    1     95.00000            0            0      0.00000 
    2     94.00000            0            0      0.00000 
    3     93.00000            0            0      0.00000 
    4     92.00000            0            0      0.00000 
    5     91.00000            0            0      0.00000 
    6     90.00000            0            0      0.00000 
    7     89.00000            0            0      0.00000 
    8     88.00000            0            0      0.00000 
    9     87.00000            0            0      0.00000 
   10     86.00000            0            0      0.00000 
   11     85.00000            0            0      0.00000 
   12     84.00000            0            0      0.00000 
   13     83.00000            0            0      0.00000 
   14     82.00000            0            0      0.00000 
   15     81.00000            0            0      0.00000 
   16     80.00000            0            0      0.00000 
   17     79.00000            0            0      0.00000 
   18     78.00000            0            0      0.00000 
   19     77.00000            0            0      0.00000 
   20     76.00000            0            0      0.00000 
   21     75.00000            0            0      0.00000 
   22     74.00000            0            0      0.00000 
   23     73.00000            0            0      0.00000 
   24     72.00000            0            0      0.00000 
   25     71.00000            0            0      0.00000 
   26     70.00000            0            0      0.00000 
   27     69.00000            0            0      0.00000 
   28     68.00000            0            0      0.00000 
   29     67.00000            0            0      0.00000 
   30     66.00000            0            0      0.00000 
   31     65.00000            0            0      0.00000 
   32     64.00000            0            0      0.00000 
   33     63.00000            0            0      0.00000 
   34     62.00000            0            0      0.00000 
   35     61.00000            0            0      0.00000 
   36     60.00000            0            0      0.00000 
   37     59.00000            0            0      0.00000 
   38     58.00000            0            0      0.00000 
   39     57.00000            0            0      0.00000 
   40     56.00000            0            0      0.00000 
   41     55.00000            0            0      0.00000 
   42     54.00000            0            2      0.00000 
   43     53.00000            0           38      0.00000 
   44     52.00000           32           92      0.51613 
   45     51.00000           77          122      0.71357 
   46     50.00000          120          196      0.66456 
   47     49.00000          177          287      0.65086 
   48     48.00000          216          315      0.67043 
   49     47.00000          255          340      0.67563 
   50     46.00000          276          361      0.66248 
   51     45.00000          300          366      0.66066 
   52     44.00000          308          366      0.63501 
   53     43.00000          316          346      0.64048 
   54     42.00000          316          296      0.63072 
   55     41.00000          308          254      0.61566 
   56     40.00000          300          204      0.58730 
   57     39.00000          276          138      0.52657 
   58     38.00000          256           60      0.34810 
   59     37.00000          237            0      0.00000 
   60     36.00000          243            0      0.00000 
   61     35.00000          248            0      0.00000 
   62     34.00000          237            0      0.00000 
   63     33.00000          230            0      0.00000 
   64     32.00000          240           50      0.34483 
   65     31.00000          296          137      0.63279 
   66     30.00000          354          200      0.72202 
   67     29.00000          406          245      0.75269 
   68     28.00000          450          285      0.77551 
   69     27.00000          572          490      0.65725 
   70     26.00000          705          670      0.62691 
   71     25.00000          831          820      0.63356 
   72     24.00000          927          923      0.63459 
   73     23.00000         1009         1011      0.64158 
   74     22.00000         1252         1203      0.72831 
   75     21.00000         1458         1430      0.75416 
   76     20.00000         1616         1651      0.76400 
   77     19.00000         1732         1815      0.77023 
   78     18.00000         1833         1955      0.77561 
   79     17.00000         2398         2726      0.79742 
   80     16.00000         2789         3123      0.83660 
   81     15.00000         3084         3432      0.85881 
   82     14.00000         3286         3639      0.87134 
   83     13.00000         3446         3794      0.87873 
   84     12.00000         3666         3985      0.89426 
   85     11.00000         3852         4096      0.90211 
   86     10.00000         4042         4243      0.90477 
   87      9.00000         4173         4316      0.90494 
   88      8.00000         4285         4396      0.90727 
   89      7.00000         4488         4512      0.90356 
   90      6.00000         4567         4577      0.90223 
   91      5.00000         4620         4631      0.90563 
   92      4.00000         4583         4601      0.90396 
   93      3.00000         4516         4568      0.90357 
   94      2.00000         4395         4496      0.90429 
   95      1.00000         4204         4366      0.90712 
   96      0.00000         4056         4292      0.91160 
   97     -1.00000         4023         4333      0.90450 
   98     -2.00000         4116         4437      0.89933 
   99     -3.00000         4148         4489      0.88897 
  100     -4.00000         4138         4476      0.87880 
  101     -5.00000         4078         4440      0.87110 
  102     -6.00000         3916         4309      0.86395 
  103     -7.00000         3675         4115      0.84596 
  104     -8.00000         3268         3836      0.82235 
  105     -9.00000         3105         3658      0.82242 
  106    -10.00000         2878         3408      0.82564 
  107    -11.00000         2570         3025      0.82431 
  108    -12.00000         2127         2486      0.82896 
  109    -13.00000         1577         1558      0.85550 
  110    -14.00000         1535         1535      0.84235 
  111    -15.00000         1478         1498      0.83669 
  112    -16.00000         1370         1400      0.83032 
  113    -17.00000         1193         1221      0.81027 
  114    -18.00000          947          986      0.88257 
  115    -19.00000          948          981      0.87714 
  116    -20.00000          946          974      0.86979 
  117    -21.00000          924          929      0.86239 
  118    -22.00000          920          911      0.86510 
  119    -23.00000          910          983      0.80718 
  120    -24.00000          885         1052      0.76304 
  121    -25.00000          861         1107      0.73374 
  122    -26.00000          814         1114      0.70228 
  123    -27.00000          772         1119      0.68429 
  124    -28.00000          697         1110      0.65412 
  125    -29.00000          622         1060      0.62782 
  126    -30.00000          527         1008      0.59153 
  127    -31.00000          417          921      0.54260 
  128    -32.00000          327          843      0.48376 
  129    -33.00000          277          762      0.46776 
  130    -34.00000          237          694      0.44468 
  131    -35.00000          189          631      0.41220 
  132    -36.00000          137          543      0.37059 
  133    -37.00000           95          475      0.32982 
  134    -38.00000           62          375      0.28375 
  135    -39.00000           30          292      0.18634 
  136    -40.00000            7          195      0.06931 
  137    -41.00000            0          120      0.00000 
  138    -42.00000            0           60      0.00000 
  139    -43.00000            0            0      0.00000 
  140    -44.00000            0            0      0.00000 
  141    -45.00000            0            0      0.00000 
  142    -46.00000            0            0      0.00000 
  143    -47.00000            0            0      0.00000 
  144    -48.00000            0            0      0.00000 
  145    -49.00000            0            0      0.00000 
  146    -50.00000            0            0      0.00000 
  147    -51.00000            0            0      0.00000 
  148    -52.00000            0            0      0.00000 
  149    -53.00000            0            0      0.00000 
  150    -54.00000            0            0      0.00000 
  151    -55.00000            0            0      0.00000 
  152    -56.00000            0            0      0.00000 
  153    -57.00000            0            0      0.00000 
  154    -58.00000            0            0      0.00000 
  155    -59.00000            0            0      0.00000 
  156    -60.00000            0            0      0.00000 
  157    -61.00000            0            0      0.00000 
  158    -62.00000            0            0      0.00000 
  159    -63.00000            0            0      0.00000 
  160    -64.00000            0            0      0.00000 
  161    -65.00000            0            0      0.00000 
  162    -66.00000            0            0      0.00000 
  163    -67.00000            0            0      0.00000 
  164    -68.00000            0            0      0.00000 
  165    -69.00000            0            0      0.00000 
  166    -70.00000            0            0      0.00000 
  167    -71.00000            0            0      0.00000 
  168    -72.00000            0            0      0.00000 
  169    -73.00000            0            0      0.00000 
  170    -74.00000            0            0      0.00000 
  171    -75.00000            0            0      0.00000 
  172    -76.00000            0            0      0.00000 
  173    -77.00000            0            0      0.00000 
  174    -78.00000            0            0      0.00000 
  175    -79.00000            0            0      0.00000 
  176    -80.00000            0            0      0.00000 
  177    -81.00000            0            0      0.00000 
  178    -82.00000            0            0      0.00000 
  179    -83.00000            0            0      0.00000 
  180    -84.00000            0            0      0.00000 
  181    -85.00000            0            0      0.00000 
  182    -86.00000            0            0      0.00000 
  183    -87.00000            0            0      0.00000 
  184    -88.00000            0            0      0.00000 
  185    -89.00000            0            0      0.00000 
  186    -90.00000            0            0      0.00000 
  187    -91.00000            0            0      0.00000 
  188    -92.00000            0            0      0.00000 
  189    -93.00000            0            0      0.00000 
  190    -94.00000            0            0      0.00000 
  191    -95.00000            0            0      0.00000 
  192    -96.00000            0            0      0.00000 
  193    -97.00000            0            0      0.00000 
  194    -98.00000            0            0      0.00000 
