# 3dSliceNDice -insetA 6m_1min_s1_m1_binary+orig -insetB 6m_1min_s2_m1_binary+orig -prefix 6m_1min_split_m1_binary
    0    -72.00000            0            0      0.00000 
    1    -71.00000            0            0      0.00000 
    2    -70.00000            0            0      0.00000 
    3    -69.00000            0            0      0.00000 
    4    -68.00000            0            0      0.00000 
    5    -67.00000            0            0      0.00000 
    6    -66.00000            0            0      0.00000 
    7    -65.00000            0            0      0.00000 
    8    -64.00000            0            0      0.00000 
    9    -63.00000            0            0      0.00000 
   10    -62.00000            0            0      0.00000 
   11    -61.00000            0            0      0.00000 
   12    -60.00000            0            0      0.00000 
   13    -59.00000            0            0      0.00000 
   14    -58.00000            0            0      0.00000 
   15    -57.00000            0            0      0.00000 
   16    -56.00000            0            0      0.00000 
   17    -55.00000            0            0      0.00000 
   18    -54.00000            0            0      0.00000 
   19    -53.00000            0            0      0.00000 
   20    -52.00000            0            0      0.00000 
   21    -51.00000            1            1      1.00000 
   22    -50.00000          273          273      1.00000 
   23    -49.00000          612          612      1.00000 
   24    -48.00000         1072         1079      0.99675 
   25    -47.00000         1318         1336      0.99246 
   26    -46.00000         1574         1608      0.98743 
   27    -45.00000         1774         1832      0.97948 
   28    -44.00000         1897         1970      0.97078 
   29    -43.00000         2043         2129      0.96405 
   30    -42.00000         2141         2252      0.95789 
   31    -41.00000         2232         2368      0.95261 
   32    -40.00000         2312         2463      0.95079 
   33    -39.00000         2386         2533      0.95141 
   34    -38.00000         2441         2593      0.94875 
   35    -37.00000         2432         2570      0.94602 
   36    -36.00000         2436         2567      0.94144 
   37    -35.00000         2409         2545      0.93783 
   38    -34.00000         2361         2486      0.93749 
   39    -33.00000         2334         2435      0.94317 
   40    -32.00000         2395         2581      0.91399 
   41    -31.00000         2476         2796      0.88885 
   42    -30.00000         2481         2908      0.87103 
   43    -29.00000         2433         2993      0.84740 
   44    -28.00000         2346         3040      0.81025 
   45    -27.00000         2256         3084      0.78165 
   46    -26.00000         2285         3115      0.78444 
   47    -25.00000         2336         3143      0.78700 
   48    -24.00000         2307         3084      0.78427 
   49    -23.00000         2268         2985      0.77137 
   50    -22.00000         2211         2963      0.74952 
   51    -21.00000         2247         3101      0.74607 
   52    -20.00000         2246         3185      0.74572 
   53    -19.00000         2202         3159      0.75620 
   54    -18.00000         2085         3130      0.76510 
   55    -17.00000         1941         3023      0.76753 
   56    -16.00000         1974         2890      0.77426 
   57    -15.00000         2025         2750      0.77194 
   58    -14.00000         2072         2506      0.75841 
   59    -13.00000         2054         2173      0.74284 
   60    -12.00000         1976         1858      0.72979 
   61    -11.00000         2007         1866      0.70540 
   62    -10.00000         2037         1839      0.68215 
   63     -9.00000         2056         1763      0.65672 
   64     -8.00000         2074         1641      0.62880 
   65     -7.00000         2261         1581      0.63769 
   66     -6.00000         2442         1695      0.67489 
   67     -5.00000         2601         1809      0.68798 
   68     -4.00000         2698         1875      0.70676 
   69     -3.00000         2768         1935      0.72464 
   70     -2.00000         2873         2036      0.73294 
   71     -1.00000         2965         2144      0.73909 
   72      0.00000         3041         2252      0.75043 
   73      1.00000         2989         2275      0.75532 
   74      2.00000         2921         2313      0.74551 
   75      3.00000         2866         2298      0.73664 
   76      4.00000         2845         2253      0.72891 
   77      5.00000         2825         2222      0.72439 
   78      6.00000         2715         2105      0.72324 
   79      7.00000         2591         1959      0.72440 
   80      8.00000         2460         1847      0.73276 
   81      9.00000         2417         1843      0.71033 
   82     10.00000         2363         1813      0.68870 
   83     11.00000         2253         1719      0.66264 
   84     12.00000         2131         1622      0.64162 
   85     13.00000         2001         1587      0.65608 
   86     14.00000         2069         1644      0.67546 
   87     15.00000         2113         1673      0.68410 
   88     16.00000         2055         1614      0.67757 
   89     17.00000         2004         1564      0.66368 
   90     18.00000         1967         1774      0.71478 
   91     19.00000         2008         1997      0.74707 
   92     20.00000         2052         2142      0.77969 
   93     21.00000         2028         2188      0.79507 
   94     22.00000         1984         2193      0.81063 
   95     23.00000         2008         2212      0.81090 
   96     24.00000         2007         2201      0.81416 
   97     25.00000         2019         2193      0.81434 
   98     26.00000         1952         2136      0.81311 
   99     27.00000         1872         2034      0.80952 
  100     28.00000         1784         1904      0.81399 
  101     29.00000         1702         1809      0.81629 
  102     30.00000         1641         1748      0.82089 
  103     31.00000         1543         1667      0.83178 
  104     32.00000         1478         1621      0.83963 
  105     33.00000         1365         1530      0.84836 
  106     34.00000         1239         1420      0.85446 
  107     35.00000         1110         1324      0.85785 
  108     36.00000          983         1218      0.86779 
  109     37.00000          883         1134      0.86763 
  110     38.00000          833         1141      0.83891 
  111     39.00000          791         1146      0.81260 
  112     40.00000          732         1114      0.79090 
  113     41.00000          651         1027      0.77592 
  114     42.00000          556          944      0.74133 
  115     43.00000          511          867      0.74165 
  116     44.00000          483          783      0.76303 
  117     45.00000          473          720      0.79296 
  118     46.00000          443          634      0.82266 
  119     47.00000          423          561      0.85976 
  120     48.00000          385          505      0.86517 
  121     49.00000          327          435      0.85827 
  122     50.00000          260          354      0.84691 
  123     51.00000          196          274      0.83404 
  124     52.00000          155          210      0.84932 
  125     53.00000          109          147      0.85156 
  126     54.00000           57           69      0.90476 
  127     55.00000           23           33      0.82143 
  128     56.00000            0            0      0.00000 
  129     57.00000            0            0      0.00000 
  130     58.00000            0            0      0.00000 
  131     59.00000            0            0      0.00000 
  132     60.00000            0            0      0.00000 
  133     61.00000            0            0      0.00000 
  134     62.00000            0            0      0.00000 
  135     63.00000            0            0      0.00000 
  136     64.00000            0            0      0.00000 
  137     65.00000            0            0      0.00000 
  138     66.00000            0            0      0.00000 
  139     67.00000            0            0      0.00000 
  140     68.00000            0            0      0.00000 
  141     69.00000            0            0      0.00000 
  142     70.00000            0            0      0.00000 
  143     71.00000            0            0      0.00000 
  144     72.00000            0            0      0.00000 
  145     73.00000            0            0      0.00000 
  146     74.00000            0            0      0.00000 
  147     75.00000            0            0      0.00000 
  148     76.00000            0            0      0.00000 
  149     77.00000            0            0      0.00000 
  150     78.00000            0            0      0.00000 
  151     79.00000            0            0      0.00000 
  152     80.00000            0            0      0.00000 
  153     81.00000            0            0      0.00000 
  154     82.00000            0            0      0.00000 
  155     83.00000            0            0      0.00000 
  156     84.00000            0            0      0.00000 
  157     85.00000            0            0      0.00000 
  158     86.00000            0            0      0.00000 
