# 3dSliceNDice -insetA 6m_1min_s1_m3_binary+orig -insetB 6m_1min_s2_m3_binary+orig -prefix 6m_1min_split_m3_binary
    0    -72.00000            0            0      0.00000 
    1    -71.00000            0            0      0.00000 
    2    -70.00000            0            0      0.00000 
    3    -69.00000            0            0      0.00000 
    4    -68.00000            0            0      0.00000 
    5    -67.00000            0            0      0.00000 
    6    -66.00000            0            0      0.00000 
    7    -65.00000            0            0      0.00000 
    8    -64.00000            0            0      0.00000 
    9    -63.00000            0            0      0.00000 
   10    -62.00000            0            0      0.00000 
   11    -61.00000            0            0      0.00000 
   12    -60.00000            0            0      0.00000 
   13    -59.00000            0            0      0.00000 
   14    -58.00000            0            0      0.00000 
   15    -57.00000            0            0      0.00000 
   16    -56.00000            0            0      0.00000 
   17    -55.00000            0            0      0.00000 
   18    -54.00000            0            0      0.00000 
   19    -53.00000            0            0      0.00000 
   20    -52.00000            0            0      0.00000 
   21    -51.00000            0            0      0.00000 
   22    -50.00000            0            0      0.00000 
   23    -49.00000            0            0      0.00000 
   24    -48.00000            0            0      0.00000 
   25    -47.00000           33            0      0.00000 
   26    -46.00000           67            0      0.00000 
   27    -45.00000          106            0      0.00000 
   28    -44.00000          138            0      0.00000 
   29    -43.00000          178            0      0.00000 
   30    -42.00000          211            0      0.00000 
   31    -41.00000          242            0      0.00000 
   32    -40.00000          279            0      0.00000 
   33    -39.00000          327            0      0.00000 
   34    -38.00000          375            0      0.00000 
   35    -37.00000          417            4      0.00000 
   36    -36.00000          473           49      0.06130 
   37    -35.00000          527          108      0.14488 
   38    -34.00000          584          179      0.20446 
   39    -33.00000          631          243      0.24714 
   40    -32.00000          999          431      0.53846 
   41    -31.00000         1255          655      0.65654 
   42    -30.00000         1433          823      0.70124 
   43    -29.00000         1577          945      0.72165 
   44    -28.00000         1693         1040      0.73546 
   45    -27.00000         1956         1424      0.75799 
   46    -26.00000         2231         1817      0.78557 
   47    -25.00000         2505         2125      0.80130 
   48    -24.00000         2690         2341      0.81018 
   49    -23.00000         2853         2524      0.81570 
   50    -22.00000         3737         3392      0.85370 
   51    -21.00000         4100         3832      0.86132 
   52    -20.00000         4341         4120      0.86467 
   53    -19.00000         4478         4310      0.86686 
   54    -18.00000         4549         4447      0.86994 
   55    -17.00000         4824         4719      0.87499 
   56    -16.00000         5039         4927      0.87778 
   57    -15.00000         5218         5142      0.87799 
   58    -14.00000         5261         5294      0.87996 
   59    -13.00000         5161         5354      0.88787 
   60    -12.00000         5051         5342      0.89964 
   61    -11.00000         5039         5273      0.90109 
   62    -10.00000         5042         5224      0.90142 
   63     -9.00000         4933         5079      0.89932 
   64     -8.00000         4799         4903      0.89796 
   65     -7.00000         4706         4672      0.90019 
   66     -6.00000         4650         4617      0.89004 
   67     -5.00000         4578         4526      0.88225 
   68     -4.00000         4419         4380      0.87896 
   69     -3.00000         4236         4246      0.87692 
   70     -2.00000         4016         4126      0.88258 
   71     -1.00000         3878         4114      0.88739 
   72      0.00000         3714         4063      0.88543 
   73      1.00000         3453         3915      0.88301 
   74      2.00000         3204         3737      0.87884 
   75      3.00000         2952         3529      0.86190 
   76      4.00000         2955         3458      0.86761 
   77      5.00000         2893         3323      0.87355 
   78      6.00000         2679         3033      0.87360 
   79      7.00000         2247         2528      0.83812 
   80      8.00000         1726         1308      0.58339 
   81      9.00000         1767         1370      0.62990 
   82     10.00000         1787         1413      0.68250 
   83     11.00000         1723         1421      0.71947 
   84     12.00000         1559         1384      0.78491 
   85     13.00000         1373         1349      0.85746 
   86     14.00000         1392         1338      0.83663 
   87     15.00000         1424         1336      0.81667 
   88     16.00000         1427         1293      0.80147 
   89     17.00000         1435         1234      0.77782 
   90     18.00000         1598         1480      0.75374 
   91     19.00000         1752         1713      0.78326 
   92     20.00000         1892         1851      0.81966 
   93     21.00000         1947         1888      0.84746 
   94     22.00000         1972         1892      0.86542 
   95     23.00000         1970         1876      0.87572 
   96     24.00000         1946         1868      0.88621 
   97     25.00000         1933         1866      0.89339 
   98     26.00000         1856         1815      0.90003 
   99     27.00000         1760         1753      0.90806 
  100     28.00000         1670         1681      0.91316 
  101     29.00000         1605         1626      0.91241 
  102     30.00000         1539         1576      0.91300 
  103     31.00000         1462         1499      0.91523 
  104     32.00000         1405         1455      0.91329 
  105     33.00000         1296         1367      0.91701 
  106     34.00000         1193         1279      0.92071 
  107     35.00000         1080         1192      0.92430 
  108     36.00000          996         1095      0.92779 
  109     37.00000          948         1015      0.92715 
  110     38.00000          887          911      0.92659 
  111     39.00000          824          812      0.92787 
  112     40.00000          752          703      0.92371 
  113     41.00000          689          616      0.92567 
  114     42.00000          638          550      0.92593 
  115     43.00000          560          469      0.91156 
  116     44.00000          490          401      0.90011 
  117     45.00000          418          335      0.88977 
  118     46.00000          361          272      0.85940 
  119     47.00000          314          223      0.83054 
  120     48.00000          274          170      0.76577 
  121     49.00000          218          114      0.68675 
  122     50.00000          156           73      0.63755 
  123     51.00000           98           31      0.48062 
  124     52.00000           55            2      0.07018 
  125     53.00000           21            0      0.00000 
  126     54.00000            2            0      0.00000 
  127     55.00000            0            0      0.00000 
  128     56.00000            0            0      0.00000 
  129     57.00000            0            0      0.00000 
  130     58.00000            0            0      0.00000 
  131     59.00000            0            0      0.00000 
  132     60.00000            0            0      0.00000 
  133     61.00000            0            0      0.00000 
  134     62.00000            0            0      0.00000 
  135     63.00000            0            0      0.00000 
  136     64.00000            0            0      0.00000 
  137     65.00000            0            0      0.00000 
  138     66.00000            0            0      0.00000 
  139     67.00000            0            0      0.00000 
  140     68.00000            0            0      0.00000 
  141     69.00000            0            0      0.00000 
  142     70.00000            0            0      0.00000 
  143     71.00000            0            0      0.00000 
  144     72.00000            0            0      0.00000 
  145     73.00000            0            0      0.00000 
  146     74.00000            0            0      0.00000 
  147     75.00000            0            0      0.00000 
  148     76.00000            0            0      0.00000 
  149     77.00000            0            0      0.00000 
  150     78.00000            0            0      0.00000 
  151     79.00000            0            0      0.00000 
  152     80.00000            0            0      0.00000 
  153     81.00000            0            0      0.00000 
  154     82.00000            0            0      0.00000 
  155     83.00000            0            0      0.00000 
  156     84.00000            0            0      0.00000 
  157     85.00000            0            0      0.00000 
  158     86.00000            0            0      0.00000 
