# 3dSliceNDice -insetA 6m_1min_s1_m4_binary+orig -insetB 6m_1min_s2_m4_binary+orig -prefix 6m_1min_split_m4_binary
    0     96.00000            0            0      0.00000 
    1     95.00000            0            0      0.00000 
    2     94.00000            0            0      0.00000 
    3     93.00000            0            0      0.00000 
    4     92.00000            0            0      0.00000 
    5     91.00000            0            0      0.00000 
    6     90.00000            0            0      0.00000 
    7     89.00000            0            0      0.00000 
    8     88.00000            0            0      0.00000 
    9     87.00000            0            0      0.00000 
   10     86.00000            0            0      0.00000 
   11     85.00000            0            0      0.00000 
   12     84.00000            0            0      0.00000 
   13     83.00000            0            0      0.00000 
   14     82.00000            0            0      0.00000 
   15     81.00000            0            0      0.00000 
   16     80.00000            0            0      0.00000 
   17     79.00000            0            0      0.00000 
   18     78.00000            0            0      0.00000 
   19     77.00000            0            0      0.00000 
   20     76.00000            0            0      0.00000 
   21     75.00000            0            0      0.00000 
   22     74.00000            0            0      0.00000 
   23     73.00000            0            0      0.00000 
   24     72.00000            0            0      0.00000 
   25     71.00000            0            0      0.00000 
   26     70.00000            0            0      0.00000 
   27     69.00000            0            0      0.00000 
   28     68.00000            0            0      0.00000 
   29     67.00000            0            0      0.00000 
   30     66.00000            0            0      0.00000 
   31     65.00000            0            0      0.00000 
   32     64.00000            0            0      0.00000 
   33     63.00000            0            0      0.00000 
   34     62.00000            0            0      0.00000 
   35     61.00000            0            0      0.00000 
   36     60.00000            0            0      0.00000 
   37     59.00000            0            0      0.00000 
   38     58.00000            0            0      0.00000 
   39     57.00000            0            0      0.00000 
   40     56.00000            0            0      0.00000 
   41     55.00000            0            0      0.00000 
   42     54.00000           14           14      1.00000 
   43     53.00000           44           44      1.00000 
   44     52.00000           87           92      0.97207 
   45     51.00000          123          147      0.91111 
   46     50.00000          160          205      0.87671 
   47     49.00000          184          247      0.85383 
   48     48.00000          201          281      0.83402 
   49     47.00000          211          313      0.80534 
   50     46.00000          215          332      0.78611 
   51     45.00000          213          351      0.75532 
   52     44.00000          221          365      0.75427 
   53     43.00000          238          391      0.75676 
   54     42.00000          256          419      0.75852 
   55     41.00000          286          454      0.77297 
   56     40.00000          289          467      0.76455 
   57     39.00000          271          453      0.74862 
   58     38.00000          256          441      0.73458 
   59     37.00000          216          407      0.69342 
   60     36.00000          180          372      0.65217 
   61     35.00000          140          336      0.58824 
   62     34.00000           88          288      0.46809 
   63     33.00000           32          256      0.22222 
   64     32.00000            0          216      0.00000 
   65     31.00000            0          180      0.00000 
   66     30.00000            0          140      0.00000 
   67     29.00000            0           88      0.00000 
   68     28.00000            0           32      0.00000 
   69     27.00000            0           53      0.00000 
   70     26.00000            0          120      0.00000 
   71     25.00000            0          169      0.00000 
   72     24.00000            0          211      0.00000 
   73     23.00000            0          249      0.00000 
   74     22.00000          997          868      0.82359 
   75     21.00000         1311         1129      0.86885 
   76     20.00000         1488         1289      0.88081 
   77     19.00000         1613         1402      0.88690 
   78     18.00000         1710         1487      0.89334 
   79     17.00000         1869         1622      0.91836 
   80     16.00000         1990         1775      0.93918 
   81     15.00000         2112         1917      0.94614 
   82     14.00000         2190         2014      0.95147 
   83     13.00000         2255         2094      0.95378 
   84     12.00000         2444         2391      0.92699 
   85     11.00000         2613         2644      0.92448 
   86     10.00000         2772         2849      0.92866 
   87      9.00000         2866         2975      0.93100 
   88      8.00000         2935         3061      0.93429 
   89      7.00000         3099         3177      0.94997 
   90      6.00000         3173         3238      0.96241 
   91      5.00000         3215         3303      0.96625 
   92      4.00000         3218         3319      0.96742 
   93      3.00000         3183         3284      0.96861 
   94      2.00000         3122         3260      0.96584 
   95      1.00000         2996         3176      0.96111 
   96      0.00000         2907         3099      0.95937 
   97     -1.00000         2969         3170      0.95748 
   98     -2.00000         3121         3350      0.95565 
   99     -3.00000         3300         3586      0.94946 
  100     -4.00000         3437         3759      0.94691 
  101     -5.00000         3541         3887      0.94615 
  102     -6.00000         3604         3920      0.94843 
  103     -7.00000         3657         3977      0.94708 
  104     -8.00000         3662         3967      0.94613 
  105     -9.00000         3629         3923      0.94544 
  106    -10.00000         3578         3856      0.94512 
  107    -11.00000         3467         3734      0.94376 
  108    -12.00000         3319         3549      0.93914 
  109    -13.00000         3142         3187      0.89493 
  110    -14.00000         3069         3092      0.87323 
  111    -15.00000         2947         2946      0.85491 
  112    -16.00000         2722         2668      0.82523 
  113    -17.00000         2364         2331      0.78466 
  114    -18.00000         1870         1955      0.74824 
  115    -19.00000         1744         1868      0.73865 
  116    -20.00000         1611         1760      0.72738 
  117    -21.00000         1393         1570      0.70537 
  118    -22.00000         1175         1391      0.68901 
  119    -23.00000          937         1331      0.60317 
  120    -24.00000          853         1404      0.53700 
  121    -25.00000          764         1444      0.47645 
  122    -26.00000          658         1439      0.40629 
  123    -27.00000          558         1421      0.34765 
  124    -28.00000          582         1414      0.30661 
  125    -29.00000          689         1395      0.30422 
  126    -30.00000          746         1370      0.29679 
  127    -31.00000          748         1262      0.28358 
  128    -32.00000          715         1153      0.27302 
  129    -33.00000          747         1169      0.38205 
  130    -34.00000          840         1214      0.50341 
  131    -35.00000          944         1244      0.58501 
  132    -36.00000         1010         1235      0.64232 
  133    -37.00000         1071         1219      0.68210 
  134    -38.00000         1124         1215      0.72082 
  135    -39.00000         1140         1199      0.72339 
  136    -40.00000         1173         1167      0.72222 
  137    -41.00000         1135         1080      0.69436 
  138    -42.00000         1095         1023      0.67139 
  139    -43.00000         1098         1051      0.66543 
  140    -44.00000         1084         1083      0.66728 
  141    -45.00000         1071         1118      0.66606 
  142    -46.00000         1031         1099      0.67042 
  143    -47.00000         1007         1059      0.66989 
  144    -48.00000          949         1024      0.68322 
  145    -49.00000          882          935      0.69235 
  146    -50.00000          815          849      0.71274 
  147    -51.00000          702          705      0.72353 
  148    -52.00000          623          575      0.76127 
  149    -53.00000          526          446      0.80453 
  150    -54.00000          434          346      0.85385 
  151    -55.00000          352          297      0.88136 
  152    -56.00000          259          248      0.96647 
  153    -57.00000          183          183      1.00000 
  154    -58.00000            6            6      1.00000 
  155    -59.00000            0            0      0.00000 
  156    -60.00000            0            0      0.00000 
  157    -61.00000            0            0      0.00000 
  158    -62.00000            0            0      0.00000 
  159    -63.00000            0            0      0.00000 
  160    -64.00000            0            0      0.00000 
  161    -65.00000            0            0      0.00000 
  162    -66.00000            0            0      0.00000 
  163    -67.00000            0            0      0.00000 
  164    -68.00000            0            0      0.00000 
  165    -69.00000            0            0      0.00000 
  166    -70.00000            0            0      0.00000 
  167    -71.00000            0            0      0.00000 
  168    -72.00000            0            0      0.00000 
  169    -73.00000            0            0      0.00000 
  170    -74.00000            0            0      0.00000 
  171    -75.00000            0            0      0.00000 
  172    -76.00000            0            0      0.00000 
  173    -77.00000            0            0      0.00000 
  174    -78.00000            0            0      0.00000 
  175    -79.00000            0            0      0.00000 
  176    -80.00000            0            0      0.00000 
  177    -81.00000            0            0      0.00000 
  178    -82.00000            0            0      0.00000 
  179    -83.00000            0            0      0.00000 
  180    -84.00000            0            0      0.00000 
  181    -85.00000            0            0      0.00000 
  182    -86.00000            0            0      0.00000 
  183    -87.00000            0            0      0.00000 
  184    -88.00000            0            0      0.00000 
  185    -89.00000            0            0      0.00000 
  186    -90.00000            0            0      0.00000 
  187    -91.00000            0            0      0.00000 
  188    -92.00000            0            0      0.00000 
  189    -93.00000            0            0      0.00000 
  190    -94.00000            0            0      0.00000 
  191    -95.00000            0            0      0.00000 
  192    -96.00000            0            0      0.00000 
  193    -97.00000            0            0      0.00000 
  194    -98.00000            0            0      0.00000 
