# 3dSliceNDice -insetA 6m_1min_s1_m2_binary+orig -insetB 6m_1min_s2_m2_binary+orig -prefix 6m_1min_split_m2_binary
    0    -72.00000            0            0      0.00000 
    1    -71.00000            0            0      0.00000 
    2    -70.00000            0            0      0.00000 
    3    -69.00000            0            0      0.00000 
    4    -68.00000            0            0      0.00000 
    5    -67.00000            0            0      0.00000 
    6    -66.00000            0            0      0.00000 
    7    -65.00000            0            0      0.00000 
    8    -64.00000            0            0      0.00000 
    9    -63.00000            0            0      0.00000 
   10    -62.00000            0            0      0.00000 
   11    -61.00000            0            0      0.00000 
   12    -60.00000            0            0      0.00000 
   13    -59.00000            0            0      0.00000 
   14    -58.00000            0            0      0.00000 
   15    -57.00000            0            0      0.00000 
   16    -56.00000            0            0      0.00000 
   17    -55.00000            0            0      0.00000 
   18    -54.00000            0            0      0.00000 
   19    -53.00000            0            0      0.00000 
   20    -52.00000            0            0      0.00000 
   21    -51.00000            1            1      1.00000 
   22    -50.00000          273          273      1.00000 
   23    -49.00000          612          612      1.00000 
   24    -48.00000         1079         1079      1.00000 
   25    -47.00000         1337         1337      1.00000 
   26    -46.00000         1613         1613      1.00000 
   27    -45.00000         1857         1867      0.99678 
   28    -44.00000         2014         2034      0.99308 
   29    -43.00000         2198         2225      0.98711 
   30    -42.00000         2347         2367      0.98260 
   31    -41.00000         2497         2499      0.97398 
   32    -40.00000         2625         2605      0.96673 
   33    -39.00000         2752         2694      0.95924 
   34    -38.00000         2847         2779      0.95201 
   35    -37.00000         2862         2785      0.94599 
   36    -36.00000         2871         2816      0.93934 
   37    -35.00000         2846         2824      0.93157 
   38    -34.00000         2784         2800      0.92264 
   39    -33.00000         2736         2800      0.92016 
   40    -32.00000         2673         2771      0.91293 
   41    -31.00000         2651         2783      0.90762 
   42    -30.00000         2622         2776      0.90107 
   43    -29.00000         2623         2751      0.89840 
   44    -28.00000         2655         2717      0.90469 
   45    -27.00000         2644         2652      0.91956 
   46    -26.00000         2634         2647      0.92482 
   47    -25.00000         2619         2627      0.93214 
   48    -24.00000         2537         2544      0.93919 
   49    -23.00000         2455         2460      0.94201 
   50    -22.00000         2364         2367      0.94568 
   51    -21.00000         2284         2283      0.94504 
   52    -20.00000         2173         2179      0.94531 
   53    -19.00000         2003         2035      0.94552 
   54    -18.00000         1821         1919      0.94920 
   55    -17.00000         1756         1841      0.92132 
   56    -16.00000         1775         1818      0.91066 
   57    -15.00000         1754         1776      0.90482 
   58    -14.00000         1664         1666      0.89610 
   59    -13.00000         1558         1548      0.87379 
   60    -12.00000         1502         1483      0.82881 
   61    -11.00000         1523         1493      0.82427 
   62    -10.00000         1520         1464      0.82172 
   63     -9.00000         1442         1371      0.81408 
   64     -8.00000         1279         1216      0.80080 
   65     -7.00000          855          909      0.69501 
   66     -6.00000          887          932      0.69929 
   67     -5.00000          933          960      0.70893 
   68     -4.00000          954          950      0.72269 
   69     -3.00000          967          933      0.74105 
   70     -2.00000          965          932      0.74539 
   71     -1.00000          951          940      0.73823 
   72      0.00000          931          952      0.73287 
   73      1.00000          894          927      0.72048 
   74      2.00000          861          916      0.70456 
   75      3.00000          795          884      0.68136 
   76      4.00000          731          843      0.65820 
   77      5.00000          656          792      0.62983 
   78      6.00000          549          703      0.59105 
   79      7.00000          446          595      0.55331 
   80      8.00000          365          432      0.54203 
   81      9.00000          325          360      0.52555 
   82     10.00000          274          280      0.50542 
   83     11.00000          201          176      0.46684 
   84     12.00000           92           64      0.41026 
   85     13.00000            0            0      0.00000 
   86     14.00000            0            0      0.00000 
   87     15.00000            0            0      0.00000 
   88     16.00000            0            0      0.00000 
   89     17.00000            0            0      0.00000 
   90     18.00000            0            0      0.00000 
   91     19.00000            0            0      0.00000 
   92     20.00000            0            0      0.00000 
   93     21.00000            0            0      0.00000 
   94     22.00000            0            0      0.00000 
   95     23.00000            0           32      0.00000 
   96     24.00000            0           88      0.00000 
   97     25.00000            0          137      0.00000 
   98     26.00000            0          167      0.00000 
   99     27.00000            0          187      0.00000 
  100     28.00000            0          205      0.00000 
  101     29.00000            0          210      0.00000 
  102     30.00000            0          209      0.00000 
  103     31.00000            0          202      0.00000 
  104     32.00000            0          192      0.00000 
  105     33.00000            0          181      0.00000 
  106     34.00000            0          169      0.00000 
  107     35.00000            0          153      0.00000 
  108     36.00000            0          127      0.00000 
  109     37.00000            0          105      0.00000 
  110     38.00000            0           72      0.00000 
  111     39.00000            0           44      0.00000 
  112     40.00000            0           13      0.00000 
  113     41.00000            0            0      0.00000 
  114     42.00000            0            0      0.00000 
  115     43.00000            0            0      0.00000 
  116     44.00000            0            0      0.00000 
  117     45.00000            0            0      0.00000 
  118     46.00000            0            0      0.00000 
  119     47.00000            0            0      0.00000 
  120     48.00000            0            0      0.00000 
  121     49.00000            0            0      0.00000 
  122     50.00000            0            0      0.00000 
  123     51.00000            0            0      0.00000 
  124     52.00000            0            0      0.00000 
  125     53.00000            0            0      0.00000 
  126     54.00000            0            0      0.00000 
  127     55.00000            0            0      0.00000 
  128     56.00000            0            0      0.00000 
  129     57.00000            0            0      0.00000 
  130     58.00000            0            0      0.00000 
  131     59.00000            0            0      0.00000 
  132     60.00000            0            0      0.00000 
  133     61.00000            0            0      0.00000 
  134     62.00000            0            0      0.00000 
  135     63.00000            0            0      0.00000 
  136     64.00000            0            0      0.00000 
  137     65.00000            0            0      0.00000 
  138     66.00000            0            0      0.00000 
  139     67.00000            0            0      0.00000 
  140     68.00000            0            0      0.00000 
  141     69.00000            0            0      0.00000 
  142     70.00000            0            0      0.00000 
  143     71.00000            0            0      0.00000 
  144     72.00000            0            0      0.00000 
  145     73.00000            0            0      0.00000 
  146     74.00000            0            0      0.00000 
  147     75.00000            0            0      0.00000 
  148     76.00000            0            0      0.00000 
  149     77.00000            0            0      0.00000 
  150     78.00000            0            0      0.00000 
  151     79.00000            0            0      0.00000 
  152     80.00000            0            0      0.00000 
  153     81.00000            0            0      0.00000 
  154     82.00000            0            0      0.00000 
  155     83.00000            0            0      0.00000 
  156     84.00000            0            0      0.00000 
  157     85.00000            0            0      0.00000 
  158     86.00000            0            0      0.00000 
