# 3dSliceNDice -insetA 6m_1min_s1_m1_binary+orig -insetB 6m_1min_s2_m1_binary+orig -prefix 6m_1min_split_m1_binary
    0     96.00000            0            0      0.00000 
    1     95.00000            0            0      0.00000 
    2     94.00000            0            0      0.00000 
    3     93.00000            0            0      0.00000 
    4     92.00000            0            0      0.00000 
    5     91.00000            0            0      0.00000 
    6     90.00000            0            0      0.00000 
    7     89.00000            0            0      0.00000 
    8     88.00000            0            0      0.00000 
    9     87.00000            0            0      0.00000 
   10     86.00000            0            0      0.00000 
   11     85.00000            0            0      0.00000 
   12     84.00000            0            0      0.00000 
   13     83.00000            0            0      0.00000 
   14     82.00000            0            0      0.00000 
   15     81.00000            0            0      0.00000 
   16     80.00000            0            0      0.00000 
   17     79.00000            0            0      0.00000 
   18     78.00000            0            0      0.00000 
   19     77.00000            0            0      0.00000 
   20     76.00000            0            0      0.00000 
   21     75.00000            0            0      0.00000 
   22     74.00000            0            0      0.00000 
   23     73.00000            0            0      0.00000 
   24     72.00000            0            0      0.00000 
   25     71.00000            0            0      0.00000 
   26     70.00000            0            0      0.00000 
   27     69.00000            0            0      0.00000 
   28     68.00000            0            0      0.00000 
   29     67.00000            0            0      0.00000 
   30     66.00000            0            0      0.00000 
   31     65.00000            0            0      0.00000 
   32     64.00000            0            0      0.00000 
   33     63.00000            0            0      0.00000 
   34     62.00000            0            0      0.00000 
   35     61.00000            0            0      0.00000 
   36     60.00000            0            0      0.00000 
   37     59.00000            0            0      0.00000 
   38     58.00000          104            0      0.00000 
   39     57.00000          207            0      0.00000 
   40     56.00000          291           12      0.07261 
   41     55.00000          387          109      0.35887 
   42     54.00000          466          226      0.54624 
   43     53.00000          563          352      0.65355 
   44     52.00000          669          492      0.73213 
   45     51.00000          748          589      0.77038 
   46     50.00000          830          691      0.80999 
   47     49.00000          902          755      0.83042 
   48     48.00000          981          828      0.84356 
   49     47.00000         1042          898      0.84948 
   50     46.00000         1076          950      0.85094 
   51     45.00000         1123          991      0.85998 
   52     44.00000         1164         1029      0.86275 
   53     43.00000         1245         1105      0.85617 
   54     42.00000         1293         1167      0.84390 
   55     41.00000         1342         1262      0.82181 
   56     40.00000         1401         1315      0.80339 
   57     39.00000         1404         1342      0.78660 
   58     38.00000         1385         1391      0.77882 
   59     37.00000         1353         1396      0.75155 
   60     36.00000         1350         1387      0.72123 
   61     35.00000         1348         1369      0.69120 
   62     34.00000         1291         1289      0.64961 
   63     33.00000         1210         1186      0.60184 
   64     32.00000         1149         1104      0.59743 
   65     31.00000         1193         1179      0.62816 
   66     30.00000         1246         1253      0.66347 
   67     29.00000         1249         1268      0.69766 
   68     28.00000         1235         1254      0.73363 
   69     27.00000         1262         1292      0.75568 
   70     26.00000         1352         1438      0.74982 
   71     25.00000         1476         1623      0.75250 
   72     24.00000         1553         1761      0.74472 
   73     23.00000         1640         1897      0.73904 
   74     22.00000         1772         2039      0.74679 
   75     21.00000         1872         2140      0.75523 
   76     20.00000         1986         2257      0.75937 
   77     19.00000         2054         2314      0.75733 
   78     18.00000         2114         2365      0.75642 
   79     17.00000         2156         2384      0.74670 
   80     16.00000         2185         2352      0.73176 
   81     15.00000         2240         2337      0.72056 
   82     14.00000         2255         2264      0.70414 
   83     13.00000         2227         2198      0.68972 
   84     12.00000         2256         2225      0.68511 
   85     11.00000         2388         2305      0.68869 
   86     10.00000         2498         2332      0.69358 
   87      9.00000         2531         2261      0.69407 
   88      8.00000         2545         2172      0.69705 
   89      7.00000         2573         2165      0.71465 
   90      6.00000         2590         2195      0.73981 
   91      5.00000         2576         2217      0.76403 
   92      4.00000         2465         2147      0.78491 
   93      3.00000         2352         2075      0.80822 
   94      2.00000         2216         2035      0.82428 
   95      1.00000         2085         1995      0.82500 
   96      0.00000         2011         1936      0.82493 
   97     -1.00000         1980         1892      0.82645 
   98     -2.00000         2042         1911      0.81811 
   99     -3.00000         2335         1946      0.82504 
  100     -4.00000         2528         2010      0.82459 
  101     -5.00000         2680         2044      0.82727 
  102     -6.00000         2721         2066      0.83434 
  103     -7.00000         2724         2034      0.83354 
  104     -8.00000         2752         2140      0.84219 
  105     -9.00000         2826         2312      0.85403 
  106    -10.00000         2919         2461      0.86134 
  107    -11.00000         2980         2569      0.86826 
  108    -12.00000         3011         2656      0.87524 
  109    -13.00000         3072         2808      0.88707 
  110    -14.00000         3112         2924      0.88900 
  111    -15.00000         3157         3002      0.89138 
  112    -16.00000         3134         3004      0.88921 
  113    -17.00000         3089         2994      0.88542 
  114    -18.00000         3014         2926      0.88047 
  115    -19.00000         2949         2884      0.88085 
  116    -20.00000         2875         2857      0.87648 
  117    -21.00000         2737         2772      0.87421 
  118    -22.00000         2620         2701      0.87390 
  119    -23.00000         2461         2666      0.86132 
  120    -24.00000         2322         2674      0.83947 
  121    -25.00000         2165         2657      0.81792 
  122    -26.00000         1975         2569      0.79489 
  123    -27.00000         1818         2509      0.76959 
  124    -28.00000         1731         2479      0.75249 
  125    -29.00000         1718         2465      0.75735 
  126    -30.00000         1662         2404      0.75750 
  127    -31.00000         1494         2212      0.75175 
  128    -32.00000         1260         1991      0.73393 
  129    -33.00000          950         1794      0.69242 
  130    -34.00000          994         1814      0.70798 
  131    -35.00000         1067         1825      0.73721 
  132    -36.00000         1097         1754      0.76745 
  133    -37.00000         1127         1682      0.79245 
  134    -38.00000         1161         1669      0.81131 
  135    -39.00000         1159         1658      0.81860 
  136    -40.00000         1187         1663      0.83228 
  137    -41.00000         1222         1649      0.85127 
  138    -42.00000         1263         1659      0.86448 
  139    -43.00000         1292         1639      0.88161 
  140    -44.00000         1291         1597      0.89404 
  141    -45.00000         1289         1536      0.91257 
  142    -46.00000         1268         1454      0.92799 
  143    -47.00000         1206         1373      0.93137 
  144    -48.00000         1093         1279      0.91568 
  145    -49.00000         1025         1218      0.90860 
  146    -50.00000          897         1107      0.89521 
  147    -51.00000          719          954      0.85953 
  148    -52.00000          585          818      0.83393 
  149    -53.00000          415          645      0.78302 
  150    -54.00000          255          454      0.71932 
  151    -55.00000          139          300      0.63326 
  152    -56.00000           80          189      0.59480 
  153    -57.00000           17          133      0.22667 
  154    -58.00000            0            3      0.00000 
  155    -59.00000            0            0      0.00000 
  156    -60.00000            0            0      0.00000 
  157    -61.00000            0            0      0.00000 
  158    -62.00000            0            0      0.00000 
  159    -63.00000            0            0      0.00000 
  160    -64.00000            0            0      0.00000 
  161    -65.00000            0            0      0.00000 
  162    -66.00000            0            0      0.00000 
  163    -67.00000            0            0      0.00000 
  164    -68.00000            0            0      0.00000 
  165    -69.00000            0            0      0.00000 
  166    -70.00000            0            0      0.00000 
  167    -71.00000            0            0      0.00000 
  168    -72.00000            0            0      0.00000 
  169    -73.00000            0            0      0.00000 
  170    -74.00000            0            0      0.00000 
  171    -75.00000            0            0      0.00000 
  172    -76.00000            0            0      0.00000 
  173    -77.00000            0            0      0.00000 
  174    -78.00000            0            0      0.00000 
  175    -79.00000            0            0      0.00000 
  176    -80.00000            0            0      0.00000 
  177    -81.00000            0            0      0.00000 
  178    -82.00000            0            0      0.00000 
  179    -83.00000            0            0      0.00000 
  180    -84.00000            0            0      0.00000 
  181    -85.00000            0            0      0.00000 
  182    -86.00000            0            0      0.00000 
  183    -87.00000            0            0      0.00000 
  184    -88.00000            0            0      0.00000 
  185    -89.00000            0            0      0.00000 
  186    -90.00000            0            0      0.00000 
  187    -91.00000            0            0      0.00000 
  188    -92.00000            0            0      0.00000 
  189    -93.00000            0            0      0.00000 
  190    -94.00000            0            0      0.00000 
  191    -95.00000            0            0      0.00000 
  192    -96.00000            0            0      0.00000 
  193    -97.00000            0            0      0.00000 
  194    -98.00000            0            0      0.00000 
