# 3dSliceNDice -insetA 6m_1min_s1_m5_binary+orig -insetB 6m_1min_s2_m5_binary+orig -prefix 6m_1min_split_m5_binary
    0    -72.00000            0            0      0.00000 
    1    -71.00000            0            0      0.00000 
    2    -70.00000            0            0      0.00000 
    3    -69.00000            0            0      0.00000 
    4    -68.00000            0            0      0.00000 
    5    -67.00000            0            0      0.00000 
    6    -66.00000            0            0      0.00000 
    7    -65.00000            0            0      0.00000 
    8    -64.00000            0            0      0.00000 
    9    -63.00000            0            0      0.00000 
   10    -62.00000            0            0      0.00000 
   11    -61.00000            0            0      0.00000 
   12    -60.00000            0            0      0.00000 
   13    -59.00000            0            0      0.00000 
   14    -58.00000            0            0      0.00000 
   15    -57.00000            0            0      0.00000 
   16    -56.00000            0            0      0.00000 
   17    -55.00000            0            0      0.00000 
   18    -54.00000            0            0      0.00000 
   19    -53.00000            0            0      0.00000 
   20    -52.00000            0            0      0.00000 
   21    -51.00000            1            1      1.00000 
   22    -50.00000          273          273      1.00000 
   23    -49.00000          612          611      0.99918 
   24    -48.00000         1079         1072      0.99675 
   25    -47.00000         1337         1316      0.99208 
   26    -46.00000         1604         1572      0.98866 
   27    -45.00000         1811         1774      0.98131 
   28    -44.00000         1936         1867      0.96713 
   29    -43.00000         2075         1986      0.96035 
   30    -42.00000         2145         2060      0.94887 
   31    -41.00000         2202         2127      0.94063 
   32    -40.00000         2248         2182      0.93679 
   33    -39.00000         2285         2232      0.93336 
   34    -38.00000         2316         2263      0.92247 
   35    -37.00000         2280         2233      0.91425 
   36    -36.00000         2272         2216      0.90374 
   37    -35.00000         2239         2151      0.89385 
   38    -34.00000         2188         2030      0.87862 
   39    -33.00000         2166         1867      0.85842 
   40    -32.00000         2114         1703      0.84779 
   41    -31.00000         2075         1650      0.84349 
   42    -30.00000         1990         1557      0.83620 
   43    -29.00000         1848         1412      0.82577 
   44    -28.00000         1656         1215      0.81505 
   45    -27.00000         1376         1058      0.80608 
   46    -26.00000         1285         1002      0.78793 
   47    -25.00000         1155          924      0.76960 
   48    -24.00000          955          792      0.74070 
   49    -23.00000          641          562      0.62012 
   50    -22.00000          216          296      0.17969 
   51    -21.00000          180          254      0.12903 
   52    -20.00000          140          204      0.06977 
   53    -19.00000           88          138      0.00000 
   54    -18.00000           32           60      0.00000 
   55    -17.00000            0            0      0.00000 
   56    -16.00000            0            0      0.00000 
   57    -15.00000            0            0      0.00000 
   58    -14.00000            0            0      0.00000 
   59    -13.00000            0            0      0.00000 
   60    -12.00000            0            0      0.00000 
   61    -11.00000            0            0      0.00000 
   62    -10.00000            0            0      0.00000 
   63     -9.00000            0            0      0.00000 
   64     -8.00000            0            0      0.00000 
   65     -7.00000            0            0      0.00000 
   66     -6.00000            0            0      0.00000 
   67     -5.00000            0            0      0.00000 
   68     -4.00000            0            0      0.00000 
   69     -3.00000            0            0      0.00000 
   70     -2.00000           88          328      0.42308 
   71     -1.00000          185          548      0.50477 
   72      0.00000          261          685      0.55180 
   73      1.00000          318          783      0.57766 
   74      2.00000          366          861      0.59658 
   75      3.00000          852         1317      0.61964 
   76      4.00000         1167         1647      0.66027 
   77      5.00000         1421         1899      0.69699 
   78      6.00000         1607         2070      0.72178 
   79      7.00000         1765         2210      0.74013 
   80      8.00000         1967         2376      0.77596 
   81      9.00000         2130         2512      0.80698 
   82     10.00000         2327         2686      0.83024 
   83     11.00000         2460         2796      0.84094 
   84     12.00000         2582         2886      0.84967 
   85     13.00000         2736         3008      0.85132 
   86     14.00000         2863         3125      0.85438 
   87     15.00000         3026         3261      0.85987 
   88     16.00000         3095         3354      0.86339 
   89     17.00000         3168         3433      0.86896 
   90     18.00000         3192         3504      0.87336 
   91     19.00000         3171         3502      0.87397 
   92     20.00000         3144         3491      0.87626 
   93     21.00000         3063         3438      0.87217 
   94     22.00000         3001         3393      0.86706 
   95     23.00000         2912         3296      0.86179 
   96     24.00000         2824         3195      0.85895 
   97     25.00000         2740         3097      0.85866 
   98     26.00000         2636         2979      0.85913 
   99     27.00000         2549         2837      0.86855 
  100     28.00000         2428         2751      0.86233 
  101     29.00000         2306         2706      0.84597 
  102     30.00000         2210         2654      0.83100 
  103     31.00000         2083         2543      0.81626 
  104     32.00000         2023         2468      0.81051 
  105     33.00000         1933         2396      0.79464 
  106     34.00000         1845         2304      0.78188 
  107     35.00000         1752         2227      0.76049 
  108     36.00000         1647         2114      0.73810 
  109     37.00000         1554         2031      0.71967 
  110     38.00000         1459         1942      0.70332 
  111     39.00000         1415         1846      0.70898 
  112     40.00000         1383         1734      0.72377 
  113     41.00000         1341         1602      0.71764 
  114     42.00000         1335         1453      0.71664 
  115     43.00000         1289         1322      0.71697 
  116     44.00000         1240         1236      0.73183 
  117     45.00000         1170         1172      0.74039 
  118     46.00000         1056         1098      0.73816 
  119     47.00000          992         1056      0.75977 
  120     48.00000          900          973      0.80619 
  121     49.00000          794          904      0.87044 
  122     50.00000          729          827      0.92031 
  123     51.00000          685          753      0.94019 
  124     52.00000          638          684      0.94402 
  125     53.00000          591          607      0.94992 
  126     54.00000          519          510      0.95821 
  127     55.00000          425          413      0.97852 
  128     56.00000          277          277      1.00000 
  129     57.00000          131          131      1.00000 
  130     58.00000           19           19      1.00000 
  131     59.00000            0            0      0.00000 
  132     60.00000            0            0      0.00000 
  133     61.00000            0            0      0.00000 
  134     62.00000            0            0      0.00000 
  135     63.00000            0            0      0.00000 
  136     64.00000            0            0      0.00000 
  137     65.00000            0            0      0.00000 
  138     66.00000            0            0      0.00000 
  139     67.00000            0            0      0.00000 
  140     68.00000            0            0      0.00000 
  141     69.00000            0            0      0.00000 
  142     70.00000            0            0      0.00000 
  143     71.00000            0            0      0.00000 
  144     72.00000            0            0      0.00000 
  145     73.00000            0            0      0.00000 
  146     74.00000            0            0      0.00000 
  147     75.00000            0            0      0.00000 
  148     76.00000            0            0      0.00000 
  149     77.00000            0            0      0.00000 
  150     78.00000            0            0      0.00000 
  151     79.00000            0            0      0.00000 
  152     80.00000            0            0      0.00000 
  153     81.00000            0            0      0.00000 
  154     82.00000            0            0      0.00000 
  155     83.00000            0            0      0.00000 
  156     84.00000            0            0      0.00000 
  157     85.00000            0            0      0.00000 
  158     86.00000            0            0      0.00000 
