# 3dSliceNDice -insetA 6m_1min_s1_m4_binary+orig -insetB 6m_1min_s2_m4_binary+orig -prefix 6m_1min_split_m4_binary
    0    134.00000            0            0      0.00000 
    1    133.00000            0            0      0.00000 
    2    132.00000            0            0      0.00000 
    3    131.00000            0            0      0.00000 
    4    130.00000            0            0      0.00000 
    5    129.00000            0            0      0.00000 
    6    128.00000            0            0      0.00000 
    7    127.00000            0            0      0.00000 
    8    126.00000            0            0      0.00000 
    9    125.00000            0            0      0.00000 
   10    124.00000            0            0      0.00000 
   11    123.00000            0            0      0.00000 
   12    122.00000            0            0      0.00000 
   13    121.00000            0            0      0.00000 
   14    120.00000            0            0      0.00000 
   15    119.00000            0            0      0.00000 
   16    118.00000            0            0      0.00000 
   17    117.00000            0            0      0.00000 
   18    116.00000            0            0      0.00000 
   19    115.00000            0            0      0.00000 
   20    114.00000            0            0      0.00000 
   21    113.00000            0            0      0.00000 
   22    112.00000            0            0      0.00000 
   23    111.00000            0            0      0.00000 
   24    110.00000            0            0      0.00000 
   25    109.00000            0            0      0.00000 
   26    108.00000            0            0      0.00000 
   27    107.00000            0            0      0.00000 
   28    106.00000            0            0      0.00000 
   29    105.00000            0            0      0.00000 
   30    104.00000            0            0      0.00000 
   31    103.00000            0            0      0.00000 
   32    102.00000            0            0      0.00000 
   33    101.00000            0            0      0.00000 
   34    100.00000            0            0      0.00000 
   35     99.00000            0            0      0.00000 
   36     98.00000            0            0      0.00000 
   37     97.00000            0            0      0.00000 
   38     96.00000            0            0      0.00000 
   39     95.00000            0            0      0.00000 
   40     94.00000            0            0      0.00000 
   41     93.00000            0            0      0.00000 
   42     92.00000            0            0      0.00000 
   43     91.00000            0            0      0.00000 
   44     90.00000            0            0      0.00000 
   45     89.00000            0            0      0.00000 
   46     88.00000            0            0      0.00000 
   47     87.00000            0            0      0.00000 
   48     86.00000            0            0      0.00000 
   49     85.00000            0            0      0.00000 
   50     84.00000            6            6      1.00000 
   51     83.00000          114          114      1.00000 
   52     82.00000          213          214      0.97892 
   53     81.00000          295          299      0.98653 
   54     80.00000          378          400      0.96144 
   55     79.00000          450          491      0.94793 
   56     78.00000          535          592      0.94232 
   57     77.00000          616          681      0.94372 
   58     76.00000          702          782      0.94070 
   59     75.00000          761          854      0.94241 
   60     74.00000          814          898      0.95093 
   61     73.00000          863          934      0.96049 
   62     72.00000          905          965      0.96791 
   63     71.00000          953         1006      0.97295 
   64     70.00000         1098         1142      0.98036 
   65     69.00000         1182         1210      0.98161 
   66     68.00000         1230         1244      0.97817 
   67     67.00000         1243         1241      0.96699 
   68     66.00000         1233         1226      0.95405 
   69     65.00000         1202         1186      0.94556 
   70     64.00000         1138         1103      0.92637 
   71     63.00000         1060         1025      0.90264 
   72     62.00000          955          949      0.87920 
   73     61.00000          903          890      0.89013 
   74     60.00000          839          830      0.90713 
   75     59.00000          740          743      0.90088 
   76     58.00000          646          649      0.90656 
   77     57.00000          541          568      0.84941 
   78     56.00000          481          605      0.76796 
   79     55.00000          407          628      0.67633 
   80     54.00000          307          631      0.55437 
   81     53.00000          168          643      0.36005 
   82     52.00000           86          774      0.09070 
   83     51.00000          205          948      0.17346 
   84     50.00000          311         1092      0.22666 
   85     49.00000          403         1167      0.27134 
   86     48.00000          489         1217      0.30012 
   87     47.00000          641         1285      0.38110 
   88     46.00000          823         1449      0.47711 
   89     45.00000          997         1617      0.54476 
   90     44.00000         1132         1727      0.59461 
   91     43.00000         1240         1799      0.62850 
   92     42.00000         1433         1942      0.67852 
   93     41.00000         1596         2078      0.70985 
   94     40.00000         1741         2186      0.74714 
   95     39.00000         1847         2215      0.78237 
   96     38.00000         1944         2227      0.81563 
   97     37.00000         2126         2408      0.82973 
   98     36.00000         2282         2648      0.81947 
   99     35.00000         2423         2837      0.80951 
  100     34.00000         2516         2968      0.80416 
  101     33.00000         2601         3076      0.80042 
  102     32.00000         2724         3226      0.81681 
  103     31.00000         2863         3352      0.82961 
  104     30.00000         2977         3474      0.83677 
  105     29.00000         3031         3491      0.84115 
  106     28.00000         3066         3473      0.85028 
  107     27.00000         3111         3457      0.85688 
  108     26.00000         3115         3402      0.86328 
  109     25.00000         3115         3353      0.86178 
  110     24.00000         3043         3193      0.85471 
  111     23.00000         2970         3018      0.83066 
  112     22.00000         2876         2842      0.80728 
  113     21.00000         2827         2780      0.81612 
  114     20.00000         2772         2719      0.82972 
  115     19.00000         2681         2594      0.84701 
  116     18.00000         2556         2524      0.87638 
  117     17.00000         2410         2417      0.90118 
  118     16.00000         2339         2338      0.90186 
  119     15.00000         2257         2229      0.90147 
  120     14.00000         2139         2088      0.89946 
  121     13.00000         1946         1907      0.91461 
  122     12.00000         1778         1725      0.96375 
  123     11.00000         1759         1709      0.96540 
  124     10.00000         1735         1681      0.96956 
  125      9.00000         1693         1653      0.96354 
  126      8.00000         1674         1648      0.96267 
  127      7.00000         1642         1611      0.95789 
  128      6.00000         1620         1575      0.95399 
  129      5.00000         1608         1561      0.95424 
  130      4.00000         1566         1540      0.95428 
  131      3.00000         1558         1544      0.95100 
  132      2.00000         1513         1534      0.95372 
  133      1.00000         1469         1510      0.94730 
  134      0.00000         1449         1495      0.94837 
  135     -1.00000         1413         1432      0.95255 
  136     -2.00000         1403         1380      0.95437 
  137     -3.00000         1386         1325      0.94873 
  138     -4.00000         1359         1297      0.94955 
  139     -5.00000         1320         1266      0.95978 
  140     -6.00000         1256         1232      0.95820 
  141     -7.00000         1215         1200      0.94990 
  142     -8.00000         1173         1176      0.92891 
  143     -9.00000         1139         1139      0.92186 
  144    -10.00000         1106         1101      0.91255 
  145    -11.00000         1059         1061      0.90849 
  146    -12.00000         1029         1032      0.89762 
  147    -13.00000          958          988      0.89311 
  148    -14.00000          904          947      0.88817 
  149    -15.00000          822          894      0.87879 
  150    -16.00000          732          813      0.88026 
  151    -17.00000          634          752      0.88023 
  152    -18.00000          550          680      0.89431 
  153    -19.00000          507          626      0.89497 
  154    -20.00000          469          581      0.89333 
  155    -21.00000          402          512      0.87965 
  156    -22.00000          344          467      0.84834 
  157    -23.00000          276          414      0.80000 
  158    -24.00000          235          360      0.78992 
  159    -25.00000          189          303      0.76829 
  160    -26.00000          125          229      0.70621 
  161    -27.00000           68          156      0.60714 
  162    -28.00000            0          113      0.00000 
  163    -29.00000            0          152      0.00000 
  164    -30.00000            0          178      0.00000 
  165    -31.00000            0          201      0.00000 
  166    -32.00000            0          214      0.00000 
  167    -33.00000           60          228      0.26389 
  168    -34.00000          138          226      0.45055 
  169    -35.00000          204          232      0.55963 
  170    -36.00000          254          223      0.62055 
  171    -37.00000          291          215      0.65217 
  172    -38.00000          323          198      0.64107 
  173    -39.00000          327          178      0.62178 
  174    -40.00000          344          166      0.59216 
  175    -41.00000          336          142      0.55649 
  176    -42.00000          326          118      0.51351 
  177    -43.00000          307           82      0.42159 
  178    -44.00000          283           54      0.32047 
  179    -45.00000          242           18      0.13846 
  180    -46.00000          197            1      0.01010 
  181    -47.00000          174            0      0.00000 
  182    -48.00000          134            0      0.00000 
  183    -49.00000           94            0      0.00000 
  184    -50.00000           52            0      0.00000 
  185    -51.00000           20            0      0.00000 
  186    -52.00000            0            0      0.00000 
  187    -53.00000            0            0      0.00000 
  188    -54.00000            0            0      0.00000 
  189    -55.00000            0            0      0.00000 
  190    -56.00000            0            0      0.00000 
  191    -57.00000            0            0      0.00000 
  192    -58.00000            0            0      0.00000 
  193    -59.00000            0            0      0.00000 
  194    -60.00000            0            0      0.00000 
  195    -61.00000            0            0      0.00000 
  196    -62.00000            0            0      0.00000 
  197    -63.00000            0            0      0.00000 
  198    -64.00000            0            0      0.00000 
  199    -65.00000            0            0      0.00000 
  200    -66.00000            0            0      0.00000 
  201    -67.00000            0            0      0.00000 
  202    -68.00000            0            0      0.00000 
  203    -69.00000            0            0      0.00000 
  204    -70.00000            0            0      0.00000 
  205    -71.00000            0            0      0.00000 
  206    -72.00000            0            0      0.00000 
  207    -73.00000            0            0      0.00000 
  208    -74.00000            0            0      0.00000 
  209    -75.00000            0            0      0.00000 
  210    -76.00000            0            0      0.00000 
  211    -77.00000            0            0      0.00000 
  212    -78.00000            0            0      0.00000 
  213    -79.00000            0            0      0.00000 
  214    -80.00000            0            0      0.00000 
  215    -81.00000            0            0      0.00000 
  216    -82.00000            0            0      0.00000 
  217    -83.00000            0            0      0.00000 
  218    -84.00000            0            0      0.00000 
  219    -85.00000            0            0      0.00000 
  220    -86.00000            0            0      0.00000 
  221    -87.00000            0            0      0.00000 
  222    -88.00000            0            0      0.00000 
  223    -89.00000            0            0      0.00000 
  224    -90.00000            0            0      0.00000 
  225    -91.00000            0            0      0.00000 
  226    -92.00000            0            0      0.00000 
  227    -93.00000            0            0      0.00000 
  228    -94.00000            0            0      0.00000 
  229    -95.00000            0            0      0.00000 
  230    -96.00000            0            0      0.00000 
  231    -97.00000            0            0      0.00000 
  232    -98.00000            0            0      0.00000 
