# 3dSliceNDice -insetA 6m_1min_s1_m4_binary+orig -insetB 6m_1min_s2_m4_binary+orig -prefix 6m_1min_split_m4_binary
    0    -72.00000            0            0      0.00000 
    1    -71.00000            0            0      0.00000 
    2    -70.00000            0            0      0.00000 
    3    -69.00000            0            0      0.00000 
    4    -68.00000            0            0      0.00000 
    5    -67.00000            0            0      0.00000 
    6    -66.00000            0            0      0.00000 
    7    -65.00000            0            0      0.00000 
    8    -64.00000            0            0      0.00000 
    9    -63.00000            0            0      0.00000 
   10    -62.00000            0            0      0.00000 
   11    -61.00000            0            0      0.00000 
   12    -60.00000            0            0      0.00000 
   13    -59.00000            0            0      0.00000 
   14    -58.00000            0            0      0.00000 
   15    -57.00000            0            0      0.00000 
   16    -56.00000            0            0      0.00000 
   17    -55.00000            0            0      0.00000 
   18    -54.00000            0            0      0.00000 
   19    -53.00000            0            0      0.00000 
   20    -52.00000            0            0      0.00000 
   21    -51.00000            0            1      0.00000 
   22    -50.00000           43          110      0.56209 
   23    -49.00000          123          252      0.65600 
   24    -48.00000          252          447      0.72103 
   25    -47.00000          283          547      0.68193 
   26    -46.00000          297          649      0.62791 
   27    -45.00000          297          733      0.57670 
   28    -44.00000          276          769      0.52823 
   29    -43.00000          256          810      0.48030 
   30    -42.00000          216          821      0.41659 
   31    -41.00000          180          819      0.36036 
   32    -40.00000          140          811      0.29443 
   33    -39.00000           88          763      0.20447 
   34    -38.00000           32          705      0.08684 
   35    -37.00000            0          615      0.00000 
   36    -36.00000            0          562      0.00000 
   37    -35.00000            0          486      0.00000 
   38    -34.00000            0          374      0.00000 
   39    -33.00000            0          228      0.00000 
   40    -32.00000          202          177      0.77573 
   41    -31.00000          389          299      0.85174 
   42    -30.00000          529          402      0.86144 
   43    -29.00000          681          517      0.86311 
   44    -28.00000          827          648      0.87864 
   45    -27.00000          973          783      0.88610 
   46    -26.00000         1061          900      0.87710 
   47    -25.00000         1185         1056      0.87193 
   48    -24.00000         1269         1166      0.85996 
   49    -23.00000         1352         1276      0.85312 
   50    -22.00000         1482         1427      0.84290 
   51    -21.00000         1611         1569      0.84403 
   52    -20.00000         1746         1700      0.83343 
   53    -19.00000         1824         1782      0.82585 
   54    -18.00000         1891         1849      0.81765 
   55    -17.00000         1896         1863      0.80234 
   56    -16.00000         1878         1843      0.79011 
   57    -15.00000         1824         1813      0.77646 
   58    -14.00000         1702         1724      0.76124 
   59    -13.00000         1581         1648      0.74326 
   60    -12.00000         1424         1551      0.72202 
   61    -11.00000         1339         1471      0.72028 
   62    -10.00000         1224         1363      0.72207 
   63     -9.00000         1058         1204      0.72856 
   64     -8.00000          855          988      0.75529 
   65     -7.00000          641          839      0.84730 
   66     -6.00000          622          843      0.83686 
   67     -5.00000          599          851      0.82207 
   68     -4.00000          560          837      0.80172 
   69     -3.00000          539          819      0.79381 
   70     -2.00000          509          789      0.78428 
   71     -1.00000          482          756      0.77868 
   72      0.00000          454          725      0.77014 
   73      1.00000          408          675      0.75346 
   74      2.00000          383          637      0.75098 
   75      3.00000          460          742      0.67221 
   76      4.00000          617          882      0.69380 
   77      5.00000          734          970      0.71948 
   78      6.00000          787          987      0.72492 
   79      7.00000          794          914      0.73068 
   80      8.00000          977          995      0.77079 
   81      9.00000         1244         1210      0.79870 
   82     10.00000         1477         1398      0.80557 
   83     11.00000         1644         1521      0.81074 
   84     12.00000         1788         1623      0.81442 
   85     13.00000         1963         1746      0.82286 
   86     14.00000         2086         1863      0.83920 
   87     15.00000         2220         1997      0.85274 
   88     16.00000         2286         2089      0.85760 
   89     17.00000         2350         2182      0.86143 
   90     18.00000         2385         2307      0.87255 
   91     19.00000         2381         2397      0.88531 
   92     20.00000         2415         2538      0.88997 
   93     21.00000         2436         2607      0.88677 
   94     22.00000         2469         2666      0.88647 
   95     23.00000         2503         2709      0.88642 
   96     24.00000         2517         2702      0.88446 
   97     25.00000         2569         2729      0.87542 
   98     26.00000         2592         2729      0.86901 
   99     27.00000         2606         2736      0.86484 
  100     28.00000         2596         2745      0.85190 
  101     29.00000         2574         2748      0.84104 
  102     30.00000         2591         2768      0.83747 
  103     31.00000         2589         2719      0.84024 
  104     32.00000         2615         2697      0.85354 
  105     33.00000         2628         2706      0.87177 
  106     34.00000         2626         2720      0.88215 
  107     35.00000         2663         2766      0.88561 
  108     36.00000         2639         2793      0.88770 
  109     37.00000         2597         2823      0.88635 
  110     38.00000         2541         2862      0.89210 
  111     39.00000         2521         2864      0.89136 
  112     40.00000         2518         2899      0.89053 
  113     41.00000         2517         2902      0.89758 
  114     42.00000         2543         2906      0.90512 
  115     43.00000         2559         2881      0.91581 
  116     44.00000         2528         2790      0.92516 
  117     45.00000         2502         2734      0.93086 
  118     46.00000         2462         2631      0.93776 
  119     47.00000         2405         2534      0.94027 
  120     48.00000         2277         2378      0.93663 
  121     49.00000         2141         2215      0.93251 
  122     50.00000         2025         2098      0.92360 
  123     51.00000         1896         1961      0.91574 
  124     52.00000         1715         1813      0.92063 
  125     53.00000         1504         1595      0.93643 
  126     54.00000         1277         1304      0.96009 
  127     55.00000         1025         1005      0.97438 
  128     56.00000          645          620      0.97549 
  129     57.00000          307          300      0.98847 
  130     58.00000           66           66      1.00000 
  131     59.00000            0            0      0.00000 
  132     60.00000            0            0      0.00000 
  133     61.00000            0            0      0.00000 
  134     62.00000            0            0      0.00000 
  135     63.00000            0            0      0.00000 
  136     64.00000            0            0      0.00000 
  137     65.00000            0            0      0.00000 
  138     66.00000            0            0      0.00000 
  139     67.00000            0            0      0.00000 
  140     68.00000            0            0      0.00000 
  141     69.00000            0            0      0.00000 
  142     70.00000            0            0      0.00000 
  143     71.00000            0            0      0.00000 
  144     72.00000            0            0      0.00000 
  145     73.00000            0            0      0.00000 
  146     74.00000            0            0      0.00000 
  147     75.00000            0            0      0.00000 
  148     76.00000            0            0      0.00000 
  149     77.00000            0            0      0.00000 
  150     78.00000            0            0      0.00000 
  151     79.00000            0            0      0.00000 
  152     80.00000            0            0      0.00000 
  153     81.00000            0            0      0.00000 
  154     82.00000            0            0      0.00000 
  155     83.00000            0            0      0.00000 
  156     84.00000            0            0      0.00000 
  157     85.00000            0            0      0.00000 
  158     86.00000            0            0      0.00000 
