# 3dSliceNDice -insetA 6m_1min_s1_m5_binary+orig -insetB 6m_1min_s2_m5_binary+orig -prefix 6m_1min_split_m5_binary
    0    134.00000            0            0      0.00000 
    1    133.00000            0            0      0.00000 
    2    132.00000            0            0      0.00000 
    3    131.00000            0            0      0.00000 
    4    130.00000            0            0      0.00000 
    5    129.00000            0            0      0.00000 
    6    128.00000            0            0      0.00000 
    7    127.00000            0            0      0.00000 
    8    126.00000            0            0      0.00000 
    9    125.00000            0            0      0.00000 
   10    124.00000            0            0      0.00000 
   11    123.00000            0            0      0.00000 
   12    122.00000            0            0      0.00000 
   13    121.00000            0            0      0.00000 
   14    120.00000            0            0      0.00000 
   15    119.00000            0            0      0.00000 
   16    118.00000            0            0      0.00000 
   17    117.00000            0            0      0.00000 
   18    116.00000            0            0      0.00000 
   19    115.00000            0            0      0.00000 
   20    114.00000            0            0      0.00000 
   21    113.00000            0            0      0.00000 
   22    112.00000            0            0      0.00000 
   23    111.00000            0            0      0.00000 
   24    110.00000            0            0      0.00000 
   25    109.00000            0            0      0.00000 
   26    108.00000            0            0      0.00000 
   27    107.00000            0            0      0.00000 
   28    106.00000            0            0      0.00000 
   29    105.00000            0            0      0.00000 
   30    104.00000            0            0      0.00000 
   31    103.00000            0            0      0.00000 
   32    102.00000            0            0      0.00000 
   33    101.00000            0            0      0.00000 
   34    100.00000            0            0      0.00000 
   35     99.00000            0            0      0.00000 
   36     98.00000            0            0      0.00000 
   37     97.00000            0            0      0.00000 
   38     96.00000            0            0      0.00000 
   39     95.00000            0            0      0.00000 
   40     94.00000            0            0      0.00000 
   41     93.00000            0            0      0.00000 
   42     92.00000            0            0      0.00000 
   43     91.00000            0            0      0.00000 
   44     90.00000            0            0      0.00000 
   45     89.00000            0            0      0.00000 
   46     88.00000            0            0      0.00000 
   47     87.00000            0            0      0.00000 
   48     86.00000            0            0      0.00000 
   49     85.00000            0            0      0.00000 
   50     84.00000            0            0      0.00000 
   51     83.00000            0            0      0.00000 
   52     82.00000            0            0      0.00000 
   53     81.00000            0            0      0.00000 
   54     80.00000            0            0      0.00000 
   55     79.00000            0            0      0.00000 
   56     78.00000            0            0      0.00000 
   57     77.00000            0            0      0.00000 
   58     76.00000           25           25      1.00000 
   59     75.00000           83           83      1.00000 
   60     74.00000          141          141      1.00000 
   61     73.00000          199          199      1.00000 
   62     72.00000          275          275      1.00000 
   63     71.00000          329          341      0.98209 
   64     70.00000          400          428      0.96618 
   65     69.00000          444          493      0.94771 
   66     68.00000          481          554      0.92947 
   67     67.00000          514          658      0.87713 
   68     66.00000          551          762      0.83930 
   69     65.00000          619          868      0.83255 
   70     64.00000          680          956      0.83130 
   71     63.00000          730         1021      0.83381 
   72     62.00000          794         1100      0.82365 
   73     61.00000          869         1156      0.83160 
   74     60.00000          950         1230      0.83853 
   75     59.00000         1007         1278      0.84464 
   76     58.00000         1058         1322      0.84958 
   77     57.00000         1258         1537      0.83220 
   78     56.00000         1396         1736      0.83206 
   79     55.00000         1519         1882      0.83093 
   80     54.00000         1604         2013      0.82278 
   81     53.00000         1671         2122      0.81730 
   82     52.00000         1721         2244      0.81765 
   83     51.00000         1758         2325      0.82341 
   84     50.00000         1808         2395      0.82132 
   85     49.00000         1843         2436      0.81608 
   86     48.00000         1890         2489      0.81206 
   87     47.00000         1945         2540      0.81159 
   88     46.00000         1961         2562      0.80964 
   89     45.00000         1994         2592      0.80942 
   90     44.00000         1988         2616      0.80278 
   91     43.00000         1983         2643      0.79853 
   92     42.00000         1934         2621      0.78990 
   93     41.00000         1901         2601      0.78721 
   94     40.00000         1910         2599      0.78155 
   95     39.00000         1885         2552      0.77665 
   96     38.00000         1878         2544      0.77024 
   97     37.00000         1910         2547      0.76015 
   98     36.00000         1939         2587      0.76094 
   99     35.00000         1973         2619      0.75653 
  100     34.00000         1953         2563      0.74756 
  101     33.00000         1932         2509      0.74218 
  102     32.00000         2164         2533      0.78220 
  103     31.00000         2338         2581      0.81155 
  104     30.00000         2452         2600      0.82937 
  105     29.00000         2496         2551      0.84446 
  106     28.00000         2490         2462      0.85057 
  107     27.00000         2476         2385      0.86361 
  108     26.00000         2463         2284      0.87971 
  109     25.00000         2464         2246      0.89724 
  110     24.00000         2413         2187      0.90217 
  111     23.00000         2372         2146      0.90438 
  112     22.00000         2339         2118      0.90913 
  113     21.00000         2266         2075      0.90993 
  114     20.00000         2202         2042      0.91046 
  115     19.00000         2130         2039      0.91485 
  116     18.00000         2086         2051      0.92144 
  117     17.00000         2074         2092      0.93135 
  118     16.00000         2053         2100      0.93667 
  119     15.00000         2042         2111      0.93571 
  120     14.00000         2019         2111      0.93075 
  121     13.00000         1999         2104      0.93005 
  122     12.00000         1948         2078      0.92449 
  123     11.00000         1888         2030      0.91986 
  124     10.00000         1823         1984      0.91673 
  125      9.00000         1734         1913      0.91527 
  126      8.00000         1712         1855      0.92683 
  127      7.00000         1674         1815      0.93150 
  128      6.00000         1641         1794      0.93100 
  129      5.00000         1616         1765      0.93404 
  130      4.00000         1586         1730      0.92883 
  131      3.00000         1583         1713      0.92840 
  132      2.00000         1601         1667      0.91738 
  133      1.00000         1631         1616      0.89929 
  134      0.00000         1658         1556      0.87803 
  135     -1.00000         1652         1466      0.85760 
  136     -2.00000         1654         1381      0.84086 
  137     -3.00000         1628         1316      0.82812 
  138     -4.00000         1585         1335      0.84041 
  139     -5.00000         1558         1334      0.84302 
  140     -6.00000         1503         1285      0.83142 
  141     -7.00000         1469         1243      0.80383 
  142     -8.00000         1431         1232      0.79384 
  143     -9.00000         1373         1185      0.78812 
  144    -10.00000         1318         1140      0.77787 
  145    -11.00000         1221         1025      0.76581 
  146    -12.00000         1133          888      0.75210 
  147    -13.00000         1044          733      0.70681 
  148    -14.00000          979          695      0.70251 
  149    -15.00000          886          656      0.68612 
  150    -16.00000          772          580      0.64349 
  151    -17.00000          664          499      0.57094 
  152    -18.00000          584          388      0.44444 
  153    -19.00000          541          329      0.41379 
  154    -20.00000          486          262      0.37433 
  155    -21.00000          408          167      0.30609 
  156    -22.00000          323           68      0.16368 
  157    -23.00000          206            0      0.00000 
  158    -24.00000          163            0      0.00000 
  159    -25.00000          122            0      0.00000 
  160    -26.00000           67            0      0.00000 
  161    -27.00000           25            0      0.00000 
  162    -28.00000            0           32      0.00000 
  163    -29.00000            0           88      0.00000 
  164    -30.00000            0          140      0.00000 
  165    -31.00000            0          180      0.00000 
  166    -32.00000            0          216      0.00000 
  167    -33.00000           32          256      0.22222 
  168    -34.00000           88          274      0.48619 
  169    -35.00000          140          293      0.64665 
  170    -36.00000          180          293      0.76110 
  171    -37.00000          211          291      0.84064 
  172    -38.00000          233          276      0.91552 
  173    -39.00000          237          259      0.95565 
  174    -40.00000          246          246      1.00000 
  175    -41.00000          236          219      0.96264 
  176    -42.00000          227          190      0.91127 
  177    -43.00000          208          152      0.84444 
  178    -44.00000          185          118      0.77888 
  179    -45.00000          149           71      0.64545 
  180    -46.00000          109           27      0.39706 
  181    -47.00000           89            4      0.08602 
  182    -48.00000           61            0      0.00000 
  183    -49.00000           34            0      0.00000 
  184    -50.00000            9            0      0.00000 
  185    -51.00000            0            0      0.00000 
  186    -52.00000            0            0      0.00000 
  187    -53.00000            0            0      0.00000 
  188    -54.00000            0            0      0.00000 
  189    -55.00000            0            0      0.00000 
  190    -56.00000            0            0      0.00000 
  191    -57.00000            0            0      0.00000 
  192    -58.00000            0            0      0.00000 
  193    -59.00000            0            0      0.00000 
  194    -60.00000            0            0      0.00000 
  195    -61.00000            0            0      0.00000 
  196    -62.00000            0            0      0.00000 
  197    -63.00000            0            0      0.00000 
  198    -64.00000            0            0      0.00000 
  199    -65.00000            0            0      0.00000 
  200    -66.00000            0            0      0.00000 
  201    -67.00000            0            0      0.00000 
  202    -68.00000            0            0      0.00000 
  203    -69.00000            0            0      0.00000 
  204    -70.00000            0            0      0.00000 
  205    -71.00000            0            0      0.00000 
  206    -72.00000            0            0      0.00000 
  207    -73.00000            0            0      0.00000 
  208    -74.00000            0            0      0.00000 
  209    -75.00000            0            0      0.00000 
  210    -76.00000            0            0      0.00000 
  211    -77.00000            0            0      0.00000 
  212    -78.00000            0            0      0.00000 
  213    -79.00000            0            0      0.00000 
  214    -80.00000            0            0      0.00000 
  215    -81.00000            0            0      0.00000 
  216    -82.00000            0            0      0.00000 
  217    -83.00000            0            0      0.00000 
  218    -84.00000            0            0      0.00000 
  219    -85.00000            0            0      0.00000 
  220    -86.00000            0            0      0.00000 
  221    -87.00000            0            0      0.00000 
  222    -88.00000            0            0      0.00000 
  223    -89.00000            0            0      0.00000 
  224    -90.00000            0            0      0.00000 
  225    -91.00000            0            0      0.00000 
  226    -92.00000            0            0      0.00000 
  227    -93.00000            0            0      0.00000 
  228    -94.00000            0            0      0.00000 
  229    -95.00000            0            0      0.00000 
  230    -96.00000            0            0      0.00000 
  231    -97.00000            0            0      0.00000 
  232    -98.00000            0            0      0.00000 
