# 3dSliceNDice -insetA 6m_2min_s1_m3_binary+orig -insetB 6m_2min_s2_m3_binary+orig -prefix 6m_2min_split_m3_binary
    0    -72.00000            0            0      0.00000 
    1    -71.00000            0            0      0.00000 
    2    -70.00000            0            0      0.00000 
    3    -69.00000            0            0      0.00000 
    4    -68.00000            0            0      0.00000 
    5    -67.00000            0            0      0.00000 
    6    -66.00000            0            0      0.00000 
    7    -65.00000            0            0      0.00000 
    8    -64.00000            0            0      0.00000 
    9    -63.00000            0            0      0.00000 
   10    -62.00000            0            0      0.00000 
   11    -61.00000            0            0      0.00000 
   12    -60.00000            0            0      0.00000 
   13    -59.00000            0            0      0.00000 
   14    -58.00000            0            0      0.00000 
   15    -57.00000            0            0      0.00000 
   16    -56.00000            0            0      0.00000 
   17    -55.00000            0            0      0.00000 
   18    -54.00000            0            0      0.00000 
   19    -53.00000            0            0      0.00000 
   20    -52.00000            0            0      0.00000 
   21    -51.00000            0            0      0.00000 
   22    -50.00000            0            0      0.00000 
   23    -49.00000            0            0      0.00000 
   24    -48.00000            0            0      0.00000 
   25    -47.00000            0            0      0.00000 
   26    -46.00000            0            0      0.00000 
   27    -45.00000            0            0      0.00000 
   28    -44.00000            0            0      0.00000 
   29    -43.00000            0            0      0.00000 
   30    -42.00000            0            0      0.00000 
   31    -41.00000           13            0      0.00000 
   32    -40.00000           34            0      0.00000 
   33    -39.00000           51            0      0.00000 
   34    -38.00000           70            0      0.00000 
   35    -37.00000           95           12      0.22430 
   36    -36.00000          194           66      0.50769 
   37    -35.00000          277          110      0.56848 
   38    -34.00000          371          161      0.60526 
   39    -33.00000          451          209      0.63333 
   40    -32.00000          751          427      0.61969 
   41    -31.00000         1002          630      0.64338 
   42    -30.00000         1194          789      0.67373 
   43    -29.00000         1317          912      0.70256 
   44    -28.00000         1398         1010      0.72508 
   45    -27.00000         1905         1398      0.73327 
   46    -26.00000         2354         1774      0.75824 
   47    -25.00000         2674         2055      0.77902 
   48    -24.00000         2934         2254      0.78450 
   49    -23.00000         3173         2440      0.79280 
   50    -22.00000         4027         3691      0.89427 
   51    -21.00000         4449         4141      0.90966 
   52    -20.00000         4752         4438      0.91143 
   53    -19.00000         4932         4624      0.91000 
   54    -18.00000         5077         4738      0.90494 
   55    -17.00000         5325         4916      0.90890 
   56    -16.00000         5495         5071      0.91463 
   57    -15.00000         5640         5233      0.91511 
   58    -14.00000         5663         5292      0.91082 
   59    -13.00000         5572         5303      0.91034 
   60    -12.00000         5451         5216      0.90635 
   61    -11.00000         5440         5182      0.90435 
   62    -10.00000         5443         5137      0.90076 
   63     -9.00000         5320         4992      0.89876 
   64     -8.00000         5128         4800      0.89746 
   65     -7.00000         4840         4497      0.89408 
   66     -6.00000         4737         4372      0.89582 
   67     -5.00000         4593         4217      0.89989 
   68     -4.00000         4351         3987      0.90693 
   69     -3.00000         4085         3750      0.91946 
   70     -2.00000         3844         3516      0.91658 
   71     -1.00000         3706         3433      0.90573 
   72      0.00000         3532         3318      0.89460 
   73      1.00000         3267         3118      0.88144 
   74      2.00000         2974         2916      0.85501 
   75      3.00000         2772         2812      0.81554 
   76      4.00000         2765         2851      0.80805 
   77      5.00000         2668         2801      0.79905 
   78      6.00000         2421         2635      0.78323 
   79      7.00000         1958         2320      0.74287 
   80      8.00000         1030         1656      0.50633 
   81      9.00000         1135         1623      0.54315 
   82     10.00000         1226         1586      0.57610 
   83     11.00000         1259         1495      0.60494 
   84     12.00000         1270         1323      0.66024 
   85     13.00000         1359         1243      0.78478 
   86     14.00000         1435         1325      0.80797 
   87     15.00000         1512         1388      0.82759 
   88     16.00000         1525         1429      0.84496 
   89     17.00000         1530         1458      0.85274 
   90     18.00000         1705         1596      0.82520 
   91     19.00000         1843         1724      0.82366 
   92     20.00000         1936         1842      0.83430 
   93     21.00000         1937         1877      0.85107 
   94     22.00000         1900         1911      0.86067 
   95     23.00000         1853         1909      0.85327 
   96     24.00000         1828         1891      0.87389 
   97     25.00000         1807         1873      0.89076 
   98     26.00000         1764         1824      0.91026 
   99     27.00000         1704         1751      0.92851 
  100     28.00000         1637         1691      0.94772 
  101     29.00000         1573         1652      0.95194 
  102     30.00000         1514         1619      0.96393 
  103     31.00000         1460         1570      0.96040 
  104     32.00000         1423         1535      0.95808 
  105     33.00000         1358         1471      0.95511 
  106     34.00000         1298         1393      0.95652 
  107     35.00000         1255         1321      0.96429 
  108     36.00000         1195         1248      0.96439 
  109     37.00000         1148         1185      0.96271 
  110     38.00000         1054         1091      0.96503 
  111     39.00000          963          999      0.96840 
  112     40.00000          858          898      0.97153 
  113     41.00000          759          812      0.96626 
  114     42.00000          669          726      0.95914 
  115     43.00000          583          651      0.94489 
  116     44.00000          525          601      0.93250 
  117     45.00000          468          553      0.91675 
  118     46.00000          398          495      0.89138 
  119     47.00000          330          439      0.85826 
  120     48.00000          261          375      0.82075 
  121     49.00000          196          296      0.79675 
  122     50.00000          146          224      0.78919 
  123     51.00000           98          149      0.79352 
  124     52.00000           55           90      0.75862 
  125     53.00000           21           42      0.66667 
  126     54.00000            2           13      0.26667 
  127     55.00000            0            0      0.00000 
  128     56.00000            0            0      0.00000 
  129     57.00000            0            0      0.00000 
  130     58.00000            0            0      0.00000 
  131     59.00000            0            0      0.00000 
  132     60.00000            0            0      0.00000 
  133     61.00000            0            0      0.00000 
  134     62.00000            0            0      0.00000 
  135     63.00000            0            0      0.00000 
  136     64.00000            0            0      0.00000 
  137     65.00000            0            0      0.00000 
  138     66.00000            0            0      0.00000 
  139     67.00000            0            0      0.00000 
  140     68.00000            0            0      0.00000 
  141     69.00000            0            0      0.00000 
  142     70.00000            0            0      0.00000 
  143     71.00000            0            0      0.00000 
  144     72.00000            0            0      0.00000 
  145     73.00000            0            0      0.00000 
  146     74.00000            0            0      0.00000 
  147     75.00000            0            0      0.00000 
  148     76.00000            0            0      0.00000 
  149     77.00000            0            0      0.00000 
  150     78.00000            0            0      0.00000 
  151     79.00000            0            0      0.00000 
  152     80.00000            0            0      0.00000 
  153     81.00000            0            0      0.00000 
  154     82.00000            0            0      0.00000 
  155     83.00000            0            0      0.00000 
  156     84.00000            0            0      0.00000 
  157     85.00000            0            0      0.00000 
  158     86.00000            0            0      0.00000 
