# 3dSliceNDice -insetA 6m_2min_s1_m5_binary+orig -insetB 6m_2min_s2_m5_binary+orig -prefix 6m_2min_split_m5_binary
    0    -72.00000            0            0      0.00000 
    1    -71.00000            0            0      0.00000 
    2    -70.00000            0            0      0.00000 
    3    -69.00000            0            0      0.00000 
    4    -68.00000            0            0      0.00000 
    5    -67.00000            0            0      0.00000 
    6    -66.00000            0            0      0.00000 
    7    -65.00000            0            0      0.00000 
    8    -64.00000            0            0      0.00000 
    9    -63.00000            0            0      0.00000 
   10    -62.00000            0            0      0.00000 
   11    -61.00000            0            0      0.00000 
   12    -60.00000            0            0      0.00000 
   13    -59.00000            0            0      0.00000 
   14    -58.00000            0            0      0.00000 
   15    -57.00000            0            0      0.00000 
   16    -56.00000            0            0      0.00000 
   17    -55.00000            0            0      0.00000 
   18    -54.00000            0            0      0.00000 
   19    -53.00000            0            0      0.00000 
   20    -52.00000            0            0      0.00000 
   21    -51.00000            1            1      1.00000 
   22    -50.00000          273          273      1.00000 
   23    -49.00000          612          612      1.00000 
   24    -48.00000         1079         1079      1.00000 
   25    -47.00000         1337         1337      1.00000 
   26    -46.00000         1610         1603      0.99782 
   27    -45.00000         1842         1808      0.99068 
   28    -44.00000         1992         1925      0.98136 
   29    -43.00000         2158         2057      0.96940 
   30    -42.00000         2257         2148      0.96073 
   31    -41.00000         2330         2225      0.95851 
   32    -40.00000         2385         2283      0.95373 
   33    -39.00000         2425         2325      0.95116 
   34    -38.00000         2457         2366      0.95252 
   35    -37.00000         2412         2324      0.95101 
   36    -36.00000         2391         2307      0.95317 
   37    -35.00000         2334         2257      0.95404 
   38    -34.00000         2251         2183      0.95174 
   39    -33.00000         2148         2112      0.94507 
   40    -32.00000         2057         2035      0.94428 
   41    -31.00000         2030         1992      0.94431 
   42    -30.00000         1968         1906      0.94269 
   43    -29.00000         1863         1758      0.93952 
   44    -28.00000         1732         1480      0.90785 
   45    -27.00000         1493         1051      0.82626 
   46    -26.00000         1439          981      0.81074 
   47    -25.00000         1386          888      0.78100 
   48    -24.00000         1286          742      0.73176 
   49    -23.00000         1135          540      0.64358 
   50    -22.00000          878          372      0.53120 
   51    -21.00000          815          320      0.49339 
   52    -20.00000          726          260      0.44016 
   53    -19.00000          587          176      0.33814 
   54    -18.00000          312           64      0.06383 
   55    -17.00000            0            0      0.00000 
   56    -16.00000            0            0      0.00000 
   57    -15.00000            0            0      0.00000 
   58    -14.00000            0            0      0.00000 
   59    -13.00000            0            0      0.00000 
   60    -12.00000            0            0      0.00000 
   61    -11.00000            0            0      0.00000 
   62    -10.00000            0            0      0.00000 
   63     -9.00000            0            0      0.00000 
   64     -8.00000            0            0      0.00000 
   65     -7.00000            0            0      0.00000 
   66     -6.00000            0            0      0.00000 
   67     -5.00000            0            0      0.00000 
   68     -4.00000            0            0      0.00000 
   69     -3.00000            0            0      0.00000 
   70     -2.00000           32          220      0.25397 
   71     -1.00000           88          382      0.37447 
   72      0.00000          140          496      0.44025 
   73      1.00000          180          580      0.47368 
   74      2.00000          216          646      0.50116 
   75      3.00000          398         1049      0.55010 
   76      4.00000          609         1313      0.63371 
   77      5.00000          773         1545      0.66695 
   78      6.00000          892         1714      0.68457 
   79      7.00000          995         1848      0.69996 
   80      8.00000         1440         2026      0.79862 
   81      9.00000         1751         2192      0.83084 
   82     10.00000         1982         2400      0.84208 
   83     11.00000         2144         2546      0.85075 
   84     12.00000         2279         2676      0.85732 
   85     13.00000         2508         2808      0.84537 
   86     14.00000         2744         2888      0.82422 
   87     15.00000         2995         2996      0.81422 
   88     16.00000         3149         3049      0.80929 
   89     17.00000         3295         3097      0.80788 
   90     18.00000         3416         3130      0.80629 
   91     19.00000         3463         3137      0.80788 
   92     20.00000         3537         3138      0.80899 
   93     21.00000         3537         3112      0.80403 
   94     22.00000         3552         3118      0.80000 
   95     23.00000         3529         3089      0.79752 
   96     24.00000         3467         3035      0.79791 
   97     25.00000         3405         2980      0.79875 
   98     26.00000         3276         2898      0.79300 
   99     27.00000         3202         2825      0.79808 
  100     28.00000         3108         2743      0.80465 
  101     29.00000         3039         2717      0.80820 
  102     30.00000         2974         2685      0.81605 
  103     31.00000         2840         2595      0.82833 
  104     32.00000         2736         2540      0.84572 
  105     33.00000         2610         2421      0.85510 
  106     34.00000         2487         2295      0.85655 
  107     35.00000         2358         2145      0.85765 
  108     36.00000         2189         1941      0.85666 
  109     37.00000         2006         1758      0.83794 
  110     38.00000         1825         1577      0.80012 
  111     39.00000         1744         1446      0.79624 
  112     40.00000         1675         1302      0.78804 
  113     41.00000         1599         1120      0.76572 
  114     42.00000         1539          923      0.73030 
  115     43.00000         1465          762      0.68433 
  116     44.00000         1350          680      0.66995 
  117     45.00000         1249          617      0.66131 
  118     46.00000         1110          558      0.66906 
  119     47.00000         1002          555      0.71291 
  120     48.00000          840          526      0.77013 
  121     49.00000          687          495      0.83756 
  122     50.00000          567          448      0.88079 
  123     51.00000          489          426      0.91148 
  124     52.00000          423          398      0.89890 
  125     53.00000          373          370      0.90175 
  126     54.00000          316          323      0.90767 
  127     55.00000          245          257      0.92032 
  128     56.00000          155          157      0.95513 
  129     57.00000           68           75      0.95105 
  130     58.00000            3            3      1.00000 
  131     59.00000            0            0      0.00000 
  132     60.00000            0            0      0.00000 
  133     61.00000            0            0      0.00000 
  134     62.00000            0            0      0.00000 
  135     63.00000            0            0      0.00000 
  136     64.00000            0            0      0.00000 
  137     65.00000            0            0      0.00000 
  138     66.00000            0            0      0.00000 
  139     67.00000            0            0      0.00000 
  140     68.00000            0            0      0.00000 
  141     69.00000            0            0      0.00000 
  142     70.00000            0            0      0.00000 
  143     71.00000            0            0      0.00000 
  144     72.00000            0            0      0.00000 
  145     73.00000            0            0      0.00000 
  146     74.00000            0            0      0.00000 
  147     75.00000            0            0      0.00000 
  148     76.00000            0            0      0.00000 
  149     77.00000            0            0      0.00000 
  150     78.00000            0            0      0.00000 
  151     79.00000            0            0      0.00000 
  152     80.00000            0            0      0.00000 
  153     81.00000            0            0      0.00000 
  154     82.00000            0            0      0.00000 
  155     83.00000            0            0      0.00000 
  156     84.00000            0            0      0.00000 
  157     85.00000            0            0      0.00000 
  158     86.00000            0            0      0.00000 
