# 3dSliceNDice -insetA 6m_2min_s1_m1_binary+orig -insetB 6m_2min_s2_m1_binary+orig -prefix 6m_2min_split_m1_binary
    0    -72.00000            0            0      0.00000 
    1    -71.00000            0            0      0.00000 
    2    -70.00000            0            0      0.00000 
    3    -69.00000            0            0      0.00000 
    4    -68.00000            0            0      0.00000 
    5    -67.00000            0            0      0.00000 
    6    -66.00000            0            0      0.00000 
    7    -65.00000            0            0      0.00000 
    8    -64.00000            0            0      0.00000 
    9    -63.00000            0            0      0.00000 
   10    -62.00000            0            0      0.00000 
   11    -61.00000            0            0      0.00000 
   12    -60.00000            0            0      0.00000 
   13    -59.00000            0            0      0.00000 
   14    -58.00000            0            0      0.00000 
   15    -57.00000            0            0      0.00000 
   16    -56.00000            0            0      0.00000 
   17    -55.00000            0            0      0.00000 
   18    -54.00000            0            0      0.00000 
   19    -53.00000            0            0      0.00000 
   20    -52.00000            0            0      0.00000 
   21    -51.00000            1            1      1.00000 
   22    -50.00000          273          273      1.00000 
   23    -49.00000          612          612      1.00000 
   24    -48.00000         1079         1079      1.00000 
   25    -47.00000         1336         1337      0.99963 
   26    -46.00000         1586         1597      0.98775 
   27    -45.00000         1804         1784      0.97213 
   28    -44.00000         1939         1889      0.96186 
   29    -43.00000         2097         2017      0.95479 
   30    -42.00000         2182         2106      0.94916 
   31    -41.00000         2248         2201      0.94313 
   32    -40.00000         2295         2264      0.93749 
   33    -39.00000         2324         2340      0.92967 
   34    -38.00000         2355         2417      0.92246 
   35    -37.00000         2301         2425      0.91071 
   36    -36.00000         2280         2461      0.90108 
   37    -35.00000         2239         2475      0.88884 
   38    -34.00000         2178         2459      0.87945 
   39    -33.00000         2125         2447      0.87358 
   40    -32.00000         2215         2612      0.85685 
   41    -31.00000         2353         2701      0.86743 
   42    -30.00000         2402         2713      0.87507 
   43    -29.00000         2411         2715      0.87515 
   44    -28.00000         2399         2701      0.87098 
   45    -27.00000         2334         2659      0.87042 
   46    -26.00000         2381         2674      0.87557 
   47    -25.00000         2436         2689      0.88507 
   48    -24.00000         2417         2622      0.89224 
   49    -23.00000         2393         2461      0.90977 
   50    -22.00000         2381         2214      0.93232 
   51    -21.00000         2439         2274      0.93486 
   52    -20.00000         2458         2310      0.93708 
   53    -19.00000         2393         2294      0.93621 
   54    -18.00000         2276         2257      0.92477 
   55    -17.00000         2149         2193      0.88300 
   56    -16.00000         2187         2143      0.84711 
   57    -15.00000         2196         2074      0.80609 
   58    -14.00000         2159         1953      0.75730 
   59    -13.00000         2132         1780      0.72086 
   60    -12.00000         2224         1682      0.74501 
   61    -11.00000         2359         1771      0.73027 
   62    -10.00000         2490         1824      0.71581 
   63     -9.00000         2540         1836      0.69973 
   64     -8.00000         2551         1845      0.68517 
   65     -7.00000         2605         1861      0.65920 
   66     -6.00000         2762         1886      0.65103 
   67     -5.00000         2901         1905      0.64003 
   68     -4.00000         2963         1878      0.63004 
   69     -3.00000         3003         1842      0.61920 
   70     -2.00000         3138         1803      0.59664 
   71     -1.00000         3249         1818      0.58615 
   72      0.00000         3325         1848      0.57529 
   73      1.00000         3284         1829      0.55232 
   74      2.00000         3219         1806      0.52020 
   75      3.00000         3128         1825      0.51080 
   76      4.00000         3065         1896      0.54062 
   77      5.00000         3022         1926      0.56548 
   78      6.00000         2920         1866      0.59089 
   79      7.00000         2787         1727      0.60611 
   80      8.00000         2666         1542      0.60694 
   81      9.00000         2684         1606      0.63170 
   82     10.00000         2665         1689      0.65411 
   83     11.00000         2575         1731      0.67394 
   84     12.00000         2472         1783      0.69612 
   85     13.00000         2446         1808      0.74753 
   86     14.00000         2525         1822      0.74994 
   87     15.00000         2572         1863      0.75355 
   88     16.00000         2496         1816      0.75417 
   89     17.00000         2442         1790      0.75851 
   90     18.00000         2568         1956      0.76658 
   91     19.00000         2637         2035      0.77911 
   92     20.00000         2635         2050      0.78463 
   93     21.00000         2570         1999      0.78048 
   94     22.00000         2433         1864      0.77310 
   95     23.00000         2299         1780      0.76734 
   96     24.00000         2296         1752      0.77619 
   97     25.00000         2303         1749      0.78134 
   98     26.00000         2261         1678      0.78446 
   99     27.00000         2208         1628      0.79041 
  100     28.00000         2110         1533      0.79166 
  101     29.00000         1982         1435      0.78900 
  102     30.00000         1878         1344      0.79205 
  103     31.00000         1723         1250      0.80188 
  104     32.00000         1623         1193      0.80114 
  105     33.00000         1492         1140      0.81231 
  106     34.00000         1355         1079      0.82005 
  107     35.00000         1221         1019      0.83125 
  108     36.00000         1087          975      0.84093 
  109     37.00000          976          926      0.84963 
  110     38.00000          923          921      0.86009 
  111     39.00000          874          917      0.86767 
  112     40.00000          813          897      0.87602 
  113     41.00000          738          856      0.88708 
  114     42.00000          652          812      0.88251 
  115     43.00000          610          741      0.90303 
  116     44.00000          579          678      0.92124 
  117     45.00000          570          636      0.94527 
  118     46.00000          534          564      0.97268 
  119     47.00000          505          505      1.00000 
  120     48.00000          452          452      1.00000 
  121     49.00000          378          378      1.00000 
  122     50.00000          291          291      1.00000 
  123     51.00000          207          207      1.00000 
  124     52.00000          155          155      1.00000 
  125     53.00000          109          109      1.00000 
  126     54.00000           57           57      1.00000 
  127     55.00000           23           23      1.00000 
  128     56.00000            0            0      0.00000 
  129     57.00000            0            0      0.00000 
  130     58.00000            0            0      0.00000 
  131     59.00000            0            0      0.00000 
  132     60.00000            0            0      0.00000 
  133     61.00000            0            0      0.00000 
  134     62.00000            0            0      0.00000 
  135     63.00000            0            0      0.00000 
  136     64.00000            0            0      0.00000 
  137     65.00000            0            0      0.00000 
  138     66.00000            0            0      0.00000 
  139     67.00000            0            0      0.00000 
  140     68.00000            0            0      0.00000 
  141     69.00000            0            0      0.00000 
  142     70.00000            0            0      0.00000 
  143     71.00000            0            0      0.00000 
  144     72.00000            0            0      0.00000 
  145     73.00000            0            0      0.00000 
  146     74.00000            0            0      0.00000 
  147     75.00000            0            0      0.00000 
  148     76.00000            0            0      0.00000 
  149     77.00000            0            0      0.00000 
  150     78.00000            0            0      0.00000 
  151     79.00000            0            0      0.00000 
  152     80.00000            0            0      0.00000 
  153     81.00000            0            0      0.00000 
  154     82.00000            0            0      0.00000 
  155     83.00000            0            0      0.00000 
  156     84.00000            0            0      0.00000 
  157     85.00000            0            0      0.00000 
  158     86.00000            0            0      0.00000 
