# 3dSliceNDice -insetA 6m_2min_s1_m2_binary+orig -insetB 6m_2min_s2_m2_binary+orig -prefix 6m_2min_split_m2_binary
    0    -72.00000            0            0      0.00000 
    1    -71.00000            0            0      0.00000 
    2    -70.00000            0            0      0.00000 
    3    -69.00000            0            0      0.00000 
    4    -68.00000            0            0      0.00000 
    5    -67.00000            0            0      0.00000 
    6    -66.00000            0            0      0.00000 
    7    -65.00000            0            0      0.00000 
    8    -64.00000            0            0      0.00000 
    9    -63.00000            0            0      0.00000 
   10    -62.00000            0            0      0.00000 
   11    -61.00000            0            0      0.00000 
   12    -60.00000            0            0      0.00000 
   13    -59.00000            0            0      0.00000 
   14    -58.00000            0            0      0.00000 
   15    -57.00000            0            0      0.00000 
   16    -56.00000            0            0      0.00000 
   17    -55.00000            0            0      0.00000 
   18    -54.00000            0            0      0.00000 
   19    -53.00000            0            0      0.00000 
   20    -52.00000            0            0      0.00000 
   21    -51.00000            1            1      1.00000 
   22    -50.00000          273          273      1.00000 
   23    -49.00000          612          612      1.00000 
   24    -48.00000         1079         1079      1.00000 
   25    -47.00000         1337         1337      1.00000 
   26    -46.00000         1611         1608      0.99783 
   27    -45.00000         1853         1840      0.98836 
   28    -44.00000         2009         1991      0.98150 
   29    -43.00000         2198         2159      0.97406 
   30    -42.00000         2338         2301      0.97047 
   31    -41.00000         2451         2458      0.96191 
   32    -40.00000         2547         2581      0.95554 
   33    -39.00000         2634         2689      0.95022 
   34    -38.00000         2709         2791      0.94764 
   35    -37.00000         2706         2795      0.94710 
   36    -36.00000         2722         2801      0.94767 
   37    -35.00000         2717         2770      0.95061 
   38    -34.00000         2698         2712      0.94935 
   39    -33.00000         2709         2685      0.94327 
   40    -32.00000         2714         2683      0.93719 
   41    -31.00000         2737         2718      0.92869 
   42    -30.00000         2767         2750      0.93058 
   43    -29.00000         2795         2801      0.93388 
   44    -28.00000         2835         2882      0.93895 
   45    -27.00000         2797         2863      0.94664 
   46    -26.00000         2777         2832      0.94741 
   47    -25.00000         2737         2778      0.94687 
   48    -24.00000         2631         2655      0.94627 
   49    -23.00000         2495         2518      0.93756 
   50    -22.00000         2394         2383      0.93364 
   51    -21.00000         2323         2288      0.92952 
   52    -20.00000         2246         2169      0.92593 
   53    -19.00000         2128         2013      0.92345 
   54    -18.00000         2034         1876      0.91253 
   55    -17.00000         2045         1821      0.89188 
   56    -16.00000         2087         1844      0.89494 
   57    -15.00000         2083         1823      0.90323 
   58    -14.00000         1982         1742      0.91353 
   59    -13.00000         1875         1675      0.92676 
   60    -12.00000         1757         1596      0.92514 
   61    -11.00000         1691         1529      0.91988 
   62    -10.00000         1607         1442      0.91833 
   63     -9.00000         1452         1292      0.91545 
   64     -8.00000         1195         1043      0.90259 
   65     -7.00000          580          502      0.91497 
   66     -6.00000          582          504      0.92449 
   67     -5.00000          583          508      0.93126 
   68     -4.00000          599          509      0.91877 
   69     -3.00000          611          513      0.91281 
   70     -2.00000          613          504      0.90242 
   71     -1.00000          608          492      0.89455 
   72      0.00000          604          484      0.88971 
   73      1.00000          586          466      0.88593 
   74      2.00000          573          444      0.87316 
   75      3.00000          539          408      0.86167 
   76      4.00000          509          371      0.84318 
   77      5.00000          467          328      0.82013 
   78      6.00000          403          277      0.80000 
   79      7.00000          312          243      0.76396 
   80      8.00000          216          209      0.64000 
   81      9.00000          180          179      0.59053 
   82     10.00000          140          140      0.54286 
   83     11.00000           88           88      0.43182 
   84     12.00000           32           32      0.12500 
   85     13.00000            0            0      0.00000 
   86     14.00000            0            0      0.00000 
   87     15.00000            0            0      0.00000 
   88     16.00000            0            0      0.00000 
   89     17.00000            0            0      0.00000 
   90     18.00000            0           60      0.00000 
   91     19.00000            0          138      0.00000 
   92     20.00000            0          204      0.00000 
   93     21.00000            0          254      0.00000 
   94     22.00000            0          296      0.00000 
   95     23.00000            0          351      0.00000 
   96     24.00000            0          390      0.00000 
   97     25.00000            0          443      0.00000 
   98     26.00000            0          471      0.00000 
   99     27.00000            0          496      0.00000 
  100     28.00000            0          518      0.00000 
  101     29.00000            0          525      0.00000 
  102     30.00000            0          530      0.00000 
  103     31.00000            0          509      0.00000 
  104     32.00000            0          491      0.00000 
  105     33.00000            0          453      0.00000 
  106     34.00000            0          419      0.00000 
  107     35.00000            0          375      0.00000 
  108     36.00000            0          312      0.00000 
  109     37.00000            0          247      0.00000 
  110     38.00000            0          175      0.00000 
  111     39.00000            0          141      0.00000 
  112     40.00000            0           98      0.00000 
  113     41.00000            0           54      0.00000 
  114     42.00000            0           16      0.00000 
  115     43.00000            0            0      0.00000 
  116     44.00000            0            0      0.00000 
  117     45.00000            0            0      0.00000 
  118     46.00000            0            0      0.00000 
  119     47.00000            0            0      0.00000 
  120     48.00000            0            0      0.00000 
  121     49.00000            0            0      0.00000 
  122     50.00000            0            0      0.00000 
  123     51.00000            0            0      0.00000 
  124     52.00000            0            0      0.00000 
  125     53.00000            0            0      0.00000 
  126     54.00000            0            0      0.00000 
  127     55.00000            0            0      0.00000 
  128     56.00000            0            0      0.00000 
  129     57.00000            0            0      0.00000 
  130     58.00000            0            0      0.00000 
  131     59.00000            0            0      0.00000 
  132     60.00000            0            0      0.00000 
  133     61.00000            0            0      0.00000 
  134     62.00000            0            0      0.00000 
  135     63.00000            0            0      0.00000 
  136     64.00000            0            0      0.00000 
  137     65.00000            0            0      0.00000 
  138     66.00000            0            0      0.00000 
  139     67.00000            0            0      0.00000 
  140     68.00000            0            0      0.00000 
  141     69.00000            0            0      0.00000 
  142     70.00000            0            0      0.00000 
  143     71.00000            0            0      0.00000 
  144     72.00000            0            0      0.00000 
  145     73.00000            0            0      0.00000 
  146     74.00000            0            0      0.00000 
  147     75.00000            0            0      0.00000 
  148     76.00000            0            0      0.00000 
  149     77.00000            0            0      0.00000 
  150     78.00000            0            0      0.00000 
  151     79.00000            0            0      0.00000 
  152     80.00000            0            0      0.00000 
  153     81.00000            0            0      0.00000 
  154     82.00000            0            0      0.00000 
  155     83.00000            0            0      0.00000 
  156     84.00000            0            0      0.00000 
  157     85.00000            0            0      0.00000 
  158     86.00000            0            0      0.00000 
