# 3dSliceNDice -insetA 6m_2min_s1_m4_binary+orig -insetB 6m_2min_s2_m4_binary+orig -prefix 6m_2min_split_m4_binary
    0    134.00000            0            0      0.00000 
    1    133.00000            0            0      0.00000 
    2    132.00000            0            0      0.00000 
    3    131.00000            0            0      0.00000 
    4    130.00000            0            0      0.00000 
    5    129.00000            0            0      0.00000 
    6    128.00000            0            0      0.00000 
    7    127.00000            0            0      0.00000 
    8    126.00000            0            0      0.00000 
    9    125.00000            0            0      0.00000 
   10    124.00000            0            0      0.00000 
   11    123.00000            0            0      0.00000 
   12    122.00000            0            0      0.00000 
   13    121.00000            0            0      0.00000 
   14    120.00000            0            0      0.00000 
   15    119.00000            0            0      0.00000 
   16    118.00000            0            0      0.00000 
   17    117.00000            0            0      0.00000 
   18    116.00000            0            0      0.00000 
   19    115.00000            0            0      0.00000 
   20    114.00000            0            0      0.00000 
   21    113.00000            0            0      0.00000 
   22    112.00000            0            0      0.00000 
   23    111.00000            0            0      0.00000 
   24    110.00000            0            0      0.00000 
   25    109.00000            0            0      0.00000 
   26    108.00000            0            0      0.00000 
   27    107.00000            0            0      0.00000 
   28    106.00000            0            0      0.00000 
   29    105.00000            0            0      0.00000 
   30    104.00000            0            0      0.00000 
   31    103.00000            0            0      0.00000 
   32    102.00000            0            0      0.00000 
   33    101.00000            0            0      0.00000 
   34    100.00000            0            0      0.00000 
   35     99.00000            0            0      0.00000 
   36     98.00000            0            0      0.00000 
   37     97.00000            0            0      0.00000 
   38     96.00000            0            0      0.00000 
   39     95.00000            0            0      0.00000 
   40     94.00000            0            0      0.00000 
   41     93.00000            0            0      0.00000 
   42     92.00000            0            0      0.00000 
   43     91.00000            0            0      0.00000 
   44     90.00000            0            0      0.00000 
   45     89.00000            0            0      0.00000 
   46     88.00000            0            0      0.00000 
   47     87.00000            0            0      0.00000 
   48     86.00000            0            0      0.00000 
   49     85.00000            0            0      0.00000 
   50     84.00000            6            6      1.00000 
   51     83.00000          114          114      1.00000 
   52     82.00000          213          213      1.00000 
   53     81.00000          295          295      1.00000 
   54     80.00000          384          398      0.98210 
   55     79.00000          464          498      0.96466 
   56     78.00000          554          598      0.96181 
   57     77.00000          629          682      0.95957 
   58     76.00000          723          777      0.96400 
   59     75.00000          788          864      0.95400 
   60     74.00000          844          964      0.93363 
   61     73.00000          888         1057      0.91311 
   62     72.00000          934         1160      0.89207 
   63     71.00000         1010         1274      0.88441 
   64     70.00000         1153         1455      0.88190 
   65     69.00000         1238         1561      0.87817 
   66     68.00000         1291         1633      0.87346 
   67     67.00000         1304         1696      0.85333 
   68     66.00000         1293         1774      0.82165 
   69     65.00000         1260         1822      0.78975 
   70     64.00000         1201         1823      0.76257 
   71     63.00000         1159         1828      0.74121 
   72     62.00000         1095         1826      0.71003 
   73     61.00000         1040         1849      0.67636 
   74     60.00000          970         1869      0.63543 
   75     59.00000          862         1830      0.59212 
   76     58.00000          751         1779      0.54704 
   77     57.00000          597         1735      0.47341 
   78     56.00000          577         1760      0.46641 
   79     55.00000          550         1805      0.45180 
   80     54.00000          494         1766      0.43186 
   81     53.00000          427         1709      0.39981 
   82     52.00000          394         1659      0.38383 
   83     51.00000          393         1665      0.38192 
   84     50.00000          398         1667      0.38547 
   85     49.00000          382         1592      0.38703 
   86     48.00000          369         1507      0.39339 
   87     47.00000          600         1475      0.51566 
   88     46.00000          819         1509      0.57818 
   89     45.00000          997         1522      0.62961 
   90     44.00000         1136         1497      0.67831 
   91     43.00000         1249         1451      0.72593 
   92     42.00000         1432         1485      0.75968 
   93     41.00000         1581         1601      0.77184 
   94     40.00000         1749         1696      0.78781 
   95     39.00000         1867         1769      0.80088 
   96     38.00000         1980         1819      0.81653 
   97     37.00000         2192         2022      0.82772 
   98     36.00000         2330         2212      0.82387 
   99     35.00000         2443         2385      0.81773 
  100     34.00000         2516         2504      0.82072 
  101     33.00000         2579         2610      0.82212 
  102     32.00000         2619         2808      0.80671 
  103     31.00000         2619         2924      0.79452 
  104     30.00000         2656         3044      0.78632 
  105     29.00000         2650         3096      0.78211 
  106     28.00000         2619         3145      0.78105 
  107     27.00000         2576         3181      0.78096 
  108     26.00000         2505         3195      0.78632 
  109     25.00000         2418         3204      0.79331 
  110     24.00000         2286         3117      0.80067 
  111     23.00000         2185         3013      0.80762 
  112     22.00000         2080         2888      0.81643 
  113     21.00000         2017         2831      0.81683 
  114     20.00000         1929         2768      0.81967 
  115     19.00000         1852         2658      0.81951 
  116     18.00000         1740         2508      0.81733 
  117     17.00000         1616         2305      0.82224 
  118     16.00000         1614         2229      0.83789 
  119     15.00000         1596         2128      0.85499 
  120     14.00000         1610         2004      0.87825 
  121     13.00000         1605         1830      0.91645 
  122     12.00000         1597         1687      0.94275 
  123     11.00000         1587         1645      0.94369 
  124     10.00000         1586         1590      0.93514 
  125      9.00000         1590         1531      0.92919 
  126      8.00000         1593         1485      0.93567 
  127      7.00000         1586         1434      0.93510 
  128      6.00000         1572         1416      0.93373 
  129      5.00000         1564         1405      0.92961 
  130      4.00000         1550         1377      0.92655 
  131      3.00000         1556         1370      0.92344 
  132      2.00000         1534         1344      0.92495 
  133      1.00000         1516         1309      0.92177 
  134      0.00000         1506         1281      0.91783 
  135     -1.00000         1468         1221      0.90517 
  136     -2.00000         1435         1175      0.88736 
  137     -3.00000         1408         1119      0.86347 
  138     -4.00000         1397         1086      0.85864 
  139     -5.00000         1377         1036      0.84956 
  140     -6.00000         1342          991      0.84526 
  141     -7.00000         1326          970      0.84495 
  142     -8.00000         1303          950      0.84332 
  143     -9.00000         1263          931      0.84868 
  144    -10.00000         1232          909      0.84914 
  145    -11.00000         1185          875      0.84951 
  146    -12.00000         1135          861      0.86273 
  147    -13.00000         1087          817      0.85819 
  148    -14.00000         1041          784      0.85918 
  149    -15.00000          975          734      0.85898 
  150    -16.00000          875          676      0.87170 
  151    -17.00000          773          621      0.89096 
  152    -18.00000          692          583      0.91451 
  153    -19.00000          634          535      0.91531 
  154    -20.00000          585          496      0.91767 
  155    -21.00000          514          432      0.91332 
  156    -22.00000          467          400      0.92272 
  157    -23.00000          414          388      0.88778 
  158    -24.00000          360          399      0.81950 
  159    -25.00000          303          404      0.74682 
  160    -26.00000          229          368      0.66667 
  161    -27.00000          156          330      0.56379 
  162    -28.00000           81          299      0.42632 
  163    -29.00000           64          290      0.36158 
  164    -30.00000           38          268      0.24837 
  165    -31.00000           21          248      0.15613 
  166    -32.00000            5          226      0.04329 
  167    -33.00000            0          217      0.00000 
  168    -34.00000            0          212      0.00000 
  169    -35.00000            0          198      0.00000 
  170    -36.00000            0          180      0.00000 
  171    -37.00000            0          167      0.00000 
  172    -38.00000            0          136      0.00000 
  173    -39.00000            0          111      0.00000 
  174    -40.00000            0           87      0.00000 
  175    -41.00000            0           56      0.00000 
  176    -42.00000            0           24      0.00000 
  177    -43.00000            0            0      0.00000 
  178    -44.00000            0            0      0.00000 
  179    -45.00000            0            0      0.00000 
  180    -46.00000            0            0      0.00000 
  181    -47.00000            0            0      0.00000 
  182    -48.00000            0            0      0.00000 
  183    -49.00000            0            0      0.00000 
  184    -50.00000            0            0      0.00000 
  185    -51.00000            0            0      0.00000 
  186    -52.00000            0            0      0.00000 
  187    -53.00000            0            0      0.00000 
  188    -54.00000            0            0      0.00000 
  189    -55.00000            0            0      0.00000 
  190    -56.00000            0            0      0.00000 
  191    -57.00000            0            0      0.00000 
  192    -58.00000            0            0      0.00000 
  193    -59.00000            0            0      0.00000 
  194    -60.00000            0            0      0.00000 
  195    -61.00000            0            0      0.00000 
  196    -62.00000            0            0      0.00000 
  197    -63.00000            0            0      0.00000 
  198    -64.00000            0            0      0.00000 
  199    -65.00000            0            0      0.00000 
  200    -66.00000            0            0      0.00000 
  201    -67.00000            0            0      0.00000 
  202    -68.00000            0            0      0.00000 
  203    -69.00000            0            0      0.00000 
  204    -70.00000            0            0      0.00000 
  205    -71.00000            0            0      0.00000 
  206    -72.00000            0            0      0.00000 
  207    -73.00000            0            0      0.00000 
  208    -74.00000            0            0      0.00000 
  209    -75.00000            0            0      0.00000 
  210    -76.00000            0            0      0.00000 
  211    -77.00000            0            0      0.00000 
  212    -78.00000            0            0      0.00000 
  213    -79.00000            0            0      0.00000 
  214    -80.00000            0            0      0.00000 
  215    -81.00000            0            0      0.00000 
  216    -82.00000            0            0      0.00000 
  217    -83.00000            0            0      0.00000 
  218    -84.00000            0            0      0.00000 
  219    -85.00000            0            0      0.00000 
  220    -86.00000            0            0      0.00000 
  221    -87.00000            0            0      0.00000 
  222    -88.00000            0            0      0.00000 
  223    -89.00000            0            0      0.00000 
  224    -90.00000            0            0      0.00000 
  225    -91.00000            0            0      0.00000 
  226    -92.00000            0            0      0.00000 
  227    -93.00000            0            0      0.00000 
  228    -94.00000            0            0      0.00000 
  229    -95.00000            0            0      0.00000 
  230    -96.00000            0            0      0.00000 
  231    -97.00000            0            0      0.00000 
  232    -98.00000            0            0      0.00000 
