# 3dSliceNDice -insetA 6m_2min_s1_m2_binary+orig -insetB 6m_2min_s2_m2_binary+orig -prefix 6m_2min_split_m2_binary
    0     96.00000            0            0      0.00000 
    1     95.00000            0            0      0.00000 
    2     94.00000            0            0      0.00000 
    3     93.00000            0            0      0.00000 
    4     92.00000            0            0      0.00000 
    5     91.00000            0            0      0.00000 
    6     90.00000            0            0      0.00000 
    7     89.00000            0            0      0.00000 
    8     88.00000            0            0      0.00000 
    9     87.00000            0            0      0.00000 
   10     86.00000            0            0      0.00000 
   11     85.00000            0            0      0.00000 
   12     84.00000            0            0      0.00000 
   13     83.00000            0            0      0.00000 
   14     82.00000            0            0      0.00000 
   15     81.00000            0            0      0.00000 
   16     80.00000            0            0      0.00000 
   17     79.00000            0            0      0.00000 
   18     78.00000            0            0      0.00000 
   19     77.00000            0            0      0.00000 
   20     76.00000            0            0      0.00000 
   21     75.00000            0            0      0.00000 
   22     74.00000            0            0      0.00000 
   23     73.00000            0            0      0.00000 
   24     72.00000            0            0      0.00000 
   25     71.00000            0            0      0.00000 
   26     70.00000            0            0      0.00000 
   27     69.00000            0            0      0.00000 
   28     68.00000            0            0      0.00000 
   29     67.00000            0            0      0.00000 
   30     66.00000            0            0      0.00000 
   31     65.00000            0            0      0.00000 
   32     64.00000            0            0      0.00000 
   33     63.00000            0            0      0.00000 
   34     62.00000            0            0      0.00000 
   35     61.00000            0            0      0.00000 
   36     60.00000            0            0      0.00000 
   37     59.00000            0            0      0.00000 
   38     58.00000           39            0      0.00000 
   39     57.00000          143            0      0.00000 
   40     56.00000          245           57      0.37748 
   41     55.00000          348          154      0.60159 
   42     54.00000          440          258      0.69341 
   43     53.00000          522          353      0.75886 
   44     52.00000          598          448      0.80880 
   45     51.00000          650          515      0.83948 
   46     50.00000          693          573      0.85782 
   47     49.00000          706          604      0.87328 
   48     48.00000          746          658      0.89031 
   49     47.00000          761          697      0.90672 
   50     46.00000          758          710      0.91417 
   51     45.00000          729          702      0.92103 
   52     44.00000          697          675      0.92711 
   53     43.00000          668          653      0.91749 
   54     42.00000          636          607      0.91553 
   55     41.00000          612          561      0.90537 
   56     40.00000          613          547      0.90345 
   57     39.00000          590          534      0.90214 
   58     38.00000          583          527      0.89910 
   59     37.00000          581          532      0.91105 
   60     36.00000          597          581      0.89474 
   61     35.00000          601          613      0.88468 
   62     34.00000          581          628      0.86849 
   63     33.00000          534          615      0.84595 
   64     32.00000          485          639      0.85765 
   65     31.00000          551          733      0.84891 
   66     30.00000          626          832      0.85322 
   67     29.00000          687          903      0.85912 
   68     28.00000          740          964      0.86620 
   69     27.00000          848         1021      0.84537 
   70     26.00000          977         1075      0.83236 
   71     25.00000         1089         1146      0.83669 
   72     24.00000         1161         1186      0.84278 
   73     23.00000         1220         1215      0.84928 
   74     22.00000         1353         1245      0.89530 
   75     21.00000         1450         1279      0.91755 
   76     20.00000         1517         1347      0.92807 
   77     19.00000         1570         1420      0.93311 
   78     18.00000         1610         1492      0.94133 
   79     17.00000         1631         1548      0.94998 
   80     16.00000         1621         1571      0.95301 
   81     15.00000         1640         1611      0.95724 
   82     14.00000         1638         1640      0.96766 
   83     13.00000         1629         1651      0.97317 
   84     12.00000         1601         1637      0.97776 
   85     11.00000         1564         1606      0.98423 
   86     10.00000         1527         1572      0.98548 
   87      9.00000         1525         1561      0.98833 
   88      8.00000         1544         1574      0.99038 
   89      7.00000         1574         1595      0.99337 
   90      6.00000         1586         1599      0.99592 
   91      5.00000         1588         1591      0.99906 
   92      4.00000         1566         1557      0.99712 
   93      3.00000         1549         1528      0.99318 
   94      2.00000         1514         1493      0.99302 
   95      1.00000         1485         1476      0.99696 
   96      0.00000         1484         1484      1.00000 
   97     -1.00000         1499         1490      0.99699 
   98     -2.00000         1527         1503      0.99208 
   99     -3.00000         1547         1506      0.98657 
  100     -4.00000         1557         1505      0.98302 
  101     -5.00000         1561         1491      0.97706 
  102     -6.00000         1545         1454      0.96966 
  103     -7.00000         1509         1405      0.96431 
  104     -8.00000         1498         1378      0.95828 
  105     -9.00000         1489         1357      0.95362 
  106    -10.00000         1471         1323      0.94703 
  107    -11.00000         1499         1323      0.93763 
  108    -12.00000         1551         1347      0.92961 
  109    -13.00000         1563         1354      0.92767 
  110    -14.00000         1554         1354      0.92916 
  111    -15.00000         1558         1369      0.92860 
  112    -16.00000         1537         1368      0.92943 
  113    -17.00000         1527         1371      0.92892 
  114    -18.00000         1477         1353      0.93145 
  115    -19.00000         1420         1328      0.93377 
  116    -20.00000         1364         1300      0.93468 
  117    -21.00000         1288         1265      0.93302 
  118    -22.00000         1227         1243      0.93360 
  119    -23.00000         1177         1201      0.93440 
  120    -24.00000         1125         1153      0.93942 
  121    -25.00000         1053         1086      0.94717 
  122    -26.00000          959         1002      0.95665 
  123    -27.00000          873          922      0.95822 
  124    -28.00000          795          902      0.92280 
  125    -29.00000          740          916      0.87440 
  126    -30.00000          671          898      0.82728 
  127    -31.00000          578          849      0.77505 
  128    -32.00000          519          815      0.74063 
  129    -33.00000          459          810      0.68873 
  130    -34.00000          408          792      0.64333 
  131    -35.00000          352          785      0.57520 
  132    -36.00000          283          740      0.49267 
  133    -37.00000          213          700      0.38116 
  134    -38.00000          164          660      0.27184 
  135    -39.00000          124          607      0.18331 
  136    -40.00000           89          559      0.08025 
  137    -41.00000           42          510      0.00000 
  138    -42.00000            0          496      0.00000 
  139    -43.00000            0          464      0.00000 
  140    -44.00000            0          428      0.00000 
  141    -45.00000            0          383      0.00000 
  142    -46.00000            0          317      0.00000 
  143    -47.00000            0          249      0.00000 
  144    -48.00000            0          176      0.00000 
  145    -49.00000            0          130      0.00000 
  146    -50.00000            0           86      0.00000 
  147    -51.00000            0           41      0.00000 
  148    -52.00000            0            9      0.00000 
  149    -53.00000            0            0      0.00000 
  150    -54.00000            0            0      0.00000 
  151    -55.00000            0            0      0.00000 
  152    -56.00000            0            0      0.00000 
  153    -57.00000            0            0      0.00000 
  154    -58.00000            0            0      0.00000 
  155    -59.00000            0            0      0.00000 
  156    -60.00000            0            0      0.00000 
  157    -61.00000            0            0      0.00000 
  158    -62.00000            0            0      0.00000 
  159    -63.00000            0            0      0.00000 
  160    -64.00000            0            0      0.00000 
  161    -65.00000            0            0      0.00000 
  162    -66.00000            0            0      0.00000 
  163    -67.00000            0            0      0.00000 
  164    -68.00000            0            0      0.00000 
  165    -69.00000            0            0      0.00000 
  166    -70.00000            0            0      0.00000 
  167    -71.00000            0            0      0.00000 
  168    -72.00000            0            0      0.00000 
  169    -73.00000            0            0      0.00000 
  170    -74.00000            0            0      0.00000 
  171    -75.00000            0            0      0.00000 
  172    -76.00000            0            0      0.00000 
  173    -77.00000            0            0      0.00000 
  174    -78.00000            0            0      0.00000 
  175    -79.00000            0            0      0.00000 
  176    -80.00000            0            0      0.00000 
  177    -81.00000            0            0      0.00000 
  178    -82.00000            0            0      0.00000 
  179    -83.00000            0            0      0.00000 
  180    -84.00000            0            0      0.00000 
  181    -85.00000            0            0      0.00000 
  182    -86.00000            0            0      0.00000 
  183    -87.00000            0            0      0.00000 
  184    -88.00000            0            0      0.00000 
  185    -89.00000            0            0      0.00000 
  186    -90.00000            0            0      0.00000 
  187    -91.00000            0            0      0.00000 
  188    -92.00000            0            0      0.00000 
  189    -93.00000            0            0      0.00000 
  190    -94.00000            0            0      0.00000 
  191    -95.00000            0            0      0.00000 
  192    -96.00000            0            0      0.00000 
  193    -97.00000            0            0      0.00000 
  194    -98.00000            0            0      0.00000 
