# 3dSliceNDice -insetA 6m_2min_s1_m4_binary+orig -insetB 6m_2min_s2_m4_binary+orig -prefix 6m_2min_split_m4_binary
    0    -72.00000            0            0      0.00000 
    1    -71.00000            0            0      0.00000 
    2    -70.00000            0            0      0.00000 
    3    -69.00000            0            0      0.00000 
    4    -68.00000            0            0      0.00000 
    5    -67.00000            0            0      0.00000 
    6    -66.00000            0            0      0.00000 
    7    -65.00000            0            0      0.00000 
    8    -64.00000            0            0      0.00000 
    9    -63.00000            0            0      0.00000 
   10    -62.00000            0            0      0.00000 
   11    -61.00000            0            0      0.00000 
   12    -60.00000            0            0      0.00000 
   13    -59.00000            0            0      0.00000 
   14    -58.00000            0            0      0.00000 
   15    -57.00000            0            0      0.00000 
   16    -56.00000            0            0      0.00000 
   17    -55.00000            0            0      0.00000 
   18    -54.00000            0            0      0.00000 
   19    -53.00000            0            0      0.00000 
   20    -52.00000            0            0      0.00000 
   21    -51.00000            1            0      0.00000 
   22    -50.00000           60            0      0.00000 
   23    -49.00000          119            0      0.00000 
   24    -48.00000          223            0      0.00000 
   25    -47.00000          263            0      0.00000 
   26    -46.00000          298            0      0.00000 
   27    -45.00000          318            0      0.00000 
   28    -44.00000          341            0      0.00000 
   29    -43.00000          372            0      0.00000 
   30    -42.00000          390            0      0.00000 
   31    -41.00000          398            0      0.00000 
   32    -40.00000          409            0      0.00000 
   33    -39.00000          394            0      0.00000 
   34    -38.00000          372            0      0.00000 
   35    -37.00000          330            8      0.00000 
   36    -36.00000          283           53      0.00000 
   37    -35.00000          229           89      0.00000 
   38    -34.00000          157          135      0.00000 
   39    -33.00000           64          179      0.00000 
   40    -32.00000          276          453      0.75720 
   41    -31.00000          493          675      0.84418 
   42    -30.00000          653          853      0.86720 
   43    -29.00000          813         1025      0.88466 
   44    -28.00000          962         1178      0.89907 
   45    -27.00000         1108         1337      0.90634 
   46    -26.00000         1198         1446      0.90620 
   47    -25.00000         1321         1593      0.90460 
   48    -24.00000         1407         1703      0.89904 
   49    -23.00000         1499         1811      0.89789 
   50    -22.00000         1638         1985      0.89484 
   51    -21.00000         1770         2165      0.88793 
   52    -20.00000         1920         2354      0.88629 
   53    -19.00000         2002         2477      0.88145 
   54    -18.00000         2058         2604      0.86830 
   55    -17.00000         2042         2682      0.84759 
   56    -16.00000         1998         2706      0.83121 
   57    -15.00000         1932         2722      0.80877 
   58    -14.00000         1816         2687      0.77992 
   59    -13.00000         1692         2617      0.75841 
   60    -12.00000         1550         2420      0.75063 
   61    -11.00000         1464         2282      0.75280 
   62    -10.00000         1348         2096      0.75377 
   63     -9.00000         1193         1824      0.76168 
   64     -8.00000          945         1446      0.76704 
   65     -7.00000          662          978      0.80732 
   66     -6.00000          648          958      0.80697 
   67     -5.00000          632          936      0.80612 
   68     -4.00000          600          888      0.80645 
   69     -3.00000          557          843      0.79571 
   70     -2.00000          512          803      0.77871 
   71     -1.00000          471          787      0.74881 
   72      0.00000          428          770      0.71452 
   73      1.00000          376          724      0.68364 
   74      2.00000          342          695      0.65960 
   75      3.00000          301          651      0.63235 
   76      4.00000          268          611      0.60978 
   77      5.00000          230          562      0.58081 
   78      6.00000          173          477      0.53231 
   79      7.00000           88          368      0.38596 
   80      8.00000          552          615      0.46615 
   81      9.00000          823          957      0.50674 
   82     10.00000          995         1206      0.51886 
   83     11.00000         1120         1372      0.52889 
   84     12.00000         1216         1497      0.53889 
   85     13.00000         1326         1753      0.57486 
   86     14.00000         1392         1997      0.60372 
   87     15.00000         1495         2229      0.61278 
   88     16.00000         1561         2372      0.62141 
   89     17.00000         1620         2495      0.62746 
   90     18.00000         1686         2609      0.63516 
   91     19.00000         1715         2645      0.64083 
   92     20.00000         1784         2730      0.64688 
   93     21.00000         1831         2736      0.65470 
   94     22.00000         1874         2747      0.66263 
   95     23.00000         1917         2729      0.67800 
   96     24.00000         1951         2684      0.69428 
   97     25.00000         2000         2665      0.71768 
   98     26.00000         2042         2594      0.74720 
   99     27.00000         2081         2533      0.77417 
  100     28.00000         2118         2492      0.79566 
  101     29.00000         2150         2507      0.80438 
  102     30.00000         2206         2561      0.82106 
  103     31.00000         2241         2544      0.84263 
  104     32.00000         2274         2526      0.86042 
  105     33.00000         2304         2586      0.86708 
  106     34.00000         2328         2670      0.86355 
  107     35.00000         2387         2785      0.86504 
  108     36.00000         2450         2842      0.87113 
  109     37.00000         2505         2897      0.87375 
  110     38.00000         2557         2971      0.87048 
  111     39.00000         2576         3001      0.87144 
  112     40.00000         2622         3043      0.87202 
  113     41.00000         2633         3010      0.87719 
  114     42.00000         2641         2991      0.88033 
  115     43.00000         2630         2943      0.88821 
  116     44.00000         2564         2833      0.89976 
  117     45.00000         2520         2778      0.90525 
  118     46.00000         2480         2681      0.91494 
  119     47.00000         2413         2577      0.92024 
  120     48.00000         2285         2412      0.92612 
  121     49.00000         2137         2230      0.93428 
  122     50.00000         2002         2098      0.94244 
  123     51.00000         1862         1995      0.93803 
  124     52.00000         1714         1841      0.94515 
  125     53.00000         1515         1612      0.95747 
  126     54.00000         1283         1322      0.97965 
  127     55.00000         1025         1037      0.99418 
  128     56.00000          645          648      0.99768 
  129     57.00000          307          307      1.00000 
  130     58.00000           66           66      1.00000 
  131     59.00000            0            0      0.00000 
  132     60.00000            0            0      0.00000 
  133     61.00000            0            0      0.00000 
  134     62.00000            0            0      0.00000 
  135     63.00000            0            0      0.00000 
  136     64.00000            0            0      0.00000 
  137     65.00000            0            0      0.00000 
  138     66.00000            0            0      0.00000 
  139     67.00000            0            0      0.00000 
  140     68.00000            0            0      0.00000 
  141     69.00000            0            0      0.00000 
  142     70.00000            0            0      0.00000 
  143     71.00000            0            0      0.00000 
  144     72.00000            0            0      0.00000 
  145     73.00000            0            0      0.00000 
  146     74.00000            0            0      0.00000 
  147     75.00000            0            0      0.00000 
  148     76.00000            0            0      0.00000 
  149     77.00000            0            0      0.00000 
  150     78.00000            0            0      0.00000 
  151     79.00000            0            0      0.00000 
  152     80.00000            0            0      0.00000 
  153     81.00000            0            0      0.00000 
  154     82.00000            0            0      0.00000 
  155     83.00000            0            0      0.00000 
  156     84.00000            0            0      0.00000 
  157     85.00000            0            0      0.00000 
  158     86.00000            0            0      0.00000 
