# 3dSliceNDice -insetA 6m_2min_s1_m4_binary+orig -insetB 6m_2min_s2_m4_binary+orig -prefix 6m_2min_split_m4_binary
    0     96.00000            0            0      0.00000 
    1     95.00000            0            0      0.00000 
    2     94.00000            0            0      0.00000 
    3     93.00000            0            0      0.00000 
    4     92.00000            0            0      0.00000 
    5     91.00000            0            0      0.00000 
    6     90.00000            0            0      0.00000 
    7     89.00000            0            0      0.00000 
    8     88.00000            0            0      0.00000 
    9     87.00000            0            0      0.00000 
   10     86.00000            0            0      0.00000 
   11     85.00000            0            0      0.00000 
   12     84.00000            0            0      0.00000 
   13     83.00000            0            0      0.00000 
   14     82.00000            0            0      0.00000 
   15     81.00000            0            0      0.00000 
   16     80.00000            0            0      0.00000 
   17     79.00000            0            0      0.00000 
   18     78.00000            0            0      0.00000 
   19     77.00000            0            0      0.00000 
   20     76.00000            0            0      0.00000 
   21     75.00000            0            0      0.00000 
   22     74.00000            0            0      0.00000 
   23     73.00000            0            0      0.00000 
   24     72.00000            0            0      0.00000 
   25     71.00000            0            0      0.00000 
   26     70.00000            0            0      0.00000 
   27     69.00000            0            0      0.00000 
   28     68.00000            0            0      0.00000 
   29     67.00000            0            0      0.00000 
   30     66.00000            0            0      0.00000 
   31     65.00000            0            0      0.00000 
   32     64.00000            0            0      0.00000 
   33     63.00000            0            0      0.00000 
   34     62.00000            0            0      0.00000 
   35     61.00000            0            0      0.00000 
   36     60.00000            0            0      0.00000 
   37     59.00000            0            0      0.00000 
   38     58.00000            0            0      0.00000 
   39     57.00000            0            0      0.00000 
   40     56.00000            0            0      0.00000 
   41     55.00000            0            0      0.00000 
   42     54.00000            0           14      0.00000 
   43     53.00000            0           44      0.00000 
   44     52.00000            1           87      0.02273 
   45     51.00000           34          123      0.43312 
   46     50.00000           77          160      0.64979 
   47     49.00000          113          184      0.76094 
   48     48.00000          146          201      0.84150 
   49     47.00000          177          211      0.91237 
   50     46.00000          196          215      0.95377 
   51     45.00000          213          231      0.95946 
   52     44.00000          221          253      0.93249 
   53     43.00000          238          284      0.91188 
   54     42.00000          256          335      0.86633 
   55     41.00000          286          413      0.81831 
   56     40.00000          289          467      0.76455 
   57     39.00000          271          493      0.70942 
   58     38.00000          256          516      0.66321 
   59     37.00000          216          524      0.58378 
   60     36.00000          180          519      0.51502 
   61     35.00000          140          524      0.42169 
   62     34.00000           88          503      0.29780 
   63     33.00000           32          493      0.12190 
   64     32.00000            0          466      0.00000 
   65     31.00000            0          435      0.00000 
   66     30.00000            0          395      0.00000 
   67     29.00000            0          331      0.00000 
   68     28.00000            0          265      0.00000 
   69     27.00000            0          295      0.00000 
   70     26.00000            0          330      0.00000 
   71     25.00000            0          346      0.00000 
   72     24.00000            0          341      0.00000 
   73     23.00000            0          322      0.00000 
   74     22.00000         1008          758      0.80974 
   75     21.00000         1316         1024      0.86325 
   76     20.00000         1487         1190      0.87934 
   77     19.00000         1607         1306      0.88774 
   78     18.00000         1699         1395      0.89657 
   79     17.00000         1922         1633      0.89564 
   80     16.00000         2129         1875      0.88711 
   81     15.00000         2319         2098      0.87797 
   82     14.00000         2438         2250      0.87244 
   83     13.00000         2532         2379      0.86785 
   84     12.00000         2766         2600      0.86619 
   85     11.00000         2915         2786      0.86932 
   86     10.00000         3015         2966      0.87343 
   87      9.00000         3078         3085      0.87587 
   88      8.00000         3114         3168      0.87806 
   89      7.00000         3150         3462      0.89776 
   90      6.00000         3149         3642      0.89354 
   91      5.00000         3174         3803      0.88691 
   92      4.00000         3188         3838      0.88471 
   93      3.00000         3151         3815      0.88200 
   94      2.00000         3100         3768      0.87857 
   95      1.00000         2979         3601      0.87842 
   96      0.00000         2899         3465      0.88121 
   97     -1.00000         2964         3495      0.88651 
   98     -2.00000         3122         3641      0.89221 
   99     -3.00000         3303         3811      0.89823 
  100     -4.00000         3420         3929      0.90108 
  101     -5.00000         3507         4036      0.90256 
  102     -6.00000         3532         4047      0.90408 
  103     -7.00000         3577         4054      0.90578 
  104     -8.00000         3551         3945      0.90902 
  105     -9.00000         3493         3797      0.91193 
  106    -10.00000         3427         3627      0.91409 
  107    -11.00000         3312         3375      0.91760 
  108    -12.00000         3133         3012      0.91261 
  109    -13.00000         2618         2393      0.86330 
  110    -14.00000         2559         2268      0.84815 
  111    -15.00000         2458         2125      0.83439 
  112    -16.00000         2265         1915      0.81196 
  113    -17.00000         2088         1684      0.79056 
  114    -18.00000         1886         1512      0.78164 
  115    -19.00000         1791         1465      0.76781 
  116    -20.00000         1686         1390      0.75033 
  117    -21.00000         1482         1251      0.72594 
  118    -22.00000         1266         1100      0.70076 
  119    -23.00000         1049         1129      0.57117 
  120    -24.00000          959         1302      0.47943 
  121    -25.00000          849         1430      0.39491 
  122    -26.00000          715         1494      0.31960 
  123    -27.00000          586         1534      0.25094 
  124    -28.00000          603         1611      0.30443 
  125    -29.00000          692         1647      0.38307 
  126    -30.00000          725         1717      0.41769 
  127    -31.00000          708         1704      0.44113 
  128    -32.00000          682         1675      0.44972 
  129    -33.00000          689         1601      0.48821 
  130    -34.00000          700         1584      0.52364 
  131    -35.00000          729         1574      0.57056 
  132    -36.00000          717         1514      0.60690 
  133    -37.00000          713         1463      0.64982 
  134    -38.00000          715         1388      0.67998 
  135    -39.00000          694         1319      0.68952 
  136    -40.00000          672         1239      0.70330 
  137    -41.00000          592         1090      0.70392 
  138    -42.00000          526          973      0.70180 
  139    -43.00000          509          926      0.70941 
  140    -44.00000          494          920      0.69873 
  141    -45.00000          478          922      0.68286 
  142    -46.00000          462          914      0.67151 
  143    -47.00000          448          916      0.65689 
  144    -48.00000          413          929      0.61550 
  145    -49.00000          369          909      0.57746 
  146    -50.00000          319          889      0.52815 
  147    -51.00000          259          826      0.47742 
  148    -52.00000          217          770      0.43972 
  149    -53.00000          183          704      0.41263 
  150    -54.00000          148          628      0.38144 
  151    -55.00000          120          544      0.36145 
  152    -56.00000           69          423      0.28049 
  153    -57.00000           20          277      0.13468 
  154    -58.00000            0           43      0.00000 
  155    -59.00000            0            0      0.00000 
  156    -60.00000            0            0      0.00000 
  157    -61.00000            0            0      0.00000 
  158    -62.00000            0            0      0.00000 
  159    -63.00000            0            0      0.00000 
  160    -64.00000            0            0      0.00000 
  161    -65.00000            0            0      0.00000 
  162    -66.00000            0            0      0.00000 
  163    -67.00000            0            0      0.00000 
  164    -68.00000            0            0      0.00000 
  165    -69.00000            0            0      0.00000 
  166    -70.00000            0            0      0.00000 
  167    -71.00000            0            0      0.00000 
  168    -72.00000            0            0      0.00000 
  169    -73.00000            0            0      0.00000 
  170    -74.00000            0            0      0.00000 
  171    -75.00000            0            0      0.00000 
  172    -76.00000            0            0      0.00000 
  173    -77.00000            0            0      0.00000 
  174    -78.00000            0            0      0.00000 
  175    -79.00000            0            0      0.00000 
  176    -80.00000            0            0      0.00000 
  177    -81.00000            0            0      0.00000 
  178    -82.00000            0            0      0.00000 
  179    -83.00000            0            0      0.00000 
  180    -84.00000            0            0      0.00000 
  181    -85.00000            0            0      0.00000 
  182    -86.00000            0            0      0.00000 
  183    -87.00000            0            0      0.00000 
  184    -88.00000            0            0      0.00000 
  185    -89.00000            0            0      0.00000 
  186    -90.00000            0            0      0.00000 
  187    -91.00000            0            0      0.00000 
  188    -92.00000            0            0      0.00000 
  189    -93.00000            0            0      0.00000 
  190    -94.00000            0            0      0.00000 
  191    -95.00000            0            0      0.00000 
  192    -96.00000            0            0      0.00000 
  193    -97.00000            0            0      0.00000 
  194    -98.00000            0            0      0.00000 
