# 3dSliceNDice -insetA 6m_2min_s1_m5_binary+orig -insetB 6m_2min_s2_m5_binary+orig -prefix 6m_2min_split_m5_binary
    0     96.00000            0            0      0.00000 
    1     95.00000            0            0      0.00000 
    2     94.00000            0            0      0.00000 
    3     93.00000            0            0      0.00000 
    4     92.00000            0            0      0.00000 
    5     91.00000            0            0      0.00000 
    6     90.00000            0            0      0.00000 
    7     89.00000            0            0      0.00000 
    8     88.00000            0            0      0.00000 
    9     87.00000            0            0      0.00000 
   10     86.00000            0            0      0.00000 
   11     85.00000            0            0      0.00000 
   12     84.00000            0            0      0.00000 
   13     83.00000            0            0      0.00000 
   14     82.00000            0            0      0.00000 
   15     81.00000            0            0      0.00000 
   16     80.00000            0            0      0.00000 
   17     79.00000            0            0      0.00000 
   18     78.00000            0            0      0.00000 
   19     77.00000            0            0      0.00000 
   20     76.00000            0            0      0.00000 
   21     75.00000            0            0      0.00000 
   22     74.00000            0            0      0.00000 
   23     73.00000            0            0      0.00000 
   24     72.00000            0            0      0.00000 
   25     71.00000            0            0      0.00000 
   26     70.00000            0            0      0.00000 
   27     69.00000            0            0      0.00000 
   28     68.00000            0            0      0.00000 
   29     67.00000            0            0      0.00000 
   30     66.00000            0            0      0.00000 
   31     65.00000            0            0      0.00000 
   32     64.00000            0            0      0.00000 
   33     63.00000            0            0      0.00000 
   34     62.00000            0            0      0.00000 
   35     61.00000            0            0      0.00000 
   36     60.00000            0            0      0.00000 
   37     59.00000            0            0      0.00000 
   38     58.00000            0            0      0.00000 
   39     57.00000            0            0      0.00000 
   40     56.00000            0            0      0.00000 
   41     55.00000            0            0      0.00000 
   42     54.00000            0           10      0.00000 
   43     53.00000            0           73      0.00000 
   44     52.00000            0          142      0.00000 
   45     51.00000            0          175      0.00000 
   46     50.00000            0          218      0.00000 
   47     49.00000            0          264      0.00000 
   48     48.00000            0          284      0.00000 
   49     47.00000            0          288      0.00000 
   50     46.00000            0          293      0.00000 
   51     45.00000            0          292      0.00000 
   52     44.00000            0          276      0.00000 
   53     43.00000            0          256      0.00000 
   54     42.00000            0          216      0.00000 
   55     41.00000            0          180      0.00000 
   56     40.00000            0          140      0.00000 
   57     39.00000            0           88      0.00000 
   58     38.00000            0           32      0.00000 
   59     37.00000           21           19      0.15000 
   60     36.00000           63           57      0.53333 
   61     35.00000          108           98      0.66019 
   62     34.00000          149          137      0.71329 
   63     33.00000          198          184      0.78010 
   64     32.00000          235          249      0.85950 
   65     31.00000          271          313      0.90753 
   66     30.00000          312          374      0.90671 
   67     29.00000          349          423      0.90415 
   68     28.00000          381          463      0.90284 
   69     27.00000          472          668      0.82807 
   70     26.00000          594          838      0.82123 
   71     25.00000          726          981      0.83421 
   72     24.00000          816         1077      0.83888 
   73     23.00000          889         1152      0.84272 
   74     22.00000         1193         1298      0.88880 
   75     21.00000         1447         1463      0.87148 
   76     20.00000         1637         1656      0.84907 
   77     19.00000         1777         1818      0.83171 
   78     18.00000         1891         1958      0.81995 
   79     17.00000         2354         2519      0.80361 
   80     16.00000         2719         2866      0.82543 
   81     15.00000         3019         3159      0.84267 
   82     14.00000         3235         3367      0.85277 
   83     13.00000         3413         3532      0.86134 
   84     12.00000         3612         3790      0.87922 
   85     11.00000         3769         3976      0.89658 
   86     10.00000         3937         4169      0.91019 
   87      9.00000         4042         4295      0.91904 
   88      8.00000         4138         4404      0.92508 
   89      7.00000         4340         4544      0.92008 
   90      6.00000         4457         4597      0.91407 
   91      5.00000         4542         4663      0.91581 
   92      4.00000         4495         4637      0.91240 
   93      3.00000         4440         4600      0.91305 
   94      2.00000         4347         4520      0.91282 
   95      1.00000         4174         4380      0.91256 
   96      0.00000         4059         4306      0.91644 
   97     -1.00000         4035         4263      0.90986 
   98     -2.00000         4135         4303      0.90306 
   99     -3.00000         4161         4255      0.89401 
  100     -4.00000         4143         4201      0.88543 
  101     -5.00000         4073         4089      0.87748 
  102     -6.00000         3914         3885      0.86729 
  103     -7.00000         3745         3639      0.86186 
  104     -8.00000         3558         3248      0.85483 
  105     -9.00000         3454         3067      0.84128 
  106    -10.00000         3280         2817      0.82696 
  107    -11.00000         2983         2475      0.81165 
  108    -12.00000         2509         1950      0.78403 
  109    -13.00000         1940         1270      0.77570 
  110    -14.00000         1897         1198      0.75800 
  111    -15.00000         1847         1127      0.74109 
  112    -16.00000         1737         1037      0.72963 
  113    -17.00000         1560          912      0.71845 
  114    -18.00000         1283          740      0.73159 
  115    -19.00000         1252          733      0.73854 
  116    -20.00000         1221          726      0.74576 
  117    -21.00000         1168          706      0.75347 
  118    -22.00000         1162          684      0.74106 
  119    -23.00000         1272          656      0.68050 
  120    -24.00000         1397          621      0.61546 
  121    -25.00000         1495          584      0.56181 
  122    -26.00000         1523          548      0.52921 
  123    -27.00000         1541          529      0.51111 
  124    -28.00000         1526          540      0.52275 
  125    -29.00000         1469          566      0.55627 
  126    -30.00000         1397          577      0.58460 
  127    -31.00000         1265          561      0.61446 
  128    -32.00000         1130          563      0.64619 
  129    -33.00000         1004          547      0.66409 
  130    -34.00000          936          512      0.67127 
  131    -35.00000          874          473      0.67706 
  132    -36.00000          770          421      0.68514 
  133    -37.00000          672          372      0.65709 
  134    -38.00000          555          322      0.65907 
  135    -39.00000          468          275      0.67026 
  136    -40.00000          371          220      0.70389 
  137    -41.00000          273          174      0.77852 
  138    -42.00000          182          150      0.90361 
  139    -43.00000          116          116      1.00000 
  140    -44.00000           82           82      1.00000 
  141    -45.00000           51           51      1.00000 
  142    -46.00000           19           19      1.00000 
  143    -47.00000            0            0      0.00000 
  144    -48.00000            0            0      0.00000 
  145    -49.00000            0            0      0.00000 
  146    -50.00000            0            0      0.00000 
  147    -51.00000            0            0      0.00000 
  148    -52.00000            0            0      0.00000 
  149    -53.00000            0            0      0.00000 
  150    -54.00000            0            0      0.00000 
  151    -55.00000            0            0      0.00000 
  152    -56.00000            0            0      0.00000 
  153    -57.00000            0            0      0.00000 
  154    -58.00000            0            0      0.00000 
  155    -59.00000            0            0      0.00000 
  156    -60.00000            0            0      0.00000 
  157    -61.00000            0            0      0.00000 
  158    -62.00000            0            0      0.00000 
  159    -63.00000            0            0      0.00000 
  160    -64.00000            0            0      0.00000 
  161    -65.00000            0            0      0.00000 
  162    -66.00000            0            0      0.00000 
  163    -67.00000            0            0      0.00000 
  164    -68.00000            0            0      0.00000 
  165    -69.00000            0            0      0.00000 
  166    -70.00000            0            0      0.00000 
  167    -71.00000            0            0      0.00000 
  168    -72.00000            0            0      0.00000 
  169    -73.00000            0            0      0.00000 
  170    -74.00000            0            0      0.00000 
  171    -75.00000            0            0      0.00000 
  172    -76.00000            0            0      0.00000 
  173    -77.00000            0            0      0.00000 
  174    -78.00000            0            0      0.00000 
  175    -79.00000            0            0      0.00000 
  176    -80.00000            0            0      0.00000 
  177    -81.00000            0            0      0.00000 
  178    -82.00000            0            0      0.00000 
  179    -83.00000            0            0      0.00000 
  180    -84.00000            0            0      0.00000 
  181    -85.00000            0            0      0.00000 
  182    -86.00000            0            0      0.00000 
  183    -87.00000            0            0      0.00000 
  184    -88.00000            0            0      0.00000 
  185    -89.00000            0            0      0.00000 
  186    -90.00000            0            0      0.00000 
  187    -91.00000            0            0      0.00000 
  188    -92.00000            0            0      0.00000 
  189    -93.00000            0            0      0.00000 
  190    -94.00000            0            0      0.00000 
  191    -95.00000            0            0      0.00000 
  192    -96.00000            0            0      0.00000 
  193    -97.00000            0            0      0.00000 
  194    -98.00000            0            0      0.00000 
