# 3dSliceNDice -insetA 6m_2min_s1_m1_binary+orig -insetB 6m_2min_s2_m1_binary+orig -prefix 6m_2min_split_m1_binary
    0     96.00000            0            0      0.00000 
    1     95.00000            0            0      0.00000 
    2     94.00000            0            0      0.00000 
    3     93.00000            0            0      0.00000 
    4     92.00000            0            0      0.00000 
    5     91.00000            0            0      0.00000 
    6     90.00000            0            0      0.00000 
    7     89.00000            0            0      0.00000 
    8     88.00000            0            0      0.00000 
    9     87.00000            0            0      0.00000 
   10     86.00000            0            0      0.00000 
   11     85.00000            0            0      0.00000 
   12     84.00000            0            0      0.00000 
   13     83.00000            0            0      0.00000 
   14     82.00000            0            0      0.00000 
   15     81.00000            0            0      0.00000 
   16     80.00000            0            0      0.00000 
   17     79.00000            0            0      0.00000 
   18     78.00000            0            0      0.00000 
   19     77.00000            0            0      0.00000 
   20     76.00000            0            0      0.00000 
   21     75.00000            0            0      0.00000 
   22     74.00000            0            0      0.00000 
   23     73.00000            0            0      0.00000 
   24     72.00000            0            0      0.00000 
   25     71.00000            0            0      0.00000 
   26     70.00000            0            0      0.00000 
   27     69.00000            0            0      0.00000 
   28     68.00000            0            0      0.00000 
   29     67.00000            0            0      0.00000 
   30     66.00000            0            0      0.00000 
   31     65.00000            0            0      0.00000 
   32     64.00000            0            0      0.00000 
   33     63.00000            0            0      0.00000 
   34     62.00000            0            0      0.00000 
   35     61.00000            0            0      0.00000 
   36     60.00000            0            0      0.00000 
   37     59.00000            0            0      0.00000 
   38     58.00000            0           12      0.00000 
   39     57.00000           34           81      0.53913 
   40     56.00000           90          160      0.70400 
   41     55.00000          165          273      0.74429 
   42     54.00000          243          371      0.78827 
   43     53.00000          337          482      0.82295 
   44     52.00000          439          600      0.84504 
   45     51.00000          521          692      0.85903 
   46     50.00000          594          777      0.86652 
   47     49.00000          650          828      0.87957 
   48     48.00000          713          895      0.88682 
   49     47.00000          759          940      0.89347 
   50     46.00000          784          959      0.89960 
   51     45.00000          790          956      0.90493 
   52     44.00000          764          946      0.89357 
   53     43.00000          785          999      0.88004 
   54     42.00000          777         1019      0.86526 
   55     41.00000          780         1075      0.84097 
   56     40.00000          741         1105      0.80282 
   57     39.00000          675         1128      0.74875 
   58     38.00000          598         1149      0.68460 
   59     37.00000          571         1142      0.63981 
   60     36.00000          647         1148      0.65627 
   61     35.00000          714         1155      0.67844 
   62     34.00000          750         1136      0.69459 
   63     33.00000          796         1102      0.72603 
   64     32.00000          839         1016      0.77844 
   65     31.00000          905         1068      0.78763 
   66     30.00000          980         1129      0.79374 
   67     29.00000         1011         1160      0.78305 
   68     28.00000         1024         1171      0.76993 
   69     27.00000         1066         1181      0.76458 
   70     26.00000         1179         1226      0.76424 
   71     25.00000         1320         1283      0.77833 
   72     24.00000         1426         1302      0.78519 
   73     23.00000         1534         1324      0.78796 
   74     22.00000         1703         1353      0.78272 
   75     21.00000         1858         1423      0.78330 
   76     20.00000         2000         1464      0.78060 
   77     19.00000         2094         1462      0.76884 
   78     18.00000         2181         1444      0.75366 
   79     17.00000         2268         1436      0.74082 
   80     16.00000         2313         1433      0.73465 
   81     15.00000         2378         1465      0.72912 
   82     14.00000         2373         1464      0.72452 
   83     13.00000         2333         1446      0.72294 
   84     12.00000         2523         1466      0.69140 
   85     11.00000         2769         1518      0.66807 
   86     10.00000         2919         1572      0.66221 
   87      9.00000         2980         1594      0.66025 
   88      8.00000         3016         1628      0.66624 
   89      7.00000         3057         1669      0.66949 
   90      6.00000         3042         1704      0.67636 
   91      5.00000         3011         1731      0.68747 
   92      4.00000         2879         1711      0.70370 
   93      3.00000         2740         1692      0.72157 
   94      2.00000         2626         1730      0.75987 
   95      1.00000         2556         1763      0.79231 
   96      0.00000         2511         1812      0.81888 
   97     -1.00000         2491         1835      0.82478 
   98     -2.00000         2552         1879      0.82419 
   99     -3.00000         2736         2187      0.84704 
  100     -4.00000         2840         2358      0.87611 
  101     -5.00000         2888         2491      0.88827 
  102     -6.00000         2861         2544      0.89954 
  103     -7.00000         2823         2576      0.90869 
  104     -8.00000         2854         2625      0.91258 
  105     -9.00000         2938         2640      0.90391 
  106    -10.00000         3017         2636      0.89475 
  107    -11.00000         3075         2584      0.87931 
  108    -12.00000         3143         2505      0.85623 
  109    -13.00000         3309         2549      0.83851 
  110    -14.00000         3449         2635      0.84484 
  111    -15.00000         3582         2712      0.84716 
  112    -16.00000         3629         2755      0.85056 
  113    -17.00000         3670         2798      0.85467 
  114    -18.00000         3691         2813      0.85363 
  115    -19.00000         3672         2796      0.85220 
  116    -20.00000         3661         2776      0.84915 
  117    -21.00000         3544         2691      0.84651 
  118    -22.00000         3443         2626      0.84495 
  119    -23.00000         3325         2586      0.82558 
  120    -24.00000         3229         2586      0.79794 
  121    -25.00000         3121         2561      0.77156 
  122    -26.00000         2936         2486      0.75101 
  123    -27.00000         2781         2432      0.72703 
  124    -28.00000         2661         2388      0.71579 
  125    -29.00000         2623         2378      0.71426 
  126    -30.00000         2526         2319      0.70671 
  127    -31.00000         2290         2118      0.68648 
  128    -32.00000         2002         1831      0.63971 
  129    -33.00000         1613         1385      0.56304 
  130    -34.00000         1615         1422      0.60652 
  131    -35.00000         1632         1484      0.65661 
  132    -36.00000         1593         1493      0.70447 
  133    -37.00000         1548         1520      0.73990 
  134    -38.00000         1551         1584      0.77002 
  135    -39.00000         1553         1605      0.78277 
  136    -40.00000         1575         1648      0.80174 
  137    -41.00000         1570         1641      0.82217 
  138    -42.00000         1569         1619      0.83940 
  139    -43.00000         1541         1574      0.86485 
  140    -44.00000         1502         1519      0.88448 
  141    -45.00000         1461         1466      0.89990 
  142    -46.00000         1389         1385      0.91781 
  143    -47.00000         1324         1292      0.91667 
  144    -48.00000         1226         1156      0.91016 
  145    -49.00000         1149         1054      0.90241 
  146    -50.00000         1023          892      0.88460 
  147    -51.00000          856          686      0.84436 
  148    -52.00000          728          453      0.72481 
  149    -53.00000          566          222      0.50000 
  150    -54.00000          404          124      0.37500 
  151    -55.00000          254           41      0.21695 
  152    -56.00000          137            0      0.00000 
  153    -57.00000           95            0      0.00000 
  154    -58.00000            3            0      0.00000 
  155    -59.00000            0            0      0.00000 
  156    -60.00000            0            0      0.00000 
  157    -61.00000            0            0      0.00000 
  158    -62.00000            0            0      0.00000 
  159    -63.00000            0            0      0.00000 
  160    -64.00000            0            0      0.00000 
  161    -65.00000            0            0      0.00000 
  162    -66.00000            0            0      0.00000 
  163    -67.00000            0            0      0.00000 
  164    -68.00000            0            0      0.00000 
  165    -69.00000            0            0      0.00000 
  166    -70.00000            0            0      0.00000 
  167    -71.00000            0            0      0.00000 
  168    -72.00000            0            0      0.00000 
  169    -73.00000            0            0      0.00000 
  170    -74.00000            0            0      0.00000 
  171    -75.00000            0            0      0.00000 
  172    -76.00000            0            0      0.00000 
  173    -77.00000            0            0      0.00000 
  174    -78.00000            0            0      0.00000 
  175    -79.00000            0            0      0.00000 
  176    -80.00000            0            0      0.00000 
  177    -81.00000            0            0      0.00000 
  178    -82.00000            0            0      0.00000 
  179    -83.00000            0            0      0.00000 
  180    -84.00000            0            0      0.00000 
  181    -85.00000            0            0      0.00000 
  182    -86.00000            0            0      0.00000 
  183    -87.00000            0            0      0.00000 
  184    -88.00000            0            0      0.00000 
  185    -89.00000            0            0      0.00000 
  186    -90.00000            0            0      0.00000 
  187    -91.00000            0            0      0.00000 
  188    -92.00000            0            0      0.00000 
  189    -93.00000            0            0      0.00000 
  190    -94.00000            0            0      0.00000 
  191    -95.00000            0            0      0.00000 
  192    -96.00000            0            0      0.00000 
  193    -97.00000            0            0      0.00000 
  194    -98.00000            0            0      0.00000 
