# 3dSliceNDice -insetA 6m_2min_s1_m3_binary+orig -insetB 6m_2min_s2_m3_binary+orig -prefix 6m_2min_split_m3_binary
    0    134.00000            0            0      0.00000 
    1    133.00000            0            0      0.00000 
    2    132.00000            0            0      0.00000 
    3    131.00000            0            0      0.00000 
    4    130.00000            0            0      0.00000 
    5    129.00000            0            0      0.00000 
    6    128.00000            0            0      0.00000 
    7    127.00000            0            0      0.00000 
    8    126.00000            0            0      0.00000 
    9    125.00000            0            0      0.00000 
   10    124.00000            0            0      0.00000 
   11    123.00000            0            0      0.00000 
   12    122.00000            0            0      0.00000 
   13    121.00000            0            0      0.00000 
   14    120.00000            0            0      0.00000 
   15    119.00000            0            0      0.00000 
   16    118.00000            0            0      0.00000 
   17    117.00000            0            0      0.00000 
   18    116.00000            0            0      0.00000 
   19    115.00000            0            0      0.00000 
   20    114.00000            0            0      0.00000 
   21    113.00000            0            0      0.00000 
   22    112.00000            0            0      0.00000 
   23    111.00000            0            0      0.00000 
   24    110.00000            0            0      0.00000 
   25    109.00000            0            0      0.00000 
   26    108.00000            0            0      0.00000 
   27    107.00000            0            0      0.00000 
   28    106.00000            0            0      0.00000 
   29    105.00000            0            0      0.00000 
   30    104.00000            0            0      0.00000 
   31    103.00000            0            0      0.00000 
   32    102.00000            0            0      0.00000 
   33    101.00000            0            0      0.00000 
   34    100.00000            0            0      0.00000 
   35     99.00000            0            0      0.00000 
   36     98.00000            0            0      0.00000 
   37     97.00000            0            0      0.00000 
   38     96.00000            0            0      0.00000 
   39     95.00000            0            0      0.00000 
   40     94.00000            0            0      0.00000 
   41     93.00000            0            0      0.00000 
   42     92.00000            0            0      0.00000 
   43     91.00000            0            0      0.00000 
   44     90.00000            0            0      0.00000 
   45     89.00000            0            0      0.00000 
   46     88.00000            0            0      0.00000 
   47     87.00000            0            0      0.00000 
   48     86.00000            0            0      0.00000 
   49     85.00000            0            0      0.00000 
   50     84.00000            0            0      0.00000 
   51     83.00000            0           33      0.00000 
   52     82.00000            0           73      0.00000 
   53     81.00000            9          111      0.15000 
   54     80.00000           41          151      0.39583 
   55     79.00000           87          215      0.52980 
   56     78.00000          152          315      0.59957 
   57     77.00000          249          437      0.66764 
   58     76.00000          421          592      0.75025 
   59     75.00000          636          808      0.80055 
   60     74.00000          847          991      0.84222 
   61     73.00000         1029         1155      0.87546 
   62     72.00000         1270         1354      0.90473 
   63     71.00000         1515         1552      0.91294 
   64     70.00000         1868         1893      0.92954 
   65     69.00000         2105         2132      0.92660 
   66     68.00000         2289         2343      0.92314 
   67     67.00000         2435         2557      0.91506 
   68     66.00000         2561         2759      0.90677 
   69     65.00000         2716         2969      0.90237 
   70     64.00000         2815         3072      0.89519 
   71     63.00000         2900         3149      0.89304 
   72     62.00000         2923         3134      0.88790 
   73     61.00000         2930         3101      0.88244 
   74     60.00000         2941         3070      0.87440 
   75     59.00000         2889         2975      0.86971 
   76     58.00000         2864         2889      0.85833 
   77     57.00000         2813         2800      0.85195 
   78     56.00000         2781         2773      0.86028 
   79     55.00000         2760         2760      0.86703 
   80     54.00000         2682         2701      0.87312 
   81     53.00000         2637         2662      0.88054 
   82     52.00000         2631         2656      0.88254 
   83     51.00000         2656         2712      0.87630 
   84     50.00000         2689         2765      0.87202 
   85     49.00000         2665         2757      0.87163 
   86     48.00000         2684         2790      0.86810 
   87     47.00000         2682         2848      0.89439 
   88     46.00000         2717         2891      0.90942 
   89     45.00000         2733         2919      0.91331 
   90     44.00000         2667         2866      0.91198 
   91     43.00000         2629         2893      0.90511 
   92     42.00000         2635         2864      0.90271 
   93     41.00000         2651         2839      0.90273 
   94     40.00000         2684         2819      0.91041 
   95     39.00000         2643         2776      0.91493 
   96     38.00000         2528         2652      0.91120 
   97     37.00000         2387         2384      0.92433 
   98     36.00000         2427         2415      0.92400 
   99     35.00000         2497         2463      0.92258 
  100     34.00000         2554         2491      0.92408 
  101     33.00000         2611         2514      0.92332 
  102     32.00000         2657         2517      0.92346 
  103     31.00000         2668         2504      0.92305 
  104     30.00000         2678         2508      0.92210 
  105     29.00000         2670         2487      0.92185 
  106     28.00000         2678         2467      0.91895 
  107     27.00000         2675         2432      0.91169 
  108     26.00000         2682         2397      0.90096 
  109     25.00000         2676         2363      0.88827 
  110     24.00000         2615         2307      0.88013 
  111     23.00000         2553         2283      0.88255 
  112     22.00000         2464         2234      0.88633 
  113     21.00000         2420         2199      0.88980 
  114     20.00000         2375         2165      0.89427 
  115     19.00000         2298         2123      0.89889 
  116     18.00000         2262         2108      0.90435 
  117     17.00000         2387         2139      0.88246 
  118     16.00000         2505         2208      0.86781 
  119     15.00000         2577         2230      0.86083 
  120     14.00000         2602         2203      0.85120 
  121     13.00000         2616         2185      0.84816 
  122     12.00000         2593         2160      0.84915 
  123     11.00000         2546         2140      0.86470 
  124     10.00000         2492         2127      0.87725 
  125      9.00000         2335         2045      0.88995 
  126      8.00000         2237         1982      0.89358 
  127      7.00000         2041         1854      0.90372 
  128      6.00000         1916         1793      0.91022 
  129      5.00000         1802         1746      0.91601 
  130      4.00000         1656         1655      0.90365 
  131      3.00000         1501         1562      0.89455 
  132      2.00000         1347         1479      0.90163 
  133      1.00000         1285         1402      0.88798 
  134      0.00000         1218         1324      0.87018 
  135     -1.00000         1147         1223      0.84135 
  136     -2.00000         1082         1109      0.80968 
  137     -3.00000         1007          994      0.80160 
  138     -4.00000          935          937      0.79701 
  139     -5.00000          855          866      0.78559 
  140     -6.00000          728          761      0.76964 
  141     -7.00000          582          649      0.75873 
  142     -8.00000          449          575      0.84180 
  143     -9.00000          433          542      0.87795 
  144    -10.00000          412          509      0.89468 
  145    -11.00000          388          463      0.91187 
  146    -12.00000          372          426      0.93233 
  147    -13.00000          389          386      0.92387 
  148    -14.00000          411          350      0.86728 
  149    -15.00000          439          317      0.83862 
  150    -16.00000          449          293      0.78976 
  151    -17.00000          447          285      0.77869 
  152    -18.00000          460          267      0.73453 
  153    -19.00000          435          248      0.72621 
  154    -20.00000          437          231      0.69162 
  155    -21.00000          419          209      0.66561 
  156    -22.00000          422          195      0.63209 
  157    -23.00000          424          158      0.54296 
  158    -24.00000          453          130      0.44597 
  159    -25.00000          454           87      0.32163 
  160    -26.00000          427           45      0.19068 
  161    -27.00000          391            4      0.02025 
  162    -28.00000          361            0      0.00000 
  163    -29.00000          340            0      0.00000 
  164    -30.00000          320            0      0.00000 
  165    -31.00000          278            0      0.00000 
  166    -32.00000          221            0      0.00000 
  167    -33.00000          173            0      0.00000 
  168    -34.00000          157            0      0.00000 
  169    -35.00000          137            0      0.00000 
  170    -36.00000          108            0      0.00000 
  171    -37.00000           88            0      0.00000 
  172    -38.00000           61            0      0.00000 
  173    -39.00000           44            0      0.00000 
  174    -40.00000           26            0      0.00000 
  175    -41.00000            5            0      0.00000 
  176    -42.00000            0            0      0.00000 
  177    -43.00000           32            0      0.00000 
  178    -44.00000           88            0      0.00000 
  179    -45.00000          140            0      0.00000 
  180    -46.00000          180            0      0.00000 
  181    -47.00000          216            0      0.00000 
  182    -48.00000          256            0      0.00000 
  183    -49.00000          276            0      0.00000 
  184    -50.00000          300            0      0.00000 
  185    -51.00000          308            0      0.00000 
  186    -52.00000          316            0      0.00000 
  187    -53.00000          316            0      0.00000 
  188    -54.00000          305            0      0.00000 
  189    -55.00000          285            0      0.00000 
  190    -56.00000          240            0      0.00000 
  191    -57.00000          180            0      0.00000 
  192    -58.00000          100            0      0.00000 
  193    -59.00000           24            0      0.00000 
  194    -60.00000            0            0      0.00000 
  195    -61.00000            0            0      0.00000 
  196    -62.00000            0            0      0.00000 
  197    -63.00000            0            0      0.00000 
  198    -64.00000            0            0      0.00000 
  199    -65.00000            0            0      0.00000 
  200    -66.00000            0            0      0.00000 
  201    -67.00000            0            0      0.00000 
  202    -68.00000            0            0      0.00000 
  203    -69.00000            0            0      0.00000 
  204    -70.00000            0            0      0.00000 
  205    -71.00000            0            0      0.00000 
  206    -72.00000            0            0      0.00000 
  207    -73.00000            0            0      0.00000 
  208    -74.00000            0            0      0.00000 
  209    -75.00000            0            0      0.00000 
  210    -76.00000            0            0      0.00000 
  211    -77.00000            0            0      0.00000 
  212    -78.00000            0            0      0.00000 
  213    -79.00000            0            0      0.00000 
  214    -80.00000            0            0      0.00000 
  215    -81.00000            0            0      0.00000 
  216    -82.00000            0            0      0.00000 
  217    -83.00000            0            0      0.00000 
  218    -84.00000            0            0      0.00000 
  219    -85.00000            0            0      0.00000 
  220    -86.00000            0            0      0.00000 
  221    -87.00000            0            0      0.00000 
  222    -88.00000            0            0      0.00000 
  223    -89.00000            0            0      0.00000 
  224    -90.00000            0            0      0.00000 
  225    -91.00000            0            0      0.00000 
  226    -92.00000            0            0      0.00000 
  227    -93.00000            0            0      0.00000 
  228    -94.00000            0            0      0.00000 
  229    -95.00000            0            0      0.00000 
  230    -96.00000            0            0      0.00000 
  231    -97.00000            0            0      0.00000 
  232    -98.00000            0            0      0.00000 
