# 3dSliceNDice -insetA 6m_3min_s1_m4_binary+orig -insetB 6m_3min_s2_m4_binary+orig -prefix 6m_3min_split_m4_binary
    0    134.00000            0            0      0.00000 
    1    133.00000            0            0      0.00000 
    2    132.00000            0            0      0.00000 
    3    131.00000            0            0      0.00000 
    4    130.00000            0            0      0.00000 
    5    129.00000            0            0      0.00000 
    6    128.00000            0            0      0.00000 
    7    127.00000            0            0      0.00000 
    8    126.00000            0            0      0.00000 
    9    125.00000            0            0      0.00000 
   10    124.00000            0            0      0.00000 
   11    123.00000            0            0      0.00000 
   12    122.00000            0            0      0.00000 
   13    121.00000            0            0      0.00000 
   14    120.00000            0            0      0.00000 
   15    119.00000            0            0      0.00000 
   16    118.00000            0            0      0.00000 
   17    117.00000            0            0      0.00000 
   18    116.00000            0            0      0.00000 
   19    115.00000            0            0      0.00000 
   20    114.00000            0            0      0.00000 
   21    113.00000            0            0      0.00000 
   22    112.00000            0            0      0.00000 
   23    111.00000            0            0      0.00000 
   24    110.00000            0            0      0.00000 
   25    109.00000            0            0      0.00000 
   26    108.00000            0            0      0.00000 
   27    107.00000            0            0      0.00000 
   28    106.00000            0            0      0.00000 
   29    105.00000            0            0      0.00000 
   30    104.00000            0            0      0.00000 
   31    103.00000            0            0      0.00000 
   32    102.00000            0            0      0.00000 
   33    101.00000            0            0      0.00000 
   34    100.00000            0            0      0.00000 
   35     99.00000            0            0      0.00000 
   36     98.00000            0            0      0.00000 
   37     97.00000            0            0      0.00000 
   38     96.00000            0            0      0.00000 
   39     95.00000            0            0      0.00000 
   40     94.00000            0            0      0.00000 
   41     93.00000            0            0      0.00000 
   42     92.00000            0            0      0.00000 
   43     91.00000            0            0      0.00000 
   44     90.00000            0            0      0.00000 
   45     89.00000            0            0      0.00000 
   46     88.00000            0            0      0.00000 
   47     87.00000            0            0      0.00000 
   48     86.00000            0            0      0.00000 
   49     85.00000            0            0      0.00000 
   50     84.00000            6            6      1.00000 
   51     83.00000          114          122      0.96610 
   52     82.00000          218          244      0.94372 
   53     81.00000          301          352      0.92190 
   54     80.00000          406          476      0.92063 
   55     79.00000          496          596      0.90842 
   56     78.00000          593          713      0.90812 
   57     77.00000          672          811      0.90627 
   58     76.00000          759          909      0.91007 
   59     75.00000          815          976      0.91011 
   60     74.00000          877         1020      0.92462 
   61     73.00000          929         1052      0.93791 
   62     72.00000          980         1082      0.95053 
   63     71.00000         1040         1147      0.95107 
   64     70.00000         1192         1280      0.96440 
   65     69.00000         1277         1369      0.96447 
   66     68.00000         1337         1443      0.95827 
   67     67.00000         1377         1540      0.93246 
   68     66.00000         1424         1662      0.90992 
   69     65.00000         1435         1765      0.88125 
   70     64.00000         1414         1812      0.86113 
   71     63.00000         1400         1853      0.84599 
   72     62.00000         1363         1860      0.83276 
   73     61.00000         1324         1861      0.82135 
   74     60.00000         1274         1864      0.80497 
   75     59.00000         1182         1801      0.78713 
   76     58.00000         1056         1760      0.75000 
   77     57.00000          954         1691      0.72136 
   78     56.00000          948         1700      0.71601 
   79     55.00000          932         1686      0.71199 
   80     54.00000          893         1637      0.70593 
   81     53.00000          854         1581      0.70144 
   82     52.00000          878         1541      0.70938 
   83     51.00000          924         1566      0.71004 
   84     50.00000          980         1579      0.72685 
   85     49.00000         1012         1544      0.74257 
   86     48.00000         1027         1504      0.75227 
   87     47.00000         1103         1497      0.77462 
   88     46.00000         1252         1617      0.79610 
   89     45.00000         1400         1710      0.81865 
   90     44.00000         1497         1760      0.82960 
   91     43.00000         1579         1788      0.83932 
   92     42.00000         1714         1799      0.82778 
   93     41.00000         1846         1863      0.81801 
   94     40.00000         1981         1925      0.82386 
   95     39.00000         2092         1943      0.83717 
   96     38.00000         2187         1915      0.86007 
   97     37.00000         2448         2062      0.86341 
   98     36.00000         2666         2256      0.83746 
   99     35.00000         2852         2420      0.81904 
  100     34.00000         2974         2524      0.80466 
  101     33.00000         3081         2615      0.79494 
  102     32.00000         3193         2780      0.81199 
  103     31.00000         3273         2897      0.83436 
  104     30.00000         3386         3029      0.84988 
  105     29.00000         3454         3099      0.85823 
  106     28.00000         3511         3167      0.86523 
  107     27.00000         3558         3224      0.87437 
  108     26.00000         3553         3229      0.87998 
  109     25.00000         3542         3237      0.88686 
  110     24.00000         3428         3141      0.89146 
  111     23.00000         3318         3075      0.89567 
  112     22.00000         3180         2957      0.89881 
  113     21.00000         3088         2847      0.90076 
  114     20.00000         2969         2698      0.90206 
  115     19.00000         2780         2484      0.89818 
  116     18.00000         2572         2280      0.89242 
  117     17.00000         2328         2094      0.88241 
  118     16.00000         2234         2019      0.88549 
  119     15.00000         2114         1915      0.89402 
  120     14.00000         1985         1793      0.89889 
  121     13.00000         1782         1609      0.91477 
  122     12.00000         1518         1450      0.95957 
  123     11.00000         1503         1439      0.96057 
  124     10.00000         1469         1419      0.96468 
  125      9.00000         1452         1398      0.96772 
  126      8.00000         1440         1395      0.97496 
  127      7.00000         1422         1363      0.97379 
  128      6.00000         1411         1336      0.96979 
  129      5.00000         1410         1328      0.96348 
  130      4.00000         1389         1307      0.95178 
  131      3.00000         1383         1311      0.94803 
  132      2.00000         1356         1315      0.94796 
  133      1.00000         1322         1302      0.94970 
  134      0.00000         1288         1293      0.95234 
  135     -1.00000         1224         1261      0.95533 
  136     -2.00000         1146         1244      0.94477 
  137     -3.00000         1116         1205      0.93063 
  138     -4.00000         1104         1162      0.91615 
  139     -5.00000         1068         1125      0.91746 
  140     -6.00000         1018         1077      0.90979 
  141     -7.00000          981         1035      0.90873 
  142     -8.00000          933         1001      0.89349 
  143     -9.00000          886          969      0.88733 
  144    -10.00000          827          944      0.88086 
  145    -11.00000          756          909      0.86847 
  146    -12.00000          731          889      0.87160 
  147    -13.00000          713          844      0.89788 
  148    -14.00000          700          806      0.92032 
  149    -15.00000          673          748      0.94581 
  150    -16.00000          638          676      0.96195 
  151    -17.00000          611          604      0.95802 
  152    -18.00000          573          557      0.93451 
  153    -19.00000          522          524      0.93690 
  154    -20.00000          478          504      0.93686 
  155    -21.00000          406          458      0.92593 
  156    -22.00000          344          426      0.89351 
  157    -23.00000          276          379      0.84275 
  158    -24.00000          235          325      0.83929 
  159    -25.00000          189          270      0.82353 
  160    -26.00000          125          195      0.78125 
  161    -27.00000           68          107      0.77714 
  162    -28.00000            0            0      0.00000 
  163    -29.00000            0            0      0.00000 
  164    -30.00000            0            0      0.00000 
  165    -31.00000            0            0      0.00000 
  166    -32.00000            0            0      0.00000 
  167    -33.00000            0            0      0.00000 
  168    -34.00000            0            0      0.00000 
  169    -35.00000            0            0      0.00000 
  170    -36.00000            0            0      0.00000 
  171    -37.00000            0            0      0.00000 
  172    -38.00000            0           64      0.00000 
  173    -39.00000            0          157      0.00000 
  174    -40.00000            0          229      0.00000 
  175    -41.00000            0          283      0.00000 
  176    -42.00000            0          331      0.00000 
  177    -43.00000            0          379      0.00000 
  178    -44.00000            0          407      0.00000 
  179    -45.00000            0          435      0.00000 
  180    -46.00000            0          443      0.00000 
  181    -47.00000            0          455      0.00000 
  182    -48.00000            0          455      0.00000 
  183    -49.00000            0          442      0.00000 
  184    -50.00000            0          416      0.00000 
  185    -51.00000            0          370      0.00000 
  186    -52.00000            0          317      0.00000 
  187    -53.00000            0          237      0.00000 
  188    -54.00000            0          160      0.00000 
  189    -55.00000            0          103      0.00000 
  190    -56.00000            0           37      0.00000 
  191    -57.00000            0            1      0.00000 
  192    -58.00000            0            0      0.00000 
  193    -59.00000            0            0      0.00000 
  194    -60.00000            0            0      0.00000 
  195    -61.00000            0            0      0.00000 
  196    -62.00000            0            0      0.00000 
  197    -63.00000            0            0      0.00000 
  198    -64.00000            0            0      0.00000 
  199    -65.00000            0            0      0.00000 
  200    -66.00000            0            0      0.00000 
  201    -67.00000            0            0      0.00000 
  202    -68.00000            0            0      0.00000 
  203    -69.00000            0            0      0.00000 
  204    -70.00000            0            0      0.00000 
  205    -71.00000            0            0      0.00000 
  206    -72.00000            0            0      0.00000 
  207    -73.00000            0            0      0.00000 
  208    -74.00000            0            0      0.00000 
  209    -75.00000            0            0      0.00000 
  210    -76.00000            0            0      0.00000 
  211    -77.00000            0            0      0.00000 
  212    -78.00000            0            0      0.00000 
  213    -79.00000            0            0      0.00000 
  214    -80.00000            0            0      0.00000 
  215    -81.00000            0            0      0.00000 
  216    -82.00000            0            0      0.00000 
  217    -83.00000            0            0      0.00000 
  218    -84.00000            0            0      0.00000 
  219    -85.00000            0            0      0.00000 
  220    -86.00000            0            0      0.00000 
  221    -87.00000            0            0      0.00000 
  222    -88.00000            0            0      0.00000 
  223    -89.00000            0            0      0.00000 
  224    -90.00000            0            0      0.00000 
  225    -91.00000            0            0      0.00000 
  226    -92.00000            0            0      0.00000 
  227    -93.00000            0            0      0.00000 
  228    -94.00000            0            0      0.00000 
  229    -95.00000            0            0      0.00000 
  230    -96.00000            0            0      0.00000 
  231    -97.00000            0            0      0.00000 
  232    -98.00000            0            0      0.00000 
