# 3dSliceNDice -insetA 6m_3min_s1_m1_binary+orig -insetB 6m_3min_s2_m1_binary+orig -prefix 6m_3min_split_m1_binary
    0    -72.00000            0            0      0.00000 
    1    -71.00000            0            0      0.00000 
    2    -70.00000            0            0      0.00000 
    3    -69.00000            0            0      0.00000 
    4    -68.00000            0            0      0.00000 
    5    -67.00000            0            0      0.00000 
    6    -66.00000            0            0      0.00000 
    7    -65.00000            0            0      0.00000 
    8    -64.00000            0            0      0.00000 
    9    -63.00000            0            0      0.00000 
   10    -62.00000            0            0      0.00000 
   11    -61.00000            0            0      0.00000 
   12    -60.00000            0            0      0.00000 
   13    -59.00000            0            0      0.00000 
   14    -58.00000            0            0      0.00000 
   15    -57.00000            0            0      0.00000 
   16    -56.00000            0            0      0.00000 
   17    -55.00000            0            0      0.00000 
   18    -54.00000            0            0      0.00000 
   19    -53.00000            0            0      0.00000 
   20    -52.00000            0            0      0.00000 
   21    -51.00000            1            1      1.00000 
   22    -50.00000          273          273      1.00000 
   23    -49.00000          612          608      0.99672 
   24    -48.00000         1079         1066      0.99394 
   25    -47.00000         1334         1314      0.99018 
   26    -46.00000         1602         1568      0.98675 
   27    -45.00000         1803         1750      0.98283 
   28    -44.00000         1922         1835      0.97631 
   29    -43.00000         2047         1938      0.97164 
   30    -42.00000         2143         1988      0.96248 
   31    -41.00000         2244         2046      0.95385 
   32    -40.00000         2310         2082      0.94809 
   33    -39.00000         2359         2109      0.94405 
   34    -38.00000         2412         2136      0.93843 
   35    -37.00000         2377         2087      0.93504 
   36    -36.00000         2369         2076      0.93408 
   37    -35.00000         2327         2039      0.93404 
   38    -34.00000         2258         1978      0.93390 
   39    -33.00000         2194         1952      0.93825 
   40    -32.00000         2244         2147      0.90868 
   41    -31.00000         2422         2303      0.89397 
   42    -30.00000         2523         2379      0.88862 
   43    -29.00000         2606         2411      0.88061 
   44    -28.00000         2688         2459      0.88168 
   45    -27.00000         2761         2462      0.87651 
   46    -26.00000         2808         2488      0.88255 
   47    -25.00000         2847         2525      0.88682 
   48    -24.00000         2812         2492      0.88876 
   49    -23.00000         2707         2420      0.87459 
   50    -22.00000         2583         2387      0.82575 
   51    -21.00000         2677         2468      0.82604 
   52    -20.00000         2730         2503      0.83012 
   53    -19.00000         2687         2502      0.82405 
   54    -18.00000         2539         2502      0.81254 
   55    -17.00000         2319         2461      0.79079 
   56    -16.00000         2342         2457      0.77349 
   57    -15.00000         2353         2512      0.75601 
   58    -14.00000         2266         2544      0.72765 
   59    -13.00000         2155         2467      0.71960 
   60    -12.00000         2157         2509      0.73725 
   61    -11.00000         2324         2658      0.73786 
   62    -10.00000         2485         2761      0.73770 
   63     -9.00000         2569         2792      0.72860 
   64     -8.00000         2605         2810      0.71948 
   65     -7.00000         2678         3124      0.71010 
   66     -6.00000         2795         3397      0.70026 
   67     -5.00000         2921         3546      0.69862 
   68     -4.00000         2980         3580      0.69482 
   69     -3.00000         3040         3591      0.68768 
   70     -2.00000         3079         3656      0.68092 
   71     -1.00000         3088         3736      0.67878 
   72      0.00000         3078         3813      0.67537 
   73      1.00000         2963         3798      0.67032 
   74      2.00000         2843         3813      0.67157 
   75      3.00000         2858         3776      0.68194 
   76      4.00000         2926         3781      0.68555 
   77      5.00000         2920         3792      0.69219 
   78      6.00000         2768         3682      0.68651 
   79      7.00000         2500         3521      0.68062 
   80      8.00000         2409         3352      0.70092 
   81      9.00000         2493         3320      0.71426 
   82     10.00000         2545         3263      0.71660 
   83     11.00000         2509         3101      0.71444 
   84     12.00000         2450         2900      0.70766 
   85     13.00000         2351         2640      0.71248 
   86     14.00000         2370         2601      0.72782 
   87     15.00000         2396         2559      0.73986 
   88     16.00000         2323         2406      0.75576 
   89     17.00000         2305         2287      0.77352 
   90     18.00000         2482         2341      0.79867 
   91     19.00000         2651         2410      0.80814 
   92     20.00000         2711         2408      0.81774 
   93     21.00000         2683         2308      0.82388 
   94     22.00000         2624         2145      0.82449 
   95     23.00000         2566         2012      0.81651 
   96     24.00000         2484         2009      0.81861 
   97     25.00000         2384         2013      0.82192 
   98     26.00000         2184         1955      0.82677 
   99     27.00000         1924         1907      0.82746 
  100     28.00000         1675         1831      0.82944 
  101     29.00000         1574         1719      0.83996 
  102     30.00000         1501         1631      0.86398 
  103     31.00000         1404         1484      0.89474 
  104     32.00000         1360         1378      0.92257 
  105     33.00000         1321         1297      0.94423 
  106     34.00000         1293         1256      0.95253 
  107     35.00000         1264         1209      0.96886 
  108     36.00000         1228         1167      0.97453 
  109     37.00000         1191         1124      0.97106 
  110     38.00000         1187         1113      0.96783 
  111     39.00000         1163         1068      0.95742 
  112     40.00000         1132         1019      0.94747 
  113     41.00000         1066          949      0.94194 
  114     42.00000         1009          873      0.92774 
  115     43.00000          907          788      0.92979 
  116     44.00000          805          713      0.93939 
  117     45.00000          723          654      0.94989 
  118     46.00000          639          579      0.95074 
  119     47.00000          558          524      0.96858 
  120     48.00000          496          442      0.94243 
  121     49.00000          414          350      0.91623 
  122     50.00000          319          249      0.87676 
  123     51.00000          224          151      0.80533 
  124     52.00000          164           88      0.69841 
  125     53.00000          110           47      0.59873 
  126     54.00000           57           18      0.48000 
  127     55.00000           23            2      0.16000 
  128     56.00000            0            0      0.00000 
  129     57.00000            0            0      0.00000 
  130     58.00000            0            0      0.00000 
  131     59.00000            0            0      0.00000 
  132     60.00000            0            0      0.00000 
  133     61.00000            0            0      0.00000 
  134     62.00000            0            0      0.00000 
  135     63.00000            0            0      0.00000 
  136     64.00000            0            0      0.00000 
  137     65.00000            0            0      0.00000 
  138     66.00000            0            0      0.00000 
  139     67.00000            0            0      0.00000 
  140     68.00000            0            0      0.00000 
  141     69.00000            0            0      0.00000 
  142     70.00000            0            0      0.00000 
  143     71.00000            0            0      0.00000 
  144     72.00000            0            0      0.00000 
  145     73.00000            0            0      0.00000 
  146     74.00000            0            0      0.00000 
  147     75.00000            0            0      0.00000 
  148     76.00000            0            0      0.00000 
  149     77.00000            0            0      0.00000 
  150     78.00000            0            0      0.00000 
  151     79.00000            0            0      0.00000 
  152     80.00000            0            0      0.00000 
  153     81.00000            0            0      0.00000 
  154     82.00000            0            0      0.00000 
  155     83.00000            0            0      0.00000 
  156     84.00000            0            0      0.00000 
  157     85.00000            0            0      0.00000 
  158     86.00000            0            0      0.00000 
