# 3dSliceNDice -insetA 6m_3min_s1_m2_binary+orig -insetB 6m_3min_s2_m2_binary+orig -prefix 6m_3min_split_m2_binary
    0    134.00000            0            0      0.00000 
    1    133.00000            0            0      0.00000 
    2    132.00000            0            0      0.00000 
    3    131.00000            0            0      0.00000 
    4    130.00000            0            0      0.00000 
    5    129.00000            0            0      0.00000 
    6    128.00000            0            0      0.00000 
    7    127.00000            0            0      0.00000 
    8    126.00000            0            0      0.00000 
    9    125.00000            0            0      0.00000 
   10    124.00000            0            0      0.00000 
   11    123.00000            0            0      0.00000 
   12    122.00000            0            0      0.00000 
   13    121.00000            0            0      0.00000 
   14    120.00000            0            0      0.00000 
   15    119.00000            0            0      0.00000 
   16    118.00000            0            0      0.00000 
   17    117.00000            0            0      0.00000 
   18    116.00000            0            0      0.00000 
   19    115.00000            0            0      0.00000 
   20    114.00000            0            0      0.00000 
   21    113.00000            0            0      0.00000 
   22    112.00000            0            0      0.00000 
   23    111.00000            0            0      0.00000 
   24    110.00000            0            0      0.00000 
   25    109.00000            0            0      0.00000 
   26    108.00000            0            0      0.00000 
   27    107.00000            0            0      0.00000 
   28    106.00000            0            0      0.00000 
   29    105.00000            0            0      0.00000 
   30    104.00000            0            0      0.00000 
   31    103.00000            0            0      0.00000 
   32    102.00000            0            0      0.00000 
   33    101.00000            0            0      0.00000 
   34    100.00000            0            0      0.00000 
   35     99.00000            0            0      0.00000 
   36     98.00000            0            0      0.00000 
   37     97.00000            0            0      0.00000 
   38     96.00000            0            0      0.00000 
   39     95.00000            0            0      0.00000 
   40     94.00000            0            0      0.00000 
   41     93.00000            0            0      0.00000 
   42     92.00000            0            0      0.00000 
   43     91.00000            0            0      0.00000 
   44     90.00000            0            0      0.00000 
   45     89.00000            0            0      0.00000 
   46     88.00000            0            0      0.00000 
   47     87.00000            0            0      0.00000 
   48     86.00000            0            0      0.00000 
   49     85.00000            0            0      0.00000 
   50     84.00000            0            0      0.00000 
   51     83.00000            0            0      0.00000 
   52     82.00000            0            0      0.00000 
   53     81.00000            0            0      0.00000 
   54     80.00000            0            0      0.00000 
   55     79.00000            0            0      0.00000 
   56     78.00000            0            0      0.00000 
   57     77.00000            0            0      0.00000 
   58     76.00000            0            0      0.00000 
   59     75.00000            0            0      0.00000 
   60     74.00000            0            0      0.00000 
   61     73.00000            0            0      0.00000 
   62     72.00000            0            0      0.00000 
   63     71.00000            0            0      0.00000 
   64     70.00000            0            0      0.00000 
   65     69.00000            0            0      0.00000 
   66     68.00000            0            0      0.00000 
   67     67.00000            0            0      0.00000 
   68     66.00000            0            6      0.00000 
   69     65.00000            0           36      0.00000 
   70     64.00000            0           64      0.00000 
   71     63.00000            0           88      0.00000 
   72     62.00000           39          124      0.47853 
   73     61.00000           97          169      0.72932 
   74     60.00000          150          219      0.81301 
   75     59.00000          192          257      0.85523 
   76     58.00000          224          290      0.87160 
   77     57.00000          538          470      0.90079 
   78     56.00000          786          664      0.89931 
   79     55.00000          962          800      0.89217 
   80     54.00000         1106          915      0.89065 
   81     53.00000         1232         1011      0.88810 
   82     52.00000         1380         1181      0.90746 
   83     51.00000         1550         1350      0.91862 
   84     50.00000         1722         1506      0.92255 
   85     49.00000         1877         1635      0.92369 
   86     48.00000         2018         1750      0.92410 
   87     47.00000         2236         2016      0.91533 
   88     46.00000         2435         2306      0.89728 
   89     45.00000         2605         2546      0.89303 
   90     44.00000         2731         2720      0.89231 
   91     43.00000         2830         2862      0.89318 
   92     42.00000         2901         2988      0.89455 
   93     41.00000         2944         3074      0.89864 
   94     40.00000         3018         3222      0.90641 
   95     39.00000         3041         3299      0.90915 
   96     38.00000         3081         3383      0.90811 
   97     37.00000         3096         3443      0.90840 
   98     36.00000         3092         3472      0.90768 
   99     35.00000         3112         3515      0.90267 
  100     34.00000         3091         3488      0.89862 
  101     33.00000         3111         3502      0.89369 
  102     32.00000         3101         3451      0.88980 
  103     31.00000         3063         3382      0.88813 
  104     30.00000         3022         3300      0.88390 
  105     29.00000         2930         3167      0.88010 
  106     28.00000         2816         3027      0.87524 
  107     27.00000         2661         2863      0.87111 
  108     26.00000         2506         2750      0.86606 
  109     25.00000         2344         2619      0.86802 
  110     24.00000         2121         2398      0.87364 
  111     23.00000         1897         2133      0.89032 
  112     22.00000         1736         1961      0.90127 
  113     21.00000         1631         1892      0.89299 
  114     20.00000         1517         1823      0.87784 
  115     19.00000         1413         1749      0.85895 
  116     18.00000         1346         1701      0.84017 
  117     17.00000         1333         1744      0.81638 
  118     16.00000         1334         1798      0.79119 
  119     15.00000         1330         1852      0.77247 
  120     14.00000         1333         1870      0.76116 
  121     13.00000         1321         1865      0.74513 
  122     12.00000         1293         1842      0.73684 
  123     11.00000         1251         1806      0.73667 
  124     10.00000         1204         1778      0.73843 
  125      9.00000         1096         1681      0.72884 
  126      8.00000         1018         1612      0.71331 
  127      7.00000          831         1422      0.67199 
  128      6.00000          741         1342      0.65098 
  129      5.00000          653         1259      0.62552 
  130      4.00000          527         1135      0.57882 
  131      3.00000          379         1033      0.49858 
  132      2.00000          242          904      0.42234 
  133      1.00000          198          781      0.40449 
  134      0.00000          153          651      0.38060 
  135     -1.00000           92          484      0.31944 
  136     -2.00000           30          268      0.20134 
  137     -3.00000            0          105      0.00000 
  138     -4.00000            0           82      0.00000 
  139     -5.00000            0           57      0.00000 
  140     -6.00000            0           24      0.00000 
  141     -7.00000            0            0      0.00000 
  142     -8.00000            0            0      0.00000 
  143     -9.00000            0            0      0.00000 
  144    -10.00000            0            0      0.00000 
  145    -11.00000            0            0      0.00000 
  146    -12.00000            0            0      0.00000 
  147    -13.00000            0            0      0.00000 
  148    -14.00000            0            0      0.00000 
  149    -15.00000            0            0      0.00000 
  150    -16.00000            0            0      0.00000 
  151    -17.00000            0            0      0.00000 
  152    -18.00000            0            0      0.00000 
  153    -19.00000            0            0      0.00000 
  154    -20.00000            0            0      0.00000 
  155    -21.00000            0            0      0.00000 
  156    -22.00000            0            0      0.00000 
  157    -23.00000            0            0      0.00000 
  158    -24.00000            0            0      0.00000 
  159    -25.00000            0            0      0.00000 
  160    -26.00000            0            0      0.00000 
  161    -27.00000            0            0      0.00000 
  162    -28.00000            0            0      0.00000 
  163    -29.00000            0            0      0.00000 
  164    -30.00000            0            0      0.00000 
  165    -31.00000            0            0      0.00000 
  166    -32.00000            0            0      0.00000 
  167    -33.00000            0            0      0.00000 
  168    -34.00000            0            0      0.00000 
  169    -35.00000            0            0      0.00000 
  170    -36.00000            0            0      0.00000 
  171    -37.00000            0            0      0.00000 
  172    -38.00000            0            0      0.00000 
  173    -39.00000            0            0      0.00000 
  174    -40.00000            0            0      0.00000 
  175    -41.00000            0            0      0.00000 
  176    -42.00000            0            0      0.00000 
  177    -43.00000            0            0      0.00000 
  178    -44.00000            0            0      0.00000 
  179    -45.00000            0            0      0.00000 
  180    -46.00000            0            0      0.00000 
  181    -47.00000            0            0      0.00000 
  182    -48.00000            0            0      0.00000 
  183    -49.00000            0            0      0.00000 
  184    -50.00000            0            0      0.00000 
  185    -51.00000            0            0      0.00000 
  186    -52.00000            0            0      0.00000 
  187    -53.00000            0            0      0.00000 
  188    -54.00000            0            0      0.00000 
  189    -55.00000            0            0      0.00000 
  190    -56.00000            0            0      0.00000 
  191    -57.00000            0            0      0.00000 
  192    -58.00000            0            0      0.00000 
  193    -59.00000            0            0      0.00000 
  194    -60.00000            0            0      0.00000 
  195    -61.00000            0            0      0.00000 
  196    -62.00000            0            0      0.00000 
  197    -63.00000            0            0      0.00000 
  198    -64.00000            0            0      0.00000 
  199    -65.00000            0            0      0.00000 
  200    -66.00000            0            0      0.00000 
  201    -67.00000            0            0      0.00000 
  202    -68.00000            0            0      0.00000 
  203    -69.00000            0            0      0.00000 
  204    -70.00000            0            0      0.00000 
  205    -71.00000            0            0      0.00000 
  206    -72.00000            0            0      0.00000 
  207    -73.00000            0            0      0.00000 
  208    -74.00000            0            0      0.00000 
  209    -75.00000            0            0      0.00000 
  210    -76.00000            0            0      0.00000 
  211    -77.00000            0            0      0.00000 
  212    -78.00000            0            0      0.00000 
  213    -79.00000            0            0      0.00000 
  214    -80.00000            0            0      0.00000 
  215    -81.00000            0            0      0.00000 
  216    -82.00000            0            0      0.00000 
  217    -83.00000            0            0      0.00000 
  218    -84.00000            0            0      0.00000 
  219    -85.00000            0            0      0.00000 
  220    -86.00000            0            0      0.00000 
  221    -87.00000            0            0      0.00000 
  222    -88.00000            0            0      0.00000 
  223    -89.00000            0            0      0.00000 
  224    -90.00000            0            0      0.00000 
  225    -91.00000            0            0      0.00000 
  226    -92.00000            0            0      0.00000 
  227    -93.00000            0            0      0.00000 
  228    -94.00000            0            0      0.00000 
  229    -95.00000            0            0      0.00000 
  230    -96.00000            0            0      0.00000 
  231    -97.00000            0            0      0.00000 
  232    -98.00000            0            0      0.00000 
