# 3dSliceNDice -insetA 6m_3min_s1_m5_binary+orig -insetB 6m_3min_s2_m5_binary+orig -prefix 6m_3min_split_m5_binary
    0     96.00000            0            0      0.00000 
    1     95.00000            0            0      0.00000 
    2     94.00000            0            0      0.00000 
    3     93.00000            0            0      0.00000 
    4     92.00000            0            0      0.00000 
    5     91.00000            0            0      0.00000 
    6     90.00000            0            0      0.00000 
    7     89.00000            0            0      0.00000 
    8     88.00000            0            0      0.00000 
    9     87.00000            0            0      0.00000 
   10     86.00000            0            0      0.00000 
   11     85.00000            0            0      0.00000 
   12     84.00000            0            0      0.00000 
   13     83.00000            0            0      0.00000 
   14     82.00000            0            0      0.00000 
   15     81.00000            0            0      0.00000 
   16     80.00000            0            0      0.00000 
   17     79.00000            0            0      0.00000 
   18     78.00000            0            0      0.00000 
   19     77.00000            0            0      0.00000 
   20     76.00000            0            0      0.00000 
   21     75.00000            0            0      0.00000 
   22     74.00000            0            0      0.00000 
   23     73.00000            0            0      0.00000 
   24     72.00000            0            0      0.00000 
   25     71.00000            0            0      0.00000 
   26     70.00000            0            0      0.00000 
   27     69.00000            0            0      0.00000 
   28     68.00000            0            0      0.00000 
   29     67.00000            0            0      0.00000 
   30     66.00000            0            0      0.00000 
   31     65.00000            0            0      0.00000 
   32     64.00000            0            0      0.00000 
   33     63.00000            0            0      0.00000 
   34     62.00000            0            0      0.00000 
   35     61.00000            0            0      0.00000 
   36     60.00000            0            0      0.00000 
   37     59.00000            0            0      0.00000 
   38     58.00000            0            0      0.00000 
   39     57.00000            0            0      0.00000 
   40     56.00000            0            0      0.00000 
   41     55.00000            0            0      0.00000 
   42     54.00000            2            0      0.00000 
   43     53.00000           34            0      0.00000 
   44     52.00000           74            0      0.00000 
   45     51.00000          106            0      0.00000 
   46     50.00000          182            0      0.00000 
   47     49.00000          281            0      0.00000 
   48     48.00000          321            0      0.00000 
   49     47.00000          360            0      0.00000 
   50     46.00000          385            0      0.00000 
   51     45.00000          398            0      0.00000 
   52     44.00000          388            0      0.00000 
   53     43.00000          382            0      0.00000 
   54     42.00000          362            0      0.00000 
   55     41.00000          340            0      0.00000 
   56     40.00000          318            0      0.00000 
   57     39.00000          282            0      0.00000 
   58     38.00000          256            0      0.00000 
   59     37.00000          261           10      0.07380 
   60     36.00000          287           54      0.31672 
   61     35.00000          304          109      0.52785 
   62     34.00000          302          154      0.67544 
   63     33.00000          295          203      0.81526 
   64     32.00000          369          249      0.80259 
   65     31.00000          480          311      0.75601 
   66     30.00000          592          374      0.73085 
   67     29.00000          674          428      0.71869 
   68     28.00000          738          471      0.70637 
   69     27.00000          805          737      0.76654 
   70     26.00000          853          983      0.81373 
   71     25.00000          944         1167      0.82804 
   72     24.00000         1006         1292      0.83551 
   73     23.00000         1063         1395      0.83971 
   74     22.00000         1235         1544      0.87442 
   75     21.00000         1403         1679      0.88254 
   76     20.00000         1563         1816      0.88429 
   77     19.00000         1701         1909      0.88753 
   78     18.00000         1819         1991      0.88871 
   79     17.00000         2550         2414      0.85898 
   80     16.00000         2980         2692      0.85719 
   81     15.00000         3306         2913      0.86123 
   82     14.00000         3535         3082      0.86293 
   83     13.00000         3717         3229      0.86553 
   84     12.00000         4005         3660      0.89733 
   85     11.00000         4167         3917      0.91118 
   86     10.00000         4324         4123      0.91891 
   87      9.00000         4402         4251      0.92315 
   88      8.00000         4473         4365      0.92668 
   89      7.00000         4591         4604      0.93399 
   90      6.00000         4644         4744      0.93673 
   91      5.00000         4694         4842      0.94316 
   92      4.00000         4671         4803      0.94680 
   93      3.00000         4632         4744      0.94966 
   94      2.00000         4541         4621      0.95416 
   95      1.00000         4353         4439      0.95746 
   96      0.00000         4207         4298      0.95873 
   97     -1.00000         4183         4249      0.95731 
   98     -2.00000         4258         4339      0.95266 
   99     -3.00000         4270         4356      0.94714 
  100     -4.00000         4230         4330      0.94369 
  101     -5.00000         4133         4235      0.93929 
  102     -6.00000         3914         4014      0.92432 
  103     -7.00000         3635         3705      0.90300 
  104     -8.00000         3229         3269      0.87196 
  105     -9.00000         3044         3096      0.86384 
  106    -10.00000         2804         2854      0.85613 
  107    -11.00000         2473         2533      0.84618 
  108    -12.00000         2068         2088      0.84649 
  109    -13.00000         1660         1602      0.91784 
  110    -14.00000         1683         1594      0.91608 
  111    -15.00000         1651         1547      0.91432 
  112    -16.00000         1548         1439      0.90793 
  113    -17.00000         1368         1251      0.89958 
  114    -18.00000         1010          967      0.94689 
  115    -19.00000         1007          964      0.94267 
  116    -20.00000         1001          973      0.93313 
  117    -21.00000          957          967      0.91164 
  118    -22.00000          945          988      0.89291 
  119    -23.00000          954         1062      0.86508 
  120    -24.00000          975         1131      0.84995 
  121    -25.00000          997         1192      0.83783 
  122    -26.00000          987         1203      0.83014 
  123    -27.00000          988         1203      0.83432 
  124    -28.00000          960         1173      0.83451 
  125    -29.00000          910         1117      0.83473 
  126    -30.00000          845         1053      0.83035 
  127    -31.00000          729          931      0.82169 
  128    -32.00000          630          841      0.81849 
  129    -33.00000          566          732      0.82280 
  130    -34.00000          571          650      0.79115 
  131    -35.00000          574          563      0.76341 
  132    -36.00000          551          477      0.72179 
  133    -37.00000          517          390      0.66373 
  134    -38.00000          486          322      0.56931 
  135    -39.00000          449          275      0.47790 
  136    -40.00000          413          220      0.35703 
  137    -41.00000          373          174      0.23766 
  138    -42.00000          340          150      0.09796 
  139    -43.00000          316          116      0.00000 
  140    -44.00000          308           82      0.00000 
  141    -45.00000          300           51      0.00000 
  142    -46.00000          276           19      0.00000 
  143    -47.00000          256            0      0.00000 
  144    -48.00000          216            0      0.00000 
  145    -49.00000          180            0      0.00000 
  146    -50.00000          140            0      0.00000 
  147    -51.00000           88            0      0.00000 
  148    -52.00000           32            0      0.00000 
  149    -53.00000            0            0      0.00000 
  150    -54.00000            0            0      0.00000 
  151    -55.00000            0            0      0.00000 
  152    -56.00000            0            0      0.00000 
  153    -57.00000            0            0      0.00000 
  154    -58.00000            0            0      0.00000 
  155    -59.00000            0            0      0.00000 
  156    -60.00000            0            0      0.00000 
  157    -61.00000            0            0      0.00000 
  158    -62.00000            0            0      0.00000 
  159    -63.00000            0            0      0.00000 
  160    -64.00000            0            0      0.00000 
  161    -65.00000            0            0      0.00000 
  162    -66.00000            0            0      0.00000 
  163    -67.00000            0            0      0.00000 
  164    -68.00000            0            0      0.00000 
  165    -69.00000            0            0      0.00000 
  166    -70.00000            0            0      0.00000 
  167    -71.00000            0            0      0.00000 
  168    -72.00000            0            0      0.00000 
  169    -73.00000            0            0      0.00000 
  170    -74.00000            0            0      0.00000 
  171    -75.00000            0            0      0.00000 
  172    -76.00000            0            0      0.00000 
  173    -77.00000            0            0      0.00000 
  174    -78.00000            0            0      0.00000 
  175    -79.00000            0            0      0.00000 
  176    -80.00000            0            0      0.00000 
  177    -81.00000            0            0      0.00000 
  178    -82.00000            0            0      0.00000 
  179    -83.00000            0            0      0.00000 
  180    -84.00000            0            0      0.00000 
  181    -85.00000            0            0      0.00000 
  182    -86.00000            0            0      0.00000 
  183    -87.00000            0            0      0.00000 
  184    -88.00000            0            0      0.00000 
  185    -89.00000            0            0      0.00000 
  186    -90.00000            0            0      0.00000 
  187    -91.00000            0            0      0.00000 
  188    -92.00000            0            0      0.00000 
  189    -93.00000            0            0      0.00000 
  190    -94.00000            0            0      0.00000 
  191    -95.00000            0            0      0.00000 
  192    -96.00000            0            0      0.00000 
  193    -97.00000            0            0      0.00000 
  194    -98.00000            0            0      0.00000 
