# 3dSliceNDice -insetA 6m_3min_s1_m4_binary+orig -insetB 6m_3min_s2_m4_binary+orig -prefix 6m_3min_split_m4_binary
    0    -72.00000            0            0      0.00000 
    1    -71.00000            0            0      0.00000 
    2    -70.00000            0            0      0.00000 
    3    -69.00000            0            0      0.00000 
    4    -68.00000            0            0      0.00000 
    5    -67.00000            0            0      0.00000 
    6    -66.00000            0            0      0.00000 
    7    -65.00000            0            0      0.00000 
    8    -64.00000            0            0      0.00000 
    9    -63.00000            0            0      0.00000 
   10    -62.00000            0            0      0.00000 
   11    -61.00000            0            0      0.00000 
   12    -60.00000            0            0      0.00000 
   13    -59.00000            0            0      0.00000 
   14    -58.00000            0            0      0.00000 
   15    -57.00000            0            0      0.00000 
   16    -56.00000            0            0      0.00000 
   17    -55.00000            0            0      0.00000 
   18    -54.00000            0            0      0.00000 
   19    -53.00000            0            0      0.00000 
   20    -52.00000            0            0      0.00000 
   21    -51.00000            0            0      0.00000 
   22    -50.00000            0            0      0.00000 
   23    -49.00000            0            0      0.00000 
   24    -48.00000            0            0      0.00000 
   25    -47.00000           27            0      0.00000 
   26    -46.00000           75            0      0.00000 
   27    -45.00000          118            0      0.00000 
   28    -44.00000          157            0      0.00000 
   29    -43.00000          200            0      0.00000 
   30    -42.00000          242            0      0.00000 
   31    -41.00000          268            0      0.00000 
   32    -40.00000          291            0      0.00000 
   33    -39.00000          303            0      0.00000 
   34    -38.00000          313            0      0.00000 
   35    -37.00000          323           12      0.04776 
   36    -36.00000          374           66      0.24091 
   37    -35.00000          421          110      0.33522 
   38    -34.00000          448          161      0.44335 
   39    -33.00000          479          209      0.52035 
   40    -32.00000          738          585      0.77098 
   41    -31.00000          884          830      0.82147 
   42    -30.00000          998         1004      0.85714 
   43    -29.00000         1101         1168      0.89290 
   44    -28.00000         1190         1311      0.92603 
   45    -27.00000         1317         1464      0.94355 
   46    -26.00000         1447         1588      0.93904 
   47    -25.00000         1608         1755      0.93785 
   48    -24.00000         1728         1886      0.93691 
   49    -23.00000         1843         2018      0.93654 
   50    -22.00000         2038         2220      0.93800 
   51    -21.00000         2226         2414      0.94353 
   52    -20.00000         2441         2626      0.94652 
   53    -19.00000         2577         2773      0.94654 
   54    -18.00000         2683         2875      0.94998 
   55    -17.00000         2726         2923      0.94990 
   56    -16.00000         2726         2923      0.94919 
   57    -15.00000         2688         2897      0.94682 
   58    -14.00000         2559         2800      0.93898 
   59    -13.00000         2452         2703      0.92338 
   60    -12.00000         2232         2526      0.90879 
   61    -11.00000         2100         2404      0.90142 
   62    -10.00000         1919         2240      0.89204 
   63     -9.00000         1670         2000      0.87847 
   64     -8.00000         1358         1659      0.85781 
   65     -7.00000          996         1316      0.86159 
   66     -6.00000          947         1306      0.84066 
   67     -5.00000          888         1271      0.82260 
   68     -4.00000          800         1204      0.79840 
   69     -3.00000          707         1142      0.75608 
   70     -2.00000          631         1116      0.70635 
   71     -1.00000          597         1126      0.68253 
   72      0.00000          556         1140      0.65212 
   73      1.00000          497         1113      0.61739 
   74      2.00000          462         1100      0.59155 
   75      3.00000          408         1068      0.55285 
   76      4.00000          376         1063      0.52259 
   77      5.00000          331         1045      0.48110 
   78      6.00000          269          971      0.43387 
   79      7.00000          164          855      0.32188 
   80      8.00000          384          949      0.27007 
   81      9.00000          664         1121      0.43137 
   82     10.00000          864         1221      0.50360 
   83     11.00000         1012         1246      0.55359 
   84     12.00000         1132         1255      0.59573 
   85     13.00000         1288         1343      0.66363 
   86     14.00000         1434         1515      0.73110 
   87     15.00000         1597         1661      0.76918 
   88     16.00000         1702         1757      0.79792 
   89     17.00000         1789         1825      0.81959 
   90     18.00000         1909         1925      0.84611 
   91     19.00000         2002         1986      0.86610 
   92     20.00000         2111         2094      0.88609 
   93     21.00000         2170         2135      0.89338 
   94     22.00000         2219         2170      0.89907 
   95     23.00000         2255         2269      0.89567 
   96     24.00000         2253         2373      0.87981 
   97     25.00000         2288         2464      0.86827 
   98     26.00000         2289         2491      0.85105 
   99     27.00000         2285         2500      0.83929 
  100     28.00000         2303         2524      0.83654 
  101     29.00000         2348         2559      0.83473 
  102     30.00000         2424         2632      0.84019 
  103     31.00000         2474         2664      0.85053 
  104     32.00000         2531         2711      0.85960 
  105     33.00000         2592         2777      0.87130 
  106     34.00000         2607         2814      0.87548 
  107     35.00000         2698         2872      0.87648 
  108     36.00000         2730         2891      0.87991 
  109     37.00000         2731         2899      0.88952 
  110     38.00000         2743         2919      0.89474 
  111     39.00000         2751         2902      0.89616 
  112     40.00000         2780         2916      0.89607 
  113     41.00000         2781         2899      0.90035 
  114     42.00000         2788         2903      0.90740 
  115     43.00000         2774         2846      0.91032 
  116     44.00000         2704         2731      0.91113 
  117     45.00000         2658         2646      0.91026 
  118     46.00000         2566         2513      0.90884 
  119     47.00000         2463         2386      0.90864 
  120     48.00000         2318         2188      0.91345 
  121     49.00000         2166         2007      0.91685 
  122     50.00000         2053         1872      0.91924 
  123     51.00000         1940         1769      0.91669 
  124     52.00000         1807         1620      0.92676 
  125     53.00000         1607         1424      0.93435 
  126     54.00000         1323         1201      0.95166 
  127     55.00000         1040          961      0.96052 
  128     56.00000          650          602      0.96166 
  129     57.00000          307          294      0.97837 
  130     58.00000           66           66      1.00000 
  131     59.00000            0            0      0.00000 
  132     60.00000            0            0      0.00000 
  133     61.00000            0            0      0.00000 
  134     62.00000            0            0      0.00000 
  135     63.00000            0            0      0.00000 
  136     64.00000            0            0      0.00000 
  137     65.00000            0            0      0.00000 
  138     66.00000            0            0      0.00000 
  139     67.00000            0            0      0.00000 
  140     68.00000            0            0      0.00000 
  141     69.00000            0            0      0.00000 
  142     70.00000            0            0      0.00000 
  143     71.00000            0            0      0.00000 
  144     72.00000            0            0      0.00000 
  145     73.00000            0            0      0.00000 
  146     74.00000            0            0      0.00000 
  147     75.00000            0            0      0.00000 
  148     76.00000            0            0      0.00000 
  149     77.00000            0            0      0.00000 
  150     78.00000            0            0      0.00000 
  151     79.00000            0            0      0.00000 
  152     80.00000            0            0      0.00000 
  153     81.00000            0            0      0.00000 
  154     82.00000            0            0      0.00000 
  155     83.00000            0            0      0.00000 
  156     84.00000            0            0      0.00000 
  157     85.00000            0            0      0.00000 
  158     86.00000            0            0      0.00000 
