# 3dSliceNDice -insetA 6m_3min_s1_m2_binary+orig -insetB 6m_3min_s2_m2_binary+orig -prefix 6m_3min_split_m2_binary
    0     96.00000            0            0      0.00000 
    1     95.00000            0            0      0.00000 
    2     94.00000            0            0      0.00000 
    3     93.00000            0            0      0.00000 
    4     92.00000            0            0      0.00000 
    5     91.00000            0            0      0.00000 
    6     90.00000            0            0      0.00000 
    7     89.00000            0            0      0.00000 
    8     88.00000            0            0      0.00000 
    9     87.00000            0            0      0.00000 
   10     86.00000            0            0      0.00000 
   11     85.00000            0            0      0.00000 
   12     84.00000            0            0      0.00000 
   13     83.00000            0            0      0.00000 
   14     82.00000            0            0      0.00000 
   15     81.00000            0            0      0.00000 
   16     80.00000            0            0      0.00000 
   17     79.00000            0            0      0.00000 
   18     78.00000            0            0      0.00000 
   19     77.00000            0            0      0.00000 
   20     76.00000            0            0      0.00000 
   21     75.00000            0            0      0.00000 
   22     74.00000            0            0      0.00000 
   23     73.00000            0            0      0.00000 
   24     72.00000            0            0      0.00000 
   25     71.00000            0            0      0.00000 
   26     70.00000            0            0      0.00000 
   27     69.00000            0            0      0.00000 
   28     68.00000            0            0      0.00000 
   29     67.00000            0            0      0.00000 
   30     66.00000            0            0      0.00000 
   31     65.00000            0            0      0.00000 
   32     64.00000            0            0      0.00000 
   33     63.00000            0            0      0.00000 
   34     62.00000            0            0      0.00000 
   35     61.00000            0            0      0.00000 
   36     60.00000            0            0      0.00000 
   37     59.00000            0            0      0.00000 
   38     58.00000           39           93      0.59091 
   39     57.00000          130          326      0.57018 
   40     56.00000          218          473      0.63097 
   41     55.00000          304          653      0.63532 
   42     54.00000          391          810      0.64946 
   43     53.00000          473          913      0.66522 
   44     52.00000          551          990      0.68008 
   45     51.00000          603         1029      0.69240 
   46     50.00000          643         1054      0.69181 
   47     49.00000          663         1041      0.69014 
   48     48.00000          700         1036      0.68088 
   49     47.00000          716         1004      0.66860 
   50     46.00000          714          968      0.65279 
   51     45.00000          695          941      0.64792 
   52     44.00000          649          890      0.65107 
   53     43.00000          615          856      0.64854 
   54     42.00000          560          792      0.65237 
   55     41.00000          511          732      0.65004 
   56     40.00000          495          700      0.66611 
   57     39.00000          476          642      0.68336 
   58     38.00000          478          588      0.71857 
   59     37.00000          478          571      0.76263 
   60     36.00000          493          590      0.78486 
   61     35.00000          515          601      0.81362 
   62     34.00000          516          580      0.85036 
   63     33.00000          507          531      0.92293 
   64     32.00000          517          532      0.94566 
   65     31.00000          597          608      0.94108 
   66     30.00000          682          689      0.93800 
   67     29.00000          750          745      0.92441 
   68     28.00000          809          794      0.91578 
   69     27.00000          868          843      0.91759 
   70     26.00000          921          901      0.93304 
   71     25.00000         1001          977      0.94034 
   72     24.00000         1043         1028      0.94544 
   73     23.00000         1080         1064      0.95429 
   74     22.00000         1167         1152      0.97283 
   75     21.00000         1262         1255      0.96544 
   76     20.00000         1346         1339      0.95866 
   77     19.00000         1412         1411      0.95218 
   78     18.00000         1473         1480      0.94887 
   79     17.00000         1519         1538      0.94472 
   80     16.00000         1533         1558      0.94662 
   81     15.00000         1566         1600      0.95009 
   82     14.00000         1588         1628      0.95709 
   83     13.00000         1592         1636      0.96159 
   84     12.00000         1575         1624      0.96780 
   85     11.00000         1539         1600      0.97228 
   86     10.00000         1524         1586      0.96913 
   87      9.00000         1537         1593      0.96869 
   88      8.00000         1571         1622      0.96774 
   89      7.00000         1622         1663      0.96438 
   90      6.00000         1645         1679      0.96390 
   91      5.00000         1666         1689      0.96036 
   92      4.00000         1656         1653      0.96102 
   93      3.00000         1648         1625      0.95875 
   94      2.00000         1630         1582      0.96077 
   95      1.00000         1622         1549      0.96689 
   96      0.00000         1638         1547      0.97017 
   97     -1.00000         1642         1536      0.96665 
   98     -2.00000         1655         1551      0.96756 
   99     -3.00000         1658         1544      0.96440 
  100     -4.00000         1657         1532      0.96080 
  101     -5.00000         1649         1511      0.95633 
  102     -6.00000         1618         1474      0.95343 
  103     -7.00000         1585         1439      0.95172 
  104     -8.00000         1569         1433      0.95470 
  105     -9.00000         1560         1438      0.95864 
  106    -10.00000         1534         1426      0.96081 
  107    -11.00000         1530         1447      0.95936 
  108    -12.00000         1534         1479      0.94789 
  109    -13.00000         1507         1482      0.94413 
  110    -14.00000         1481         1476      0.94488 
  111    -15.00000         1458         1482      0.94422 
  112    -16.00000         1427         1473      0.94345 
  113    -17.00000         1410         1467      0.94404 
  114    -18.00000         1380         1431      0.93988 
  115    -19.00000         1352         1393      0.93260 
  116    -20.00000         1320         1347      0.92538 
  117    -21.00000         1268         1302      0.92218 
  118    -22.00000         1224         1281      0.92136 
  119    -23.00000         1173         1245      0.92804 
  120    -24.00000         1126         1200      0.93379 
  121    -25.00000         1056         1135      0.94477 
  122    -26.00000          966         1026      0.94980 
  123    -27.00000          890          884      0.94476 
  124    -28.00000          820          824      0.92457 
  125    -29.00000          753          873      0.85732 
  126    -30.00000          670          897      0.78749 
  127    -31.00000          571          882      0.71851 
  128    -32.00000          495          888      0.64787 
  129    -33.00000          422         1003      0.54316 
  130    -34.00000          371         1088      0.47156 
  131    -35.00000          313         1167      0.40405 
  132    -36.00000          238         1187      0.32702 
  133    -37.00000          143         1204      0.21232 
  134    -38.00000          126         1226      0.18639 
  135    -39.00000          206         1202      0.28693 
  136    -40.00000          287         1209      0.36765 
  137    -41.00000          360         1166      0.44299 
  138    -42.00000          431         1155      0.50063 
  139    -43.00000          508         1125      0.56093 
  140    -44.00000          547         1075      0.59803 
  141    -45.00000          594         1016      0.64099 
  142    -46.00000          608          915      0.67236 
  143    -47.00000          620          847      0.69121 
  144    -48.00000          621          739      0.70000 
  145    -49.00000          593          626      0.67596 
  146    -50.00000          565          497      0.64218 
  147    -51.00000          513          335      0.57311 
  148    -52.00000          456          158      0.40391 
  149    -53.00000          362           33      0.14684 
  150    -54.00000          260           17      0.10108 
  151    -55.00000          143            0      0.00000 
  152    -56.00000           86            0      0.00000 
  153    -57.00000           17            0      0.00000 
  154    -58.00000            0            0      0.00000 
  155    -59.00000            0            0      0.00000 
  156    -60.00000            0            0      0.00000 
  157    -61.00000            0            0      0.00000 
  158    -62.00000            0            0      0.00000 
  159    -63.00000            0            0      0.00000 
  160    -64.00000            0            0      0.00000 
  161    -65.00000            0            0      0.00000 
  162    -66.00000            0            0      0.00000 
  163    -67.00000            0            0      0.00000 
  164    -68.00000            0            0      0.00000 
  165    -69.00000            0            0      0.00000 
  166    -70.00000            0            0      0.00000 
  167    -71.00000            0            0      0.00000 
  168    -72.00000            0            0      0.00000 
  169    -73.00000            0            0      0.00000 
  170    -74.00000            0            0      0.00000 
  171    -75.00000            0            0      0.00000 
  172    -76.00000            0            0      0.00000 
  173    -77.00000            0            0      0.00000 
  174    -78.00000            0            0      0.00000 
  175    -79.00000            0            0      0.00000 
  176    -80.00000            0            0      0.00000 
  177    -81.00000            0            0      0.00000 
  178    -82.00000            0            0      0.00000 
  179    -83.00000            0            0      0.00000 
  180    -84.00000            0            0      0.00000 
  181    -85.00000            0            0      0.00000 
  182    -86.00000            0            0      0.00000 
  183    -87.00000            0            0      0.00000 
  184    -88.00000            0            0      0.00000 
  185    -89.00000            0            0      0.00000 
  186    -90.00000            0            0      0.00000 
  187    -91.00000            0            0      0.00000 
  188    -92.00000            0            0      0.00000 
  189    -93.00000            0            0      0.00000 
  190    -94.00000            0            0      0.00000 
  191    -95.00000            0            0      0.00000 
  192    -96.00000            0            0      0.00000 
  193    -97.00000            0            0      0.00000 
  194    -98.00000            0            0      0.00000 
