# 3dSliceNDice -insetA 6m_3min_s1_m5_binary+orig -insetB 6m_3min_s2_m5_binary+orig -prefix 6m_3min_split_m5_binary
    0    134.00000            0            0      0.00000 
    1    133.00000            0            0      0.00000 
    2    132.00000            0            0      0.00000 
    3    131.00000            0            0      0.00000 
    4    130.00000            0            0      0.00000 
    5    129.00000            0            0      0.00000 
    6    128.00000            0            0      0.00000 
    7    127.00000            0            0      0.00000 
    8    126.00000            0            0      0.00000 
    9    125.00000            0            0      0.00000 
   10    124.00000            0            0      0.00000 
   11    123.00000            0            0      0.00000 
   12    122.00000            0            0      0.00000 
   13    121.00000            0            0      0.00000 
   14    120.00000            0            0      0.00000 
   15    119.00000            0            0      0.00000 
   16    118.00000            0            0      0.00000 
   17    117.00000            0            0      0.00000 
   18    116.00000            0            0      0.00000 
   19    115.00000            0            0      0.00000 
   20    114.00000            0            0      0.00000 
   21    113.00000            0            0      0.00000 
   22    112.00000            0            0      0.00000 
   23    111.00000            0            0      0.00000 
   24    110.00000            0            0      0.00000 
   25    109.00000            0            0      0.00000 
   26    108.00000            0            0      0.00000 
   27    107.00000            0            0      0.00000 
   28    106.00000            0            0      0.00000 
   29    105.00000            0            0      0.00000 
   30    104.00000            0            0      0.00000 
   31    103.00000            0            0      0.00000 
   32    102.00000            0            0      0.00000 
   33    101.00000            0            0      0.00000 
   34    100.00000            0            0      0.00000 
   35     99.00000            0            0      0.00000 
   36     98.00000            0            0      0.00000 
   37     97.00000            0            0      0.00000 
   38     96.00000            0            0      0.00000 
   39     95.00000            0            0      0.00000 
   40     94.00000            0            0      0.00000 
   41     93.00000            0            0      0.00000 
   42     92.00000            0            0      0.00000 
   43     91.00000            0            0      0.00000 
   44     90.00000            0            0      0.00000 
   45     89.00000            0            0      0.00000 
   46     88.00000            0            0      0.00000 
   47     87.00000            0            0      0.00000 
   48     86.00000            0            0      0.00000 
   49     85.00000            0            0      0.00000 
   50     84.00000            0            0      0.00000 
   51     83.00000            0            0      0.00000 
   52     82.00000            0            0      0.00000 
   53     81.00000            0            0      0.00000 
   54     80.00000            0            0      0.00000 
   55     79.00000            0            0      0.00000 
   56     78.00000            0            0      0.00000 
   57     77.00000            0            0      0.00000 
   58     76.00000           31           13      0.59091 
   59     75.00000          104           46      0.61333 
   60     74.00000          173           78      0.62151 
   61     73.00000          239          124      0.68320 
   62     72.00000          346          191      0.71136 
   63     71.00000          445          255      0.72000 
   64     70.00000          535          335      0.75632 
   65     69.00000          594          387      0.76860 
   66     68.00000          647          431      0.77365 
   67     67.00000          688          502      0.81513 
   68     66.00000          729          586      0.85627 
   69     65.00000          798          670      0.87466 
   70     64.00000          863          737      0.88250 
   71     63.00000          921          794      0.88863 
   72     62.00000          975          882      0.87561 
   73     61.00000          996          962      0.85291 
   74     60.00000         1023         1042      0.83874 
   75     59.00000         1045         1106      0.82566 
   76     58.00000         1073         1163      0.81664 
   77     57.00000         1211         1304      0.83738 
   78     56.00000         1347         1459      0.85103 
   79     55.00000         1464         1604      0.85854 
   80     54.00000         1567         1740      0.86604 
   81     53.00000         1657         1855      0.87415 
   82     52.00000         1853         1965      0.90414 
   83     51.00000         2012         2050      0.92418 
   84     50.00000         2129         2136      0.93974 
   85     49.00000         2197         2209      0.94916 
   86     48.00000         2276         2290      0.95313 
   87     47.00000         2350         2360      0.95584 
   88     46.00000         2384         2417      0.95522 
   89     45.00000         2427         2495      0.95246 
   90     44.00000         2422         2541      0.94499 
   91     43.00000         2398         2578      0.93971 
   92     42.00000         2329         2564      0.92786 
   93     41.00000         2272         2523      0.91887 
   94     40.00000         2234         2501      0.91447 
   95     39.00000         2152         2405      0.91595 
   96     38.00000         2093         2304      0.92518 
   97     37.00000         2076         2197      0.93798 
   98     36.00000         2113         2174      0.92979 
   99     35.00000         2175         2166      0.91914 
  100     34.00000         2186         2129      0.90243 
  101     33.00000         2211         2156      0.88573 
  102     32.00000         2371         2478      0.91689 
  103     31.00000         2456         2626      0.92837 
  104     30.00000         2503         2705      0.93126 
  105     29.00000         2534         2731      0.93409 
  106     28.00000         2521         2710      0.93366 
  107     27.00000         2501         2672      0.93408 
  108     26.00000         2495         2603      0.93135 
  109     25.00000         2504         2568      0.92942 
  110     24.00000         2455         2500      0.92795 
  111     23.00000         2421         2450      0.92589 
  112     22.00000         2416         2383      0.91602 
  113     21.00000         2406         2301      0.90419 
  114     20.00000         2388         2210      0.88517 
  115     19.00000         2347         2113      0.86682 
  116     18.00000         2349         2062      0.85650 
  117     17.00000         2383         2050      0.84683 
  118     16.00000         2383         2021      0.84151 
  119     15.00000         2382         2018      0.83682 
  120     14.00000         2365         2014      0.83444 
  121     13.00000         2359         2007      0.83372 
  122     12.00000         2324         1982      0.83233 
  123     11.00000         2271         1944      0.82989 
  124     10.00000         2219         1919      0.82600 
  125      9.00000         2121         1849      0.82620 
  126      8.00000         2078         1818      0.83573 
  127      7.00000         1980         1733      0.86022 
  128      6.00000         1892         1729      0.86882 
  129      5.00000         1794         1730      0.87684 
  130      4.00000         1692         1725      0.87621 
  131      3.00000         1584         1728      0.87440 
  132      2.00000         1525         1695      0.85714 
  133      1.00000         1527         1652      0.83422 
  134      0.00000         1523         1609      0.81673 
  135     -1.00000         1495         1533      0.80911 
  136     -2.00000         1500         1492      0.80615 
  137     -3.00000         1492         1420      0.80769 
  138     -4.00000         1483         1369      0.80996 
  139     -5.00000         1481         1316      0.81301 
  140     -6.00000         1426         1237      0.81262 
  141     -7.00000         1420         1164      0.81579 
  142     -8.00000         1371         1115      0.79646 
  143     -9.00000         1311         1074      0.78323 
  144    -10.00000         1267         1030      0.76883 
  145    -11.00000         1160          958      0.76110 
  146    -12.00000         1090          887      0.73546 
  147    -13.00000         1016          799      0.71405 
  148    -14.00000          959          761      0.71279 
  149    -15.00000          899          719      0.70952 
  150    -16.00000          799          637      0.69916 
  151    -17.00000          698          520      0.67816 
  152    -18.00000          575          367      0.67728 
  153    -19.00000          522          342      0.69444 
  154    -20.00000          465          312      0.72587 
  155    -21.00000          374          270      0.77950 
  156    -22.00000          280          247      0.85769 
  157    -23.00000          221          206      0.88525 
  158    -24.00000          236          163      0.74185 
  159    -25.00000          250          122      0.59140 
  160    -26.00000          244           67      0.41158 
  161    -27.00000          237           25      0.16031 
  162    -28.00000          256           60      0.37975 
  163    -29.00000          282          138      0.65714 
  164    -30.00000          318          204      0.78161 
  165    -31.00000          340          254      0.85522 
  166    -32.00000          355          289      0.89752 
  167    -33.00000          354          318      0.94643 
  168    -34.00000          338          316      0.96636 
  169    -35.00000          330          330      1.00000 
  170    -36.00000          323          323      1.00000 
  171    -37.00000          315          315      1.00000 
  172    -38.00000          297          297      1.00000 
  173    -39.00000          277          277      1.00000 
  174    -40.00000          261          261      1.00000 
  175    -41.00000          229          229      1.00000 
  176    -42.00000          201          201      1.00000 
  177    -43.00000          157          157      1.00000 
  178    -44.00000          120          120      1.00000 
  179    -45.00000           71           71      1.00000 
  180    -46.00000           27           27      1.00000 
  181    -47.00000            4            4      1.00000 
  182    -48.00000            0            0      0.00000 
  183    -49.00000            0            0      0.00000 
  184    -50.00000            0            0      0.00000 
  185    -51.00000            0            0      0.00000 
  186    -52.00000            0            0      0.00000 
  187    -53.00000            0            0      0.00000 
  188    -54.00000            0            0      0.00000 
  189    -55.00000            0            0      0.00000 
  190    -56.00000            0            0      0.00000 
  191    -57.00000            0            0      0.00000 
  192    -58.00000            0            0      0.00000 
  193    -59.00000            0            0      0.00000 
  194    -60.00000            0            0      0.00000 
  195    -61.00000            0            0      0.00000 
  196    -62.00000            0            0      0.00000 
  197    -63.00000            0            0      0.00000 
  198    -64.00000            0            0      0.00000 
  199    -65.00000            0            0      0.00000 
  200    -66.00000            0            0      0.00000 
  201    -67.00000            0            0      0.00000 
  202    -68.00000            0            0      0.00000 
  203    -69.00000            0            0      0.00000 
  204    -70.00000            0            0      0.00000 
  205    -71.00000            0            0      0.00000 
  206    -72.00000            0            0      0.00000 
  207    -73.00000            0            0      0.00000 
  208    -74.00000            0            0      0.00000 
  209    -75.00000            0            0      0.00000 
  210    -76.00000            0            0      0.00000 
  211    -77.00000            0            0      0.00000 
  212    -78.00000            0            0      0.00000 
  213    -79.00000            0            0      0.00000 
  214    -80.00000            0            0      0.00000 
  215    -81.00000            0            0      0.00000 
  216    -82.00000            0            0      0.00000 
  217    -83.00000            0            0      0.00000 
  218    -84.00000            0            0      0.00000 
  219    -85.00000            0            0      0.00000 
  220    -86.00000            0            0      0.00000 
  221    -87.00000            0            0      0.00000 
  222    -88.00000            0            0      0.00000 
  223    -89.00000            0            0      0.00000 
  224    -90.00000            0            0      0.00000 
  225    -91.00000            0            0      0.00000 
  226    -92.00000            0            0      0.00000 
  227    -93.00000            0            0      0.00000 
  228    -94.00000            0            0      0.00000 
  229    -95.00000            0            0      0.00000 
  230    -96.00000            0            0      0.00000 
  231    -97.00000            0            0      0.00000 
  232    -98.00000            0            0      0.00000 
