# 3dSliceNDice -insetA 6m_3min_s1_m1_binary+orig -insetB 6m_3min_s2_m1_binary+orig -prefix 6m_3min_split_m1_binary
    0    134.00000            0            0      0.00000 
    1    133.00000            0            0      0.00000 
    2    132.00000            0            0      0.00000 
    3    131.00000            0            0      0.00000 
    4    130.00000            0            0      0.00000 
    5    129.00000            0            0      0.00000 
    6    128.00000            0            0      0.00000 
    7    127.00000            0            0      0.00000 
    8    126.00000            0            0      0.00000 
    9    125.00000            0            0      0.00000 
   10    124.00000            0            0      0.00000 
   11    123.00000            0            0      0.00000 
   12    122.00000            0            0      0.00000 
   13    121.00000            0            0      0.00000 
   14    120.00000            0            0      0.00000 
   15    119.00000            0            0      0.00000 
   16    118.00000            0            0      0.00000 
   17    117.00000            0            0      0.00000 
   18    116.00000            0            0      0.00000 
   19    115.00000            0            0      0.00000 
   20    114.00000            0            0      0.00000 
   21    113.00000            0            0      0.00000 
   22    112.00000            0            0      0.00000 
   23    111.00000            0            0      0.00000 
   24    110.00000            0            0      0.00000 
   25    109.00000            0            0      0.00000 
   26    108.00000            0            0      0.00000 
   27    107.00000            0            0      0.00000 
   28    106.00000            0            0      0.00000 
   29    105.00000            0            0      0.00000 
   30    104.00000            0            0      0.00000 
   31    103.00000            0            0      0.00000 
   32    102.00000            0            0      0.00000 
   33    101.00000            0            0      0.00000 
   34    100.00000            0            0      0.00000 
   35     99.00000            0            0      0.00000 
   36     98.00000            0            0      0.00000 
   37     97.00000            0            0      0.00000 
   38     96.00000            0            0      0.00000 
   39     95.00000            0            0      0.00000 
   40     94.00000            0            0      0.00000 
   41     93.00000            0            0      0.00000 
   42     92.00000            0            0      0.00000 
   43     91.00000            0            0      0.00000 
   44     90.00000            0            0      0.00000 
   45     89.00000            0            0      0.00000 
   46     88.00000            0            0      0.00000 
   47     87.00000            0            0      0.00000 
   48     86.00000            0            0      0.00000 
   49     85.00000            0            0      0.00000 
   50     84.00000            6            6      1.00000 
   51     83.00000          139          139      1.00000 
   52     82.00000          301          301      1.00000 
   53     81.00000          460          460      1.00000 
   54     80.00000          628          628      1.00000 
   55     79.00000          766          766      1.00000 
   56     78.00000          884          884      1.00000 
   57     77.00000          985          989      0.99797 
   58     76.00000         1101         1118      0.98062 
   59     75.00000         1220         1234      0.96985 
   60     74.00000         1374         1350      0.94640 
   61     73.00000         1508         1450      0.93171 
   62     72.00000         1675         1568      0.91582 
   63     71.00000         1836         1719      0.90127 
   64     70.00000         2014         1906      0.87959 
   65     69.00000         2102         1994      0.85645 
   66     68.00000         2184         2046      0.84539 
   67     67.00000         2285         2061      0.83433 
   68     66.00000         2402         2108      0.83016 
   69     65.00000         2512         2164      0.82934 
   70     64.00000         2510         2133      0.81585 
   71     63.00000         2512         2113      0.81211 
   72     62.00000         2503         2055      0.79860 
   73     61.00000         2537         2024      0.79105 
   74     60.00000         2552         1949      0.78160 
   75     59.00000         2471         1803      0.76930 
   76     58.00000         2372         1624      0.74875 
   77     57.00000         2444         1639      0.75778 
   78     56.00000         2604         1851      0.79776 
   79     55.00000         2686         2017      0.82586 
   80     54.00000         2690         2144      0.85271 
   81     53.00000         2701         2290      0.87437 
   82     52.00000         2787         2425      0.88219 
   83     51.00000         2916         2546      0.87733 
   84     50.00000         3066         2694      0.88368 
   85     49.00000         3124         2746      0.88484 
   86     48.00000         3149         2774      0.87726 
   87     47.00000         3209         2912      0.89887 
   88     46.00000         3325         3080      0.91335 
   89     45.00000         3439         3212      0.92106 
   90     44.00000         3481         3264      0.92632 
   91     43.00000         3473         3241      0.92791 
   92     42.00000         3445         3184      0.93136 
   93     41.00000         3489         3222      0.92475 
   94     40.00000         3567         3304      0.91748 
   95     39.00000         3566         3317      0.90949 
   96     38.00000         3596         3337      0.90004 
   97     37.00000         3665         3391      0.89314 
   98     36.00000         3688         3428      0.89179 
   99     35.00000         3662         3457      0.89366 
  100     34.00000         3536         3427      0.89358 
  101     33.00000         3372         3423      0.88418 
  102     32.00000         3205         3419      0.87379 
  103     31.00000         3190         3405      0.87612 
  104     30.00000         3187         3392      0.88159 
  105     29.00000         3130         3327      0.88183 
  106     28.00000         3057         3254      0.87752 
  107     27.00000         2936         3110      0.87727 
  108     26.00000         2848         2979      0.88244 
  109     25.00000         2757         2843      0.88643 
  110     24.00000         2610         2650      0.89202 
  111     23.00000         2475         2444      0.90303 
  112     22.00000         2340         2235      0.92022 
  113     21.00000         2194         2082      0.92189 
  114     20.00000         2011         1908      0.91860 
  115     19.00000         1778         1690      0.91349 
  116     18.00000         1554         1496      0.91475 
  117     17.00000         1286         1304      0.92896 
  118     16.00000         1182         1210      0.92559 
  119     15.00000         1069         1102      0.92308 
  120     14.00000          929          961      0.91746 
  121     13.00000          707          756      0.89679 
  122     12.00000          409          432      0.97265 
  123     11.00000          357          375      0.97541 
  124     10.00000          297          308      0.98182 
  125      9.00000          207          212      0.98807 
  126      8.00000          133          133      1.00000 
  127      7.00000           28           28      1.00000 
  128      6.00000           14           14      1.00000 
  129      5.00000            8            8      1.00000 
  130      4.00000            0            0      0.00000 
  131      3.00000            0            0      0.00000 
  132      2.00000            0            0      0.00000 
  133      1.00000            0            0      0.00000 
  134      0.00000            0            0      0.00000 
  135     -1.00000            0            0      0.00000 
  136     -2.00000            0            0      0.00000 
  137     -3.00000           96          212      0.23377 
  138     -4.00000          264          483      0.33735 
  139     -5.00000          380          681      0.36946 
  140     -6.00000          460          825      0.38599 
  141     -7.00000          528          940      0.40463 
  142     -8.00000          661         1091      0.47260 
  143     -9.00000          799         1188      0.53649 
  144    -10.00000          922         1303      0.57348 
  145    -11.00000          991         1361      0.59269 
  146    -12.00000         1041         1406      0.60727 
  147    -13.00000         1102         1473      0.61204 
  148    -14.00000         1131         1529      0.60977 
  149    -15.00000         1172         1585      0.61516 
  150    -16.00000         1172         1617      0.61671 
  151    -17.00000         1181         1644      0.62088 
  152    -18.00000         1201         1687      0.63504 
  153    -19.00000         1208         1710      0.65524 
  154    -20.00000         1231         1721      0.66396 
  155    -21.00000         1215         1657      0.67479 
  156    -22.00000         1225         1612      0.68876 
  157    -23.00000         1257         1557      0.67662 
  158    -24.00000         1295         1513      0.65100 
  159    -25.00000         1306         1489      0.62326 
  160    -26.00000         1265         1422      0.57983 
  161    -27.00000         1186         1387      0.51924 
  162    -28.00000         1102         1420      0.48136 
  163    -29.00000         1085         1482      0.49786 
  164    -30.00000         1074         1544      0.50726 
  165    -31.00000         1035         1564      0.51635 
  166    -32.00000          993         1590      0.52884 
  167    -33.00000          961         1616      0.54870 
  168    -34.00000          947         1606      0.55464 
  169    -35.00000          951         1603      0.57009 
  170    -36.00000          935         1545      0.57742 
  171    -37.00000          923         1482      0.58462 
  172    -38.00000          905         1387      0.58377 
  173    -39.00000          904         1341      0.59777 
  174    -40.00000          902         1311      0.60551 
  175    -41.00000          849         1235      0.59021 
  176    -42.00000          806         1155      0.55890 
  177    -43.00000          760         1051      0.53341 
  178    -44.00000          704          972      0.52864 
  179    -45.00000          634          908      0.50973 
  180    -46.00000          529          820      0.49666 
  181    -47.00000          442          751      0.53646 
  182    -48.00000          377          702      0.58573 
  183    -49.00000          342          659      0.61538 
  184    -50.00000          303          591      0.65772 
  185    -51.00000          265          528      0.66835 
  186    -52.00000          228          468      0.65517 
  187    -53.00000          150          382      0.56391 
  188    -54.00000           84          281      0.46027 
  189    -55.00000           49          213      0.37405 
  190    -56.00000           18          141      0.22642 
  191    -57.00000            0           84      0.00000 
  192    -58.00000            0           12      0.00000 
  193    -59.00000            0            0      0.00000 
  194    -60.00000            0            0      0.00000 
  195    -61.00000            0            0      0.00000 
  196    -62.00000            0            0      0.00000 
  197    -63.00000            0            0      0.00000 
  198    -64.00000            0            0      0.00000 
  199    -65.00000            0            0      0.00000 
  200    -66.00000            0            0      0.00000 
  201    -67.00000            0            0      0.00000 
  202    -68.00000            0            0      0.00000 
  203    -69.00000            0            0      0.00000 
  204    -70.00000            0            0      0.00000 
  205    -71.00000            0            0      0.00000 
  206    -72.00000            0            0      0.00000 
  207    -73.00000            0            0      0.00000 
  208    -74.00000            0            0      0.00000 
  209    -75.00000            0            0      0.00000 
  210    -76.00000            0            0      0.00000 
  211    -77.00000            0            0      0.00000 
  212    -78.00000            0            0      0.00000 
  213    -79.00000            0            0      0.00000 
  214    -80.00000            0            0      0.00000 
  215    -81.00000            0            0      0.00000 
  216    -82.00000            0            0      0.00000 
  217    -83.00000            0            0      0.00000 
  218    -84.00000            0            0      0.00000 
  219    -85.00000            0            0      0.00000 
  220    -86.00000            0            0      0.00000 
  221    -87.00000            0            0      0.00000 
  222    -88.00000            0            0      0.00000 
  223    -89.00000            0            0      0.00000 
  224    -90.00000            0            0      0.00000 
  225    -91.00000            0            0      0.00000 
  226    -92.00000            0            0      0.00000 
  227    -93.00000            0            0      0.00000 
  228    -94.00000            0            0      0.00000 
  229    -95.00000            0            0      0.00000 
  230    -96.00000            0            0      0.00000 
  231    -97.00000            0            0      0.00000 
  232    -98.00000            0            0      0.00000 
