# 3dSliceNDice -insetA 6m_3min_s1_m3_binary+orig -insetB 6m_3min_s2_m3_binary+orig -prefix 6m_3min_split_m3_binary
    0     96.00000            0            0      0.00000 
    1     95.00000            0            0      0.00000 
    2     94.00000            0            0      0.00000 
    3     93.00000            0            0      0.00000 
    4     92.00000            0            0      0.00000 
    5     91.00000            0            0      0.00000 
    6     90.00000            0            0      0.00000 
    7     89.00000            0            0      0.00000 
    8     88.00000            0            0      0.00000 
    9     87.00000            0            0      0.00000 
   10     86.00000            0            0      0.00000 
   11     85.00000            0            0      0.00000 
   12     84.00000            0            0      0.00000 
   13     83.00000            0            0      0.00000 
   14     82.00000            0            0      0.00000 
   15     81.00000            0            0      0.00000 
   16     80.00000            0            0      0.00000 
   17     79.00000            0            0      0.00000 
   18     78.00000            0            0      0.00000 
   19     77.00000            0            0      0.00000 
   20     76.00000            0            0      0.00000 
   21     75.00000            0            0      0.00000 
   22     74.00000            0            0      0.00000 
   23     73.00000            0            0      0.00000 
   24     72.00000            0            0      0.00000 
   25     71.00000            0            0      0.00000 
   26     70.00000            0            0      0.00000 
   27     69.00000            0            0      0.00000 
   28     68.00000            0            0      0.00000 
   29     67.00000            0            0      0.00000 
   30     66.00000            0            0      0.00000 
   31     65.00000            0            0      0.00000 
   32     64.00000            0            0      0.00000 
   33     63.00000            0            0      0.00000 
   34     62.00000            0            0      0.00000 
   35     61.00000            0            0      0.00000 
   36     60.00000            0            0      0.00000 
   37     59.00000            0            0      0.00000 
   38     58.00000            0            0      0.00000 
   39     57.00000            0            0      0.00000 
   40     56.00000            0            0      0.00000 
   41     55.00000            0            0      0.00000 
   42     54.00000            0            0      0.00000 
   43     53.00000            0            0      0.00000 
   44     52.00000            0            0      0.00000 
   45     51.00000            0            0      0.00000 
   46     50.00000            0            0      0.00000 
   47     49.00000            0            0      0.00000 
   48     48.00000            0            0      0.00000 
   49     47.00000           32           32      1.00000 
   50     46.00000           88           88      1.00000 
   51     45.00000          149          140      0.96886 
   52     44.00000          202          180      0.94241 
   53     43.00000          269          216      0.89072 
   54     42.00000          401          318      0.80668 
   55     41.00000          571          496      0.82287 
   56     40.00000          726          678      0.85470 
   57     39.00000          834          827      0.88380 
   58     38.00000          946          969      0.90339 
   59     37.00000         1055         1114      0.91655 
   60     36.00000         1131         1219      0.91064 
   61     35.00000         1226         1327      0.90795 
   62     34.00000         1306         1408      0.90125 
   63     33.00000         1374         1484      0.89923 
   64     32.00000         1446         1559      0.89917 
   65     31.00000         1504         1611      0.90401 
   66     30.00000         1581         1694      0.90626 
   67     29.00000         1622         1756      0.90172 
   68     28.00000         1659         1820      0.89681 
   69     27.00000         1664         1878      0.88312 
   70     26.00000         1659         1917      0.86969 
   71     25.00000         1666         1964      0.86061 
   72     24.00000         1637         1962      0.84468 
   73     23.00000         1611         1988      0.82523 
   74     22.00000         1705         2000      0.83293 
   75     21.00000         1780         2009      0.84297 
   76     20.00000         1852         2025      0.85994 
   77     19.00000         1896         2009      0.87785 
   78     18.00000         1937         1983      0.90000 
   79     17.00000         2237         2163      0.92000 
   80     16.00000         2461         2390      0.92105 
   81     15.00000         2641         2593      0.91784 
   82     14.00000         2791         2736      0.91225 
   83     13.00000         2913         2869      0.90764 
   84     12.00000         3046         3022      0.90277 
   85     11.00000         3098         3146      0.90679 
   86     10.00000         3197         3328      0.91525 
   87      9.00000         3262         3451      0.92477 
   88      8.00000         3314         3547      0.92931 
   89      7.00000         3356         3633      0.93347 
   90      6.00000         3360         3646      0.93320 
   91      5.00000         3389         3694      0.93435 
   92      4.00000         3399         3668      0.93788 
   93      3.00000         3414         3658      0.93976 
   94      2.00000         3377         3589      0.94086 
   95      1.00000         3273         3457      0.94086 
   96      0.00000         3190         3330      0.93957 
   97     -1.00000         3195         3288      0.94000 
   98     -2.00000         3296         3312      0.94098 
   99     -3.00000         3325         3293      0.94016 
  100     -4.00000         3326         3291      0.94182 
  101     -5.00000         3308         3277      0.94336 
  102     -6.00000         3214         3233      0.94245 
  103     -7.00000         3125         3194      0.93971 
  104     -8.00000         2966         3116      0.93325 
  105     -9.00000         2867         3072      0.92777 
  106    -10.00000         2747         3003      0.92035 
  107    -11.00000         2576         2903      0.91185 
  108    -12.00000         2363         2754      0.89466 
  109    -13.00000         2043         2501      0.87676 
  110    -14.00000         2005         2447      0.87466 
  111    -15.00000         1968         2376      0.87477 
  112    -16.00000         1915         2249      0.87224 
  113    -17.00000         1900         2129      0.88111 
  114    -18.00000         1913         2075      0.88064 
  115    -19.00000         1951         2084      0.87534 
  116    -20.00000         1950         2053      0.86635 
  117    -21.00000         1884         1969      0.85803 
  118    -22.00000         1830         1889      0.85023 
  119    -23.00000         1780         1850      0.82755 
  120    -24.00000         1773         1836      0.80521 
  121    -25.00000         1740         1828      0.79372 
  122    -26.00000         1638         1757      0.76937 
  123    -27.00000         1510         1655      0.73934 
  124    -28.00000         1400         1660      0.67647 
  125    -29.00000         1379         1757      0.64158 
  126    -30.00000         1404         1856      0.62331 
  127    -31.00000         1369         1886      0.60399 
  128    -32.00000         1349         1923      0.58802 
  129    -33.00000         1389         1987      0.58531 
  130    -34.00000         1470         2039      0.59618 
  131    -35.00000         1559         2096      0.61176 
  132    -36.00000         1588         2061      0.61387 
  133    -37.00000         1597         1996      0.60729 
  134    -38.00000         1653         1925      0.64505 
  135    -39.00000         1741         1873      0.70282 
  136    -40.00000         1798         1841      0.75570 
  137    -41.00000         1744         1732      0.79171 
  138    -42.00000         1681         1643      0.83273 
  139    -43.00000         1632         1559      0.85302 
  140    -44.00000         1559         1459      0.85818 
  141    -45.00000         1500         1367      0.86641 
  142    -46.00000         1354         1224      0.86734 
  143    -47.00000         1226         1087      0.86122 
  144    -48.00000         1118          953      0.83921 
  145    -49.00000         1021          867      0.83369 
  146    -50.00000          927          778      0.83167 
  147    -51.00000          801          679      0.82838 
  148    -52.00000          716          610      0.82202 
  149    -53.00000          584          486      0.80187 
  150    -54.00000          471          369      0.79286 
  151    -55.00000          356          256      0.75490 
  152    -56.00000          256          147      0.71464 
  153    -57.00000          152           61      0.57277 
  154    -58.00000           38            4      0.19048 
  155    -59.00000            0            0      0.00000 
  156    -60.00000            0            0      0.00000 
  157    -61.00000            0            0      0.00000 
  158    -62.00000            0            0      0.00000 
  159    -63.00000            0            0      0.00000 
  160    -64.00000            0            0      0.00000 
  161    -65.00000            0            0      0.00000 
  162    -66.00000            0            0      0.00000 
  163    -67.00000            0            0      0.00000 
  164    -68.00000            0            0      0.00000 
  165    -69.00000            0            0      0.00000 
  166    -70.00000            0            0      0.00000 
  167    -71.00000            0            0      0.00000 
  168    -72.00000            0            0      0.00000 
  169    -73.00000            0            0      0.00000 
  170    -74.00000            0            0      0.00000 
  171    -75.00000            0            0      0.00000 
  172    -76.00000            0            0      0.00000 
  173    -77.00000            0            0      0.00000 
  174    -78.00000            0            0      0.00000 
  175    -79.00000            0            0      0.00000 
  176    -80.00000            0            0      0.00000 
  177    -81.00000            0            0      0.00000 
  178    -82.00000            0            0      0.00000 
  179    -83.00000            0            0      0.00000 
  180    -84.00000            0            0      0.00000 
  181    -85.00000            0            0      0.00000 
  182    -86.00000            0            0      0.00000 
  183    -87.00000            0            0      0.00000 
  184    -88.00000            0            0      0.00000 
  185    -89.00000            0            0      0.00000 
  186    -90.00000            0            0      0.00000 
  187    -91.00000            0            0      0.00000 
  188    -92.00000            0            0      0.00000 
  189    -93.00000            0            0      0.00000 
  190    -94.00000            0            0      0.00000 
  191    -95.00000            0            0      0.00000 
  192    -96.00000            0            0      0.00000 
  193    -97.00000            0            0      0.00000 
  194    -98.00000            0            0      0.00000 
