# 3dSliceNDice -insetA 6m_3min_s1_m1_binary+orig -insetB 6m_3min_s2_m1_binary+orig -prefix 6m_3min_split_m1_binary
    0     96.00000            0            0      0.00000 
    1     95.00000            0            0      0.00000 
    2     94.00000            0            0      0.00000 
    3     93.00000            0            0      0.00000 
    4     92.00000            0            0      0.00000 
    5     91.00000            0            0      0.00000 
    6     90.00000            0            0      0.00000 
    7     89.00000            0            0      0.00000 
    8     88.00000            0            0      0.00000 
    9     87.00000            0            0      0.00000 
   10     86.00000            0            0      0.00000 
   11     85.00000            0            0      0.00000 
   12     84.00000            0            0      0.00000 
   13     83.00000            0            0      0.00000 
   14     82.00000            0            0      0.00000 
   15     81.00000            0            0      0.00000 
   16     80.00000            0            0      0.00000 
   17     79.00000            0            0      0.00000 
   18     78.00000            0            0      0.00000 
   19     77.00000            0            0      0.00000 
   20     76.00000            0            0      0.00000 
   21     75.00000            0            0      0.00000 
   22     74.00000            0            0      0.00000 
   23     73.00000            0            0      0.00000 
   24     72.00000            0            0      0.00000 
   25     71.00000            0            0      0.00000 
   26     70.00000            0            0      0.00000 
   27     69.00000            0            0      0.00000 
   28     68.00000            0            0      0.00000 
   29     67.00000            0            0      0.00000 
   30     66.00000            0            0      0.00000 
   31     65.00000            0            0      0.00000 
   32     64.00000            0            0      0.00000 
   33     63.00000            0            0      0.00000 
   34     62.00000            0            0      0.00000 
   35     61.00000            0            0      0.00000 
   36     60.00000            0            0      0.00000 
   37     59.00000            0            0      0.00000 
   38     58.00000            0           39      0.00000 
   39     57.00000            0          146      0.00000 
   40     56.00000           27          246      0.19780 
   41     55.00000          132          366      0.53012 
   42     54.00000          245          456      0.69330 
   43     53.00000          369          551      0.77826 
   44     52.00000          504          636      0.81754 
   45     51.00000          604          696      0.82615 
   46     50.00000          700          748      0.83840 
   47     49.00000          765          798      0.85733 
   48     48.00000          842          849      0.86694 
   49     47.00000          905          884      0.87647 
   50     46.00000          952          901      0.87642 
   51     45.00000         1001          910      0.86866 
   52     44.00000         1048          906      0.85670 
   53     43.00000         1138          943      0.84671 
   54     42.00000         1205          955      0.83519 
   55     41.00000         1272          976      0.82740 
   56     40.00000         1323          975      0.81549 
   57     39.00000         1346          934      0.79386 
   58     38.00000         1372          884      0.76950 
   59     37.00000         1346          854      0.72000 
   60     36.00000         1323          910      0.68518 
   61     35.00000         1291          942      0.65383 
   62     34.00000         1203          926      0.61907 
   63     33.00000         1102          910      0.59344 
   64     32.00000         1064          983      0.63801 
   65     31.00000         1169         1196      0.67738 
   66     30.00000         1264         1377      0.69671 
   67     29.00000         1301         1501      0.71378 
   68     28.00000         1315         1598      0.73326 
   69     27.00000         1356         1716      0.74544 
   70     26.00000         1441         1830      0.74534 
   71     25.00000         1538         1970      0.74344 
   72     24.00000         1597         2052      0.73500 
   73     23.00000         1665         2159      0.72960 
   74     22.00000         1754         2283      0.72777 
   75     21.00000         1850         2441      0.74668 
   76     20.00000         1951         2602      0.75159 
   77     19.00000         2008         2708      0.75106 
   78     18.00000         2055         2799      0.74372 
   79     17.00000         2059         2900      0.72837 
   80     16.00000         2018         2938      0.71469 
   81     15.00000         2003         2973      0.70338 
   82     14.00000         1921         2921      0.68897 
   83     13.00000         1805         2790      0.67726 
   84     12.00000         1863         2765      0.69188 
   85     11.00000         2041         2852      0.71449 
   86     10.00000         2159         2913      0.73344 
   87      9.00000         2217         2870      0.75251 
   88      8.00000         2279         2754      0.77369 
   89      7.00000         2342         2594      0.80389 
   90      6.00000         2366         2576      0.81546 
   91      5.00000         2366         2529      0.82329 
   92      4.00000         2274         2403      0.83087 
   93      3.00000         2168         2292      0.84081 
   94      2.00000         2089         2210      0.86485 
   95      1.00000         2054         2118      0.87824 
   96      0.00000         2027         2088      0.88505 
   97     -1.00000         2018         2097      0.88165 
   98     -2.00000         2043         2139      0.86992 
   99     -3.00000         2251         2394      0.86502 
  100     -4.00000         2386         2553      0.86779 
  101     -5.00000         2511         2673      0.87346 
  102     -6.00000         2581         2702      0.87791 
  103     -7.00000         2640         2701      0.88410 
  104     -8.00000         2768         2789      0.87745 
  105     -9.00000         2941         2898      0.88166 
  106    -10.00000         3081         2982      0.88042 
  107    -11.00000         3201         3003      0.87266 
  108    -12.00000         3288         2964      0.86052 
  109    -13.00000         3359         2970      0.85227 
  110    -14.00000         3425         3022      0.86056 
  111    -15.00000         3516         3092      0.86410 
  112    -16.00000         3552         3114      0.86619 
  113    -17.00000         3587         3142      0.87145 
  114    -18.00000         3605         3175      0.87316 
  115    -19.00000         3587         3200      0.87285 
  116    -20.00000         3589         3231      0.87947 
  117    -21.00000         3484         3154      0.88340 
  118    -22.00000         3403         3120      0.89039 
  119    -23.00000         3303         3050      0.88557 
  120    -24.00000         3216         2982      0.87222 
  121    -25.00000         3113         2899      0.85995 
  122    -26.00000         2930         2747      0.84235 
  123    -27.00000         2807         2613      0.81734 
  124    -28.00000         2706         2842      0.80497 
  125    -29.00000         2663         2936      0.80479 
  126    -30.00000         2586         2912      0.80065 
  127    -31.00000         2352         2746      0.77952 
  128    -32.00000         2076         2540      0.75433 
  129    -33.00000         1838         2302      0.72560 
  130    -34.00000         1901         2290      0.73061 
  131    -35.00000         1991         2275      0.74871 
  132    -36.00000         1998         2169      0.75642 
  133    -37.00000         1964         2053      0.76077 
  134    -38.00000         2003         1962      0.76419 
  135    -39.00000         2041         1916      0.77079 
  136    -40.00000         2082         1894      0.78471 
  137    -41.00000         2075         1828      0.79939 
  138    -42.00000         2069         1735      0.82019 
  139    -43.00000         2016         1669      0.83365 
  140    -44.00000         1940         1622      0.84110 
  141    -45.00000         1869         1579      0.84745 
  142    -46.00000         1717         1486      0.85482 
  143    -47.00000         1566         1395      0.86255 
  144    -48.00000         1397         1285      0.87099 
  145    -49.00000         1278         1192      0.88097 
  146    -50.00000         1122         1046      0.88284 
  147    -51.00000          917          847      0.86395 
  148    -52.00000          751          643      0.83501 
  149    -53.00000          562          431      0.81772 
  150    -54.00000          387          280      0.76462 
  151    -55.00000          249          142      0.68031 
  152    -56.00000          160           61      0.55204 
  153    -57.00000          105            5      0.09091 
  154    -58.00000            3            0      0.00000 
  155    -59.00000            0            0      0.00000 
  156    -60.00000            0            0      0.00000 
  157    -61.00000            0            0      0.00000 
  158    -62.00000            0            0      0.00000 
  159    -63.00000            0            0      0.00000 
  160    -64.00000            0            0      0.00000 
  161    -65.00000            0            0      0.00000 
  162    -66.00000            0            0      0.00000 
  163    -67.00000            0            0      0.00000 
  164    -68.00000            0            0      0.00000 
  165    -69.00000            0            0      0.00000 
  166    -70.00000            0            0      0.00000 
  167    -71.00000            0            0      0.00000 
  168    -72.00000            0            0      0.00000 
  169    -73.00000            0            0      0.00000 
  170    -74.00000            0            0      0.00000 
  171    -75.00000            0            0      0.00000 
  172    -76.00000            0            0      0.00000 
  173    -77.00000            0            0      0.00000 
  174    -78.00000            0            0      0.00000 
  175    -79.00000            0            0      0.00000 
  176    -80.00000            0            0      0.00000 
  177    -81.00000            0            0      0.00000 
  178    -82.00000            0            0      0.00000 
  179    -83.00000            0            0      0.00000 
  180    -84.00000            0            0      0.00000 
  181    -85.00000            0            0      0.00000 
  182    -86.00000            0            0      0.00000 
  183    -87.00000            0            0      0.00000 
  184    -88.00000            0            0      0.00000 
  185    -89.00000            0            0      0.00000 
  186    -90.00000            0            0      0.00000 
  187    -91.00000            0            0      0.00000 
  188    -92.00000            0            0      0.00000 
  189    -93.00000            0            0      0.00000 
  190    -94.00000            0            0      0.00000 
  191    -95.00000            0            0      0.00000 
  192    -96.00000            0            0      0.00000 
  193    -97.00000            0            0      0.00000 
  194    -98.00000            0            0      0.00000 
