# 3dSliceNDice -insetA 6m_4min_s1_m3_binary+orig -insetB 6m_4min_s2_m3_binary+orig -prefix 6m_4min_split_m3_binary
    0    134.00000            0            0      0.00000 
    1    133.00000            0            0      0.00000 
    2    132.00000            0            0      0.00000 
    3    131.00000            0            0      0.00000 
    4    130.00000            0            0      0.00000 
    5    129.00000            0            0      0.00000 
    6    128.00000            0            0      0.00000 
    7    127.00000            0            0      0.00000 
    8    126.00000            0            0      0.00000 
    9    125.00000            0            0      0.00000 
   10    124.00000            0            0      0.00000 
   11    123.00000            0            0      0.00000 
   12    122.00000            0            0      0.00000 
   13    121.00000            0            0      0.00000 
   14    120.00000            0            0      0.00000 
   15    119.00000            0            0      0.00000 
   16    118.00000            0            0      0.00000 
   17    117.00000            0            0      0.00000 
   18    116.00000            0            0      0.00000 
   19    115.00000            0            0      0.00000 
   20    114.00000            0            0      0.00000 
   21    113.00000            0            0      0.00000 
   22    112.00000            0            0      0.00000 
   23    111.00000            0            0      0.00000 
   24    110.00000            0            0      0.00000 
   25    109.00000            0            0      0.00000 
   26    108.00000            0            0      0.00000 
   27    107.00000            0            0      0.00000 
   28    106.00000            0            0      0.00000 
   29    105.00000            0            0      0.00000 
   30    104.00000            0            0      0.00000 
   31    103.00000            0            0      0.00000 
   32    102.00000            0            0      0.00000 
   33    101.00000            0            0      0.00000 
   34    100.00000            0            0      0.00000 
   35     99.00000            0            0      0.00000 
   36     98.00000            0            0      0.00000 
   37     97.00000            0            0      0.00000 
   38     96.00000            0            0      0.00000 
   39     95.00000            0            0      0.00000 
   40     94.00000            0            0      0.00000 
   41     93.00000            0            0      0.00000 
   42     92.00000            0            0      0.00000 
   43     91.00000            0            0      0.00000 
   44     90.00000            0            0      0.00000 
   45     89.00000            0            0      0.00000 
   46     88.00000            0            0      0.00000 
   47     87.00000            0            0      0.00000 
   48     86.00000            0            0      0.00000 
   49     85.00000            0            0      0.00000 
   50     84.00000            0            0      0.00000 
   51     83.00000            0            0      0.00000 
   52     82.00000            0            0      0.00000 
   53     81.00000            9            9      1.00000 
   54     80.00000           41           41      1.00000 
   55     79.00000           88           87      0.99429 
   56     78.00000          168          152      0.95000 
   57     77.00000          268          242      0.94902 
   58     76.00000          397          371      0.96615 
   59     75.00000          591          550      0.96407 
   60     74.00000          795          739      0.96349 
   61     73.00000          982          914      0.96414 
   62     72.00000         1219         1156      0.95916 
   63     71.00000         1476         1437      0.94885 
   64     70.00000         1819         1780      0.95360 
   65     69.00000         2089         2042      0.95231 
   66     68.00000         2327         2258      0.95049 
   67     67.00000         2550         2448      0.94278 
   68     66.00000         2739         2604      0.93468 
   69     65.00000         2958         2802      0.92535 
   70     64.00000         3073         2895      0.92292 
   71     63.00000         3162         2963      0.92571 
   72     62.00000         3173         2952      0.92669 
   73     61.00000         3145         2927      0.92688 
   74     60.00000         3112         2906      0.92489 
   75     59.00000         3005         2810      0.92279 
   76     58.00000         2897         2731      0.91791 
   77     57.00000         2757         2654      0.91739 
   78     56.00000         2728         2658      0.92313 
   79     55.00000         2718         2682      0.92815 
   80     54.00000         2687         2686      0.93542 
   81     53.00000         2672         2711      0.94557 
   82     52.00000         2659         2793      0.93984 
   83     51.00000         2660         2863      0.92450 
   84     50.00000         2675         2911      0.91586 
   85     49.00000         2654         2887      0.90561 
   86     48.00000         2647         2913      0.90036 
   87     47.00000         2670         2868      0.90321 
   88     46.00000         2733         2862      0.91332 
   89     45.00000         2762         2867      0.91704 
   90     44.00000         2689         2784      0.91613 
   91     43.00000         2678         2770      0.91336 
   92     42.00000         2649         2739      0.91871 
   93     41.00000         2620         2691      0.91885 
   94     40.00000         2612         2658      0.92827 
   95     39.00000         2547         2565      0.93232 
   96     38.00000         2407         2439      0.92860 
   97     37.00000         2208         2353      0.95418 
   98     36.00000         2258         2379      0.96010 
   99     35.00000         2334         2424      0.96637 
  100     34.00000         2398         2462      0.97284 
  101     33.00000         2458         2497      0.97841 
  102     32.00000         2512         2522      0.98490 
  103     31.00000         2530         2527      0.98991 
  104     30.00000         2549         2533      0.99370 
  105     29.00000         2556         2537      0.99234 
  106     28.00000         2565         2541      0.99256 
  107     27.00000         2537         2521      0.99170 
  108     26.00000         2498         2490      0.99078 
  109     25.00000         2448         2448      0.98897 
  110     24.00000         2367         2376      0.97955 
  111     23.00000         2299         2306      0.97155 
  112     22.00000         2191         2210      0.95524 
  113     21.00000         2129         2169      0.94788 
  114     20.00000         2049         2127      0.94061 
  115     19.00000         1953         2081      0.93505 
  116     18.00000         1889         2054      0.93178 
  117     17.00000         1918         2091      0.89998 
  118     16.00000         2012         2166      0.87985 
  119     15.00000         2076         2199      0.87766 
  120     14.00000         2130         2206      0.88007 
  121     13.00000         2170         2216      0.88007 
  122     12.00000         2238         2286      0.89832 
  123     11.00000         2301         2346      0.92189 
  124     10.00000         2369         2383      0.93729 
  125      9.00000         2364         2350      0.94103 
  126      8.00000         2382         2321      0.93345 
  127      7.00000         2296         2185      0.93283 
  128      6.00000         2234         2100      0.93493 
  129      5.00000         2179         2042      0.94054 
  130      4.00000         2071         1939      0.94065 
  131      3.00000         1983         1854      0.93980 
  132      2.00000         1817         1780      0.95691 
  133      1.00000         1731         1732      0.95409 
  134      0.00000         1635         1687      0.94762 
  135     -1.00000         1491         1596      0.92776 
  136     -2.00000         1308         1503      0.88438 
  137     -3.00000         1100         1338      0.82937 
  138     -4.00000         1000         1245      0.81247 
  139     -5.00000          878         1126      0.78643 
  140     -6.00000          709          963      0.74880 
  141     -7.00000          510          788      0.68721 
  142     -8.00000          375          637      0.64229 
  143     -9.00000          393          625      0.63065 
  144    -10.00000          369          604      0.59815 
  145    -11.00000          328          558      0.55530 
  146    -12.00000          285          514      0.49562 
  147    -13.00000          266          495      0.47306 
  148    -14.00000          333          490      0.58323 
  149    -15.00000          397          486      0.66138 
  150    -16.00000          433          465      0.71047 
  151    -17.00000          450          466      0.72271 
  152    -18.00000          466          466      0.74034 
  153    -19.00000          451          458      0.76568 
  154    -20.00000          455          448      0.78184 
  155    -21.00000          445          413      0.78322 
  156    -22.00000          448          387      0.77844 
  157    -23.00000          430          316      0.73458 
  158    -24.00000          408          261      0.69357 
  159    -25.00000          369          190      0.62612 
  160    -26.00000          320          110      0.48837 
  161    -27.00000          275           33      0.21429 
  162    -28.00000          258            0      0.00000 
  163    -29.00000          238            0      0.00000 
  164    -30.00000          211            0      0.00000 
  165    -31.00000          190            0      0.00000 
  166    -32.00000          162            0      0.00000 
  167    -33.00000          138           32      0.00000 
  168    -34.00000          119           88      0.00000 
  169    -35.00000           92          140      0.00000 
  170    -36.00000           62          175      0.00000 
  171    -37.00000           27          201      0.00000 
  172    -38.00000            0          230      0.00000 
  173    -39.00000            0          246      0.00000 
  174    -40.00000            0          266      0.00000 
  175    -41.00000            0          268      0.00000 
  176    -42.00000            0          275      0.00000 
  177    -43.00000            0          276      0.00000 
  178    -44.00000            0          268      0.00000 
  179    -45.00000            0          263      0.00000 
  180    -46.00000            0          244      0.00000 
  181    -47.00000            0          230      0.00000 
  182    -48.00000            0          198      0.00000 
  183    -49.00000            0          167      0.00000 
  184    -50.00000            0          128      0.00000 
  185    -51.00000            0           83      0.00000 
  186    -52.00000            0           32      0.00000 
  187    -53.00000            0            0      0.00000 
  188    -54.00000            0            0      0.00000 
  189    -55.00000            0            0      0.00000 
  190    -56.00000            0            0      0.00000 
  191    -57.00000            0            0      0.00000 
  192    -58.00000            0            0      0.00000 
  193    -59.00000            0            0      0.00000 
  194    -60.00000            0            0      0.00000 
  195    -61.00000            0            0      0.00000 
  196    -62.00000            0            0      0.00000 
  197    -63.00000            0            0      0.00000 
  198    -64.00000            0            0      0.00000 
  199    -65.00000            0            0      0.00000 
  200    -66.00000            0            0      0.00000 
  201    -67.00000            0            0      0.00000 
  202    -68.00000            0            0      0.00000 
  203    -69.00000            0            0      0.00000 
  204    -70.00000            0            0      0.00000 
  205    -71.00000            0            0      0.00000 
  206    -72.00000            0            0      0.00000 
  207    -73.00000            0            0      0.00000 
  208    -74.00000            0            0      0.00000 
  209    -75.00000            0            0      0.00000 
  210    -76.00000            0            0      0.00000 
  211    -77.00000            0            0      0.00000 
  212    -78.00000            0            0      0.00000 
  213    -79.00000            0            0      0.00000 
  214    -80.00000            0            0      0.00000 
  215    -81.00000            0            0      0.00000 
  216    -82.00000            0            0      0.00000 
  217    -83.00000            0            0      0.00000 
  218    -84.00000            0            0      0.00000 
  219    -85.00000            0            0      0.00000 
  220    -86.00000            0            0      0.00000 
  221    -87.00000            0            0      0.00000 
  222    -88.00000            0            0      0.00000 
  223    -89.00000            0            0      0.00000 
  224    -90.00000            0            0      0.00000 
  225    -91.00000            0            0      0.00000 
  226    -92.00000            0            0      0.00000 
  227    -93.00000            0            0      0.00000 
  228    -94.00000            0            0      0.00000 
  229    -95.00000            0            0      0.00000 
  230    -96.00000            0            0      0.00000 
  231    -97.00000            0            0      0.00000 
  232    -98.00000            0            0      0.00000 
