# 3dSliceNDice -insetA 6m_4min_s1_m1_binary+orig -insetB 6m_4min_s2_m1_binary+orig -prefix 6m_4min_split_m1_binary
    0     96.00000            0            0      0.00000 
    1     95.00000            0            0      0.00000 
    2     94.00000            0            0      0.00000 
    3     93.00000            0            0      0.00000 
    4     92.00000            0            0      0.00000 
    5     91.00000            0            0      0.00000 
    6     90.00000            0            0      0.00000 
    7     89.00000            0            0      0.00000 
    8     88.00000            0            0      0.00000 
    9     87.00000            0            0      0.00000 
   10     86.00000            0            0      0.00000 
   11     85.00000            0            0      0.00000 
   12     84.00000            0            0      0.00000 
   13     83.00000            0            0      0.00000 
   14     82.00000            0            0      0.00000 
   15     81.00000            0            0      0.00000 
   16     80.00000            0            0      0.00000 
   17     79.00000            0            0      0.00000 
   18     78.00000            0            0      0.00000 
   19     77.00000            0            0      0.00000 
   20     76.00000            0            0      0.00000 
   21     75.00000            0            0      0.00000 
   22     74.00000            0            0      0.00000 
   23     73.00000            0            0      0.00000 
   24     72.00000            0            0      0.00000 
   25     71.00000            0            0      0.00000 
   26     70.00000            0            0      0.00000 
   27     69.00000            0            0      0.00000 
   28     68.00000            0            0      0.00000 
   29     67.00000            0            0      0.00000 
   30     66.00000            0            0      0.00000 
   31     65.00000            0            0      0.00000 
   32     64.00000            0            0      0.00000 
   33     63.00000            0            0      0.00000 
   34     62.00000            0            0      0.00000 
   35     61.00000            0            0      0.00000 
   36     60.00000            0            0      0.00000 
   37     59.00000            0            0      0.00000 
   38     58.00000            0           37      0.00000 
   39     57.00000            0          138      0.00000 
   40     56.00000           10          231      0.08299 
   41     55.00000           63          324      0.32558 
   42     54.00000          145          417      0.51601 
   43     53.00000          252          512      0.65969 
   44     52.00000          370          609      0.74566 
   45     51.00000          465          701      0.79760 
   46     50.00000          562          786      0.83383 
   47     49.00000          636          862      0.84913 
   48     48.00000          719          946      0.86366 
   49     47.00000          788         1016      0.87361 
   50     46.00000          826         1053      0.87919 
   51     45.00000          865         1100      0.88041 
   52     44.00000          899         1136      0.88354 
   53     43.00000          970         1218      0.88665 
   54     42.00000         1023         1284      0.88687 
   55     41.00000         1071         1352      0.88073 
   56     40.00000         1106         1380      0.86887 
   57     39.00000         1107         1367      0.85449 
   58     38.00000         1119         1385      0.84345 
   59     37.00000         1121         1419      0.82126 
   60     36.00000         1141         1463      0.79954 
   61     35.00000         1141         1485      0.77152 
   62     34.00000         1094         1432      0.71813 
   63     33.00000         1012         1325      0.66068 
   64     32.00000         1005         1284      0.69113 
   65     31.00000         1094         1401      0.73427 
   66     30.00000         1197         1508      0.76747 
   67     29.00000         1259         1551      0.79359 
   68     28.00000         1304         1551      0.82102 
   69     27.00000         1386         1613      0.83161 
   70     26.00000         1487         1768      0.82396 
   71     25.00000         1640         1929      0.81928 
   72     24.00000         1751         2044      0.81581 
   73     23.00000         1865         2182      0.81443 
   74     22.00000         1973         2363      0.80581 
   75     21.00000         2063         2498      0.80158 
   76     20.00000         2164         2647      0.79235 
   77     19.00000         2219         2741      0.78790 
   78     18.00000         2274         2831      0.78433 
   79     17.00000         2315         2905      0.77778 
   80     16.00000         2330         2933      0.77522 
   81     15.00000         2344         2934      0.77416 
   82     14.00000         2293         2886      0.75999 
   83     13.00000         2187         2798      0.74062 
   84     12.00000         2137         2701      0.70194 
   85     11.00000         2254         2688      0.67301 
   86     10.00000         2337         2640      0.65501 
   87      9.00000         2339         2525      0.63281 
   88      8.00000         2300         2376      0.60650 
   89      7.00000         2270         2286      0.61062 
   90      6.00000         2280         2356      0.63374 
   91      5.00000         2275         2366      0.65805 
   92      4.00000         2195         2294      0.68612 
   93      3.00000         2121         2184      0.72009 
   94      2.00000         2019         2133      0.76060 
   95      1.00000         1935         2158      0.77303 
   96      0.00000         1880         2222      0.78303 
   97     -1.00000         1857         2286      0.77866 
   98     -2.00000         1906         2362      0.77273 
   99     -3.00000         2268         2592      0.81934 
  100     -4.00000         2451         2753      0.84819 
  101     -5.00000         2571         2886      0.85945 
  102     -6.00000         2645         2921      0.86310 
  103     -7.00000         2702         2930      0.86754 
  104     -8.00000         2825         2967      0.87396 
  105     -9.00000         2938         3048      0.88674 
  106    -10.00000         3053         3121      0.89407 
  107    -11.00000         3119         3166      0.89992 
  108    -12.00000         3165         3221      0.90260 
  109    -13.00000         3252         3271      0.90204 
  110    -14.00000         3332         3312      0.90518 
  111    -15.00000         3389         3354      0.91235 
  112    -16.00000         3377         3333      0.91863 
  113    -17.00000         3370         3296      0.92559 
  114    -18.00000         3330         3246      0.93644 
  115    -19.00000         3287         3239      0.93993 
  116    -20.00000         3252         3255      0.94483 
  117    -21.00000         3130         3175      0.94338 
  118    -22.00000         3036         3127      0.94532 
  119    -23.00000         2976         3026      0.94035 
  120    -24.00000         2948         2905      0.92910 
  121    -25.00000         2900         2773      0.91733 
  122    -26.00000         2789         2608      0.90643 
  123    -27.00000         2707         2467      0.88906 
  124    -28.00000         2699         2569      0.87623 
  125    -29.00000         2720         2648      0.89046 
  126    -30.00000         2662         2612      0.89496 
  127    -31.00000         2459         2418      0.89276 
  128    -32.00000         2194         2172      0.87907 
  129    -33.00000         1863         1852      0.87429 
  130    -34.00000         1878         1835      0.88123 
  131    -35.00000         1915         1840      0.88522 
  132    -36.00000         1873         1763      0.88614 
  133    -37.00000         1849         1729      0.88597 
  134    -38.00000         1844         1744      0.88573 
  135    -39.00000         1807         1727      0.88738 
  136    -40.00000         1773         1722      0.89270 
  137    -41.00000         1688         1674      0.89946 
  138    -42.00000         1590         1633      0.91095 
  139    -43.00000         1509         1599      0.93050 
  140    -44.00000         1469         1563      0.93338 
  141    -45.00000         1416         1533      0.93048 
  142    -46.00000         1337         1479      0.94105 
  143    -47.00000         1252         1399      0.94229 
  144    -48.00000         1140         1284      0.93894 
  145    -49.00000         1053         1192      0.93452 
  146    -50.00000          911         1049      0.92551 
  147    -51.00000          720          860      0.90633 
  148    -52.00000          560          698      0.89030 
  149    -53.00000          398          511      0.87569 
  150    -54.00000          247          327      0.86063 
  151    -55.00000          121          158      0.86738 
  152    -56.00000           42           52      0.89362 
  153    -57.00000           13           13      1.00000 
  154    -58.00000            0            0      0.00000 
  155    -59.00000            0            0      0.00000 
  156    -60.00000            0            0      0.00000 
  157    -61.00000            0            0      0.00000 
  158    -62.00000            0            0      0.00000 
  159    -63.00000            0            0      0.00000 
  160    -64.00000            0            0      0.00000 
  161    -65.00000            0            0      0.00000 
  162    -66.00000            0            0      0.00000 
  163    -67.00000            0            0      0.00000 
  164    -68.00000            0            0      0.00000 
  165    -69.00000            0            0      0.00000 
  166    -70.00000            0            0      0.00000 
  167    -71.00000            0            0      0.00000 
  168    -72.00000            0            0      0.00000 
  169    -73.00000            0            0      0.00000 
  170    -74.00000            0            0      0.00000 
  171    -75.00000            0            0      0.00000 
  172    -76.00000            0            0      0.00000 
  173    -77.00000            0            0      0.00000 
  174    -78.00000            0            0      0.00000 
  175    -79.00000            0            0      0.00000 
  176    -80.00000            0            0      0.00000 
  177    -81.00000            0            0      0.00000 
  178    -82.00000            0            0      0.00000 
  179    -83.00000            0            0      0.00000 
  180    -84.00000            0            0      0.00000 
  181    -85.00000            0            0      0.00000 
  182    -86.00000            0            0      0.00000 
  183    -87.00000            0            0      0.00000 
  184    -88.00000            0            0      0.00000 
  185    -89.00000            0            0      0.00000 
  186    -90.00000            0            0      0.00000 
  187    -91.00000            0            0      0.00000 
  188    -92.00000            0            0      0.00000 
  189    -93.00000            0            0      0.00000 
  190    -94.00000            0            0      0.00000 
  191    -95.00000            0            0      0.00000 
  192    -96.00000            0            0      0.00000 
  193    -97.00000            0            0      0.00000 
  194    -98.00000            0            0      0.00000 
