# 3dSliceNDice -insetA 6m_4min_s1_m2_binary+orig -insetB 6m_4min_s2_m2_binary+orig -prefix 6m_4min_split_m2_binary
    0     96.00000            0            0      0.00000 
    1     95.00000            0            0      0.00000 
    2     94.00000            0            0      0.00000 
    3     93.00000            0            0      0.00000 
    4     92.00000            0            0      0.00000 
    5     91.00000            0            0      0.00000 
    6     90.00000            0            0      0.00000 
    7     89.00000            0            0      0.00000 
    8     88.00000            0            0      0.00000 
    9     87.00000            0            0      0.00000 
   10     86.00000            0            0      0.00000 
   11     85.00000            0            0      0.00000 
   12     84.00000            0            0      0.00000 
   13     83.00000            0            0      0.00000 
   14     82.00000            0            0      0.00000 
   15     81.00000            0            0      0.00000 
   16     80.00000            0            0      0.00000 
   17     79.00000            0            0      0.00000 
   18     78.00000            0            0      0.00000 
   19     77.00000            0            0      0.00000 
   20     76.00000            0            0      0.00000 
   21     75.00000            0            0      0.00000 
   22     74.00000            0            0      0.00000 
   23     73.00000            0            0      0.00000 
   24     72.00000            0            0      0.00000 
   25     71.00000            0            0      0.00000 
   26     70.00000            0            0      0.00000 
   27     69.00000            0            0      0.00000 
   28     68.00000            0            0      0.00000 
   29     67.00000            0            0      0.00000 
   30     66.00000            0            0      0.00000 
   31     65.00000            0            0      0.00000 
   32     64.00000            0            0      0.00000 
   33     63.00000            0            0      0.00000 
   34     62.00000            0            0      0.00000 
   35     61.00000            0            0      0.00000 
   36     60.00000            0            0      0.00000 
   37     59.00000            0            0      0.00000 
   38     58.00000           94          104      0.43434 
   39     57.00000          230          335      0.44956 
   40     56.00000          318          488      0.52854 
   41     55.00000          496          636      0.62898 
   42     54.00000          689          761      0.69103 
   43     53.00000          849          863      0.71495 
   44     52.00000          980          940      0.74583 
   45     51.00000         1063          984      0.76014 
   46     50.00000         1131         1024      0.78144 
   47     49.00000         1152         1043      0.79818 
   48     48.00000         1201         1094      0.81307 
   49     47.00000         1217         1120      0.82499 
   50     46.00000         1194         1106      0.83130 
   51     45.00000         1173         1106      0.83984 
   52     44.00000         1106         1073      0.83066 
   53     43.00000         1055         1053      0.81879 
   54     42.00000          961         1011      0.79412 
   55     41.00000          877          965      0.76873 
   56     40.00000          808          935      0.74010 
   57     39.00000          714          875      0.71114 
   58     38.00000          619          834      0.70062 
   59     37.00000          518          789      0.71614 
   60     36.00000          515          785      0.72154 
   61     35.00000          512          769      0.71819 
   62     34.00000          488          718      0.70315 
   63     33.00000          439          652      0.68194 
   64     32.00000          419          572      0.71847 
   65     31.00000          516          608      0.75267 
   66     30.00000          615          636      0.77538 
   67     29.00000          694          639      0.79970 
   68     28.00000          758          629      0.82913 
   69     27.00000          830          700      0.88889 
   70     26.00000          915          790      0.91965 
   71     25.00000         1007          874      0.92823 
   72     24.00000         1063          924      0.93005 
   73     23.00000         1099          967      0.93611 
   74     22.00000         1163         1032      0.93576 
   75     21.00000         1238         1118      0.92869 
   76     20.00000         1318         1193      0.92234 
   77     19.00000         1395         1263      0.91798 
   78     18.00000         1467         1327      0.91625 
   79     17.00000         1547         1393      0.92653 
   80     16.00000         1601         1452      0.93482 
   81     15.00000         1658         1508      0.93872 
   82     14.00000         1703         1547      0.94215 
   83     13.00000         1728         1562      0.94225 
   84     12.00000         1729         1555      0.94214 
   85     11.00000         1706         1533      0.94535 
   86     10.00000         1690         1528      0.94966 
   87      9.00000         1689         1551      0.95741 
   88      8.00000         1716         1596      0.96377 
   89      7.00000         1757         1663      0.97251 
   90      6.00000         1775         1698      0.97783 
   91      5.00000         1788         1732      0.98409 
   92      4.00000         1759         1719      0.98217 
   93      3.00000         1736         1707      0.98170 
   94      2.00000         1697         1675      0.98043 
   95      1.00000         1664         1643      0.97914 
   96      0.00000         1659         1642      0.97910 
   97     -1.00000         1659         1659      0.98011 
   98     -2.00000         1667         1690      0.97885 
   99     -3.00000         1660         1697      0.98064 
  100     -4.00000         1657         1693      0.98388 
  101     -5.00000         1645         1678      0.98826 
  102     -6.00000         1611         1631      0.99075 
  103     -7.00000         1571         1579      0.99429 
  104     -8.00000         1549         1565      0.98844 
  105     -9.00000         1536         1561      0.98353 
  106    -10.00000         1507         1544      0.97673 
  107    -11.00000         1494         1550      0.96846 
  108    -12.00000         1484         1562      0.96126 
  109    -13.00000         1443         1550      0.95423 
  110    -14.00000         1408         1535      0.94869 
  111    -15.00000         1378         1523      0.94450 
  112    -16.00000         1327         1490      0.93859 
  113    -17.00000         1292         1481      0.92824 
  114    -18.00000         1250         1473      0.91076 
  115    -19.00000         1210         1496      0.88470 
  116    -20.00000         1172         1511      0.86098 
  117    -21.00000         1126         1501      0.84203 
  118    -22.00000         1075         1486      0.81999 
  119    -23.00000         1018         1504      0.78668 
  120    -24.00000          981         1528      0.76126 
  121    -25.00000          932         1533      0.73266 
  122    -26.00000          862         1493      0.70573 
  123    -27.00000          773         1433      0.67815 
  124    -28.00000          816         1360      0.68474 
  125    -29.00000          945         1317      0.68966 
  126    -30.00000         1028         1277      0.68113 
  127    -31.00000         1058         1190      0.67171 
  128    -32.00000         1090         1131      0.66366 
  129    -33.00000         1140         1057      0.66090 
  130    -34.00000         1129          978      0.65591 
  131    -35.00000         1132          915      0.65364 
  132    -36.00000         1072          814      0.62884 
  133    -37.00000         1018          715      0.61166 
  134    -38.00000         1008          678      0.59312 
  135    -39.00000         1014          685      0.60153 
  136    -40.00000         1021          703      0.62181 
  137    -41.00000         1014          715      0.63968 
  138    -42.00000         1019          756      0.66028 
  139    -43.00000          980          787      0.67685 
  140    -44.00000          923          785      0.68267 
  141    -45.00000          865          783      0.70146 
  142    -46.00000          786          740      0.73001 
  143    -47.00000          708          702      0.75035 
  144    -48.00000          628          625      0.76297 
  145    -49.00000          589          537      0.72647 
  146    -50.00000          552          435      0.67275 
  147    -51.00000          492          301      0.56747 
  148    -52.00000          454          162      0.36688 
  149    -53.00000          385           64      0.12918 
  150    -54.00000          305           40      0.08116 
  151    -55.00000          213            7      0.00000 
  152    -56.00000          167            0      0.00000 
  153    -57.00000           90            0      0.00000 
  154    -58.00000            1            0      0.00000 
  155    -59.00000            0            0      0.00000 
  156    -60.00000            0            0      0.00000 
  157    -61.00000            0            0      0.00000 
  158    -62.00000            0            0      0.00000 
  159    -63.00000            0            0      0.00000 
  160    -64.00000            0            0      0.00000 
  161    -65.00000            0            0      0.00000 
  162    -66.00000            0            0      0.00000 
  163    -67.00000            0            0      0.00000 
  164    -68.00000            0            0      0.00000 
  165    -69.00000            0            0      0.00000 
  166    -70.00000            0            0      0.00000 
  167    -71.00000            0            0      0.00000 
  168    -72.00000            0            0      0.00000 
  169    -73.00000            0            0      0.00000 
  170    -74.00000            0            0      0.00000 
  171    -75.00000            0            0      0.00000 
  172    -76.00000            0            0      0.00000 
  173    -77.00000            0            0      0.00000 
  174    -78.00000            0            0      0.00000 
  175    -79.00000            0            0      0.00000 
  176    -80.00000            0            0      0.00000 
  177    -81.00000            0            0      0.00000 
  178    -82.00000            0            0      0.00000 
  179    -83.00000            0            0      0.00000 
  180    -84.00000            0            0      0.00000 
  181    -85.00000            0            0      0.00000 
  182    -86.00000            0            0      0.00000 
  183    -87.00000            0            0      0.00000 
  184    -88.00000            0            0      0.00000 
  185    -89.00000            0            0      0.00000 
  186    -90.00000            0            0      0.00000 
  187    -91.00000            0            0      0.00000 
  188    -92.00000            0            0      0.00000 
  189    -93.00000            0            0      0.00000 
  190    -94.00000            0            0      0.00000 
  191    -95.00000            0            0      0.00000 
  192    -96.00000            0            0      0.00000 
  193    -97.00000            0            0      0.00000 
  194    -98.00000            0            0      0.00000 
