# 3dSliceNDice -insetA 6m_4min_s1_m1_binary+orig -insetB 6m_4min_s2_m1_binary+orig -prefix 6m_4min_split_m1_binary
    0    134.00000            0            0      0.00000 
    1    133.00000            0            0      0.00000 
    2    132.00000            0            0      0.00000 
    3    131.00000            0            0      0.00000 
    4    130.00000            0            0      0.00000 
    5    129.00000            0            0      0.00000 
    6    128.00000            0            0      0.00000 
    7    127.00000            0            0      0.00000 
    8    126.00000            0            0      0.00000 
    9    125.00000            0            0      0.00000 
   10    124.00000            0            0      0.00000 
   11    123.00000            0            0      0.00000 
   12    122.00000            0            0      0.00000 
   13    121.00000            0            0      0.00000 
   14    120.00000            0            0      0.00000 
   15    119.00000            0            0      0.00000 
   16    118.00000            0            0      0.00000 
   17    117.00000            0            0      0.00000 
   18    116.00000            0            0      0.00000 
   19    115.00000            0            0      0.00000 
   20    114.00000            0            0      0.00000 
   21    113.00000            0            0      0.00000 
   22    112.00000            0            0      0.00000 
   23    111.00000            0            0      0.00000 
   24    110.00000            0            0      0.00000 
   25    109.00000            0            0      0.00000 
   26    108.00000            0            0      0.00000 
   27    107.00000            0            0      0.00000 
   28    106.00000            0            0      0.00000 
   29    105.00000            0            0      0.00000 
   30    104.00000            0            0      0.00000 
   31    103.00000            0            0      0.00000 
   32    102.00000            0            0      0.00000 
   33    101.00000            0            0      0.00000 
   34    100.00000            0            0      0.00000 
   35     99.00000            0            0      0.00000 
   36     98.00000            0            0      0.00000 
   37     97.00000            0            0      0.00000 
   38     96.00000            0            0      0.00000 
   39     95.00000            0            0      0.00000 
   40     94.00000            0            0      0.00000 
   41     93.00000            0            0      0.00000 
   42     92.00000            0            0      0.00000 
   43     91.00000            0            0      0.00000 
   44     90.00000            0            0      0.00000 
   45     89.00000            0            0      0.00000 
   46     88.00000            0            0      0.00000 
   47     87.00000            0            0      0.00000 
   48     86.00000            0            0      0.00000 
   49     85.00000            0            0      0.00000 
   50     84.00000           27            6      0.36364 
   51     83.00000          194          139      0.83483 
   52     82.00000          385          301      0.87755 
   53     81.00000          562          460      0.90020 
   54     80.00000          757          628      0.90686 
   55     79.00000          915          766      0.91136 
   56     78.00000         1048          884      0.91511 
   57     77.00000         1166          988      0.91086 
   58     76.00000         1267         1129      0.90401 
   59     75.00000         1356         1249      0.90134 
   60     74.00000         1429         1362      0.89144 
   61     73.00000         1502         1457      0.88408 
   62     72.00000         1560         1579      0.87034 
   63     71.00000         1618         1718      0.84293 
   64     70.00000         1762         1887      0.83146 
   65     69.00000         1821         1975      0.81770 
   66     68.00000         1824         2024      0.81601 
   67     67.00000         1819         2083      0.81599 
   68     66.00000         1903         2194      0.80644 
   69     65.00000         2001         2312      0.79712 
   70     64.00000         2045         2365      0.78050 
   71     63.00000         2094         2413      0.76459 
   72     62.00000         2131         2417      0.75242 
   73     61.00000         2206         2408      0.74599 
   74     60.00000         2250         2370      0.73506 
   75     59.00000         2233         2273      0.73103 
   76     58.00000         2225         2194      0.72686 
   77     57.00000         2480         2388      0.75185 
   78     56.00000         2729         2625      0.76167 
   79     55.00000         2895         2766      0.77513 
   80     54.00000         2988         2826      0.78810 
   81     53.00000         3056         2865      0.80797 
   82     52.00000         3142         2983      0.84604 
   83     51.00000         3216         3090      0.86267 
   84     50.00000         3301         3193      0.87281 
   85     49.00000         3265         3200      0.88353 
   86     48.00000         3180         3205      0.88739 
   87     47.00000         3123         3203      0.89187 
   88     46.00000         3200         3253      0.89478 
   89     45.00000         3253         3288      0.89772 
   90     44.00000         3260         3276      0.89718 
   91     43.00000         3217         3212      0.89501 
   92     42.00000         3127         3136      0.90180 
   93     41.00000         3144         3207      0.90537 
   94     40.00000         3187         3312      0.90568 
   95     39.00000         3152         3351      0.90174 
   96     38.00000         3107         3407      0.88855 
   97     37.00000         3171         3500      0.89312 
   98     36.00000         3220         3509      0.90207 
   99     35.00000         3244         3492      0.91093 
  100     34.00000         3185         3369      0.91791 
  101     33.00000         3153         3233      0.93079 
  102     32.00000         3107         3125      0.93967 
  103     31.00000         3097         3089      0.94019 
  104     30.00000         3075         3052      0.94239 
  105     29.00000         3016         2969      0.93801 
  106     28.00000         2935         2874      0.93372 
  107     27.00000         2829         2775      0.92434 
  108     26.00000         2736         2708      0.91734 
  109     25.00000         2637         2641      0.90944 
  110     24.00000         2480         2522      0.90244 
  111     23.00000         2341         2413      0.89861 
  112     22.00000         2191         2295      0.89122 
  113     21.00000         2027         2158      0.88268 
  114     20.00000         1827         1990      0.86717 
  115     19.00000         1595         1783      0.84784 
  116     18.00000         1386         1591      0.82096 
  117     17.00000         1183         1363      0.80283 
  118     16.00000         1088         1237      0.79914 
  119     15.00000          991         1095      0.79291 
  120     14.00000          868          927      0.78997 
  121     13.00000          713          681      0.80488 
  122     12.00000          499          385      0.85520 
  123     11.00000          450          337      0.84625 
  124     10.00000          394          281      0.82963 
  125      9.00000          305          199      0.78968 
  126      8.00000          225          133      0.74302 
  127      7.00000           68           28      0.58333 
  128      6.00000           32           14      0.60870 
  129      5.00000           18            8      0.61538 
  130      4.00000            2            0      0.00000 
  131      3.00000            0            0      0.00000 
  132      2.00000            0            0      0.00000 
  133      1.00000            0            0      0.00000 
  134      0.00000            0            0      0.00000 
  135     -1.00000            0            0      0.00000 
  136     -2.00000            0            0      0.00000 
  137     -3.00000          144          180      0.59259 
  138     -4.00000          282          389      0.67362 
  139     -5.00000          382          523      0.69392 
  140     -6.00000          456          617      0.70457 
  141     -7.00000          516          695      0.71676 
  142     -8.00000          613          808      0.73751 
  143     -9.00000          678          899      0.76601 
  144    -10.00000          752         1000      0.77740 
  145    -11.00000          789         1060      0.78204 
  146    -12.00000          823         1114      0.78678 
  147    -13.00000          898         1198      0.80057 
  148    -14.00000          950         1273      0.78632 
  149    -15.00000         1008         1345      0.77943 
  150    -16.00000         1033         1368      0.77218 
  151    -17.00000         1060         1400      0.76911 
  152    -18.00000         1075         1444      0.76538 
  153    -19.00000         1075         1483      0.76857 
  154    -20.00000         1086         1524      0.76552 
  155    -21.00000         1078         1521      0.75568 
  156    -22.00000         1076         1528      0.74270 
  157    -23.00000         1056         1498      0.72435 
  158    -24.00000         1038         1458      0.71955 
  159    -25.00000         1022         1418      0.71230 
  160    -26.00000          965         1324      0.68938 
  161    -27.00000          918         1191      0.66003 
  162    -28.00000          912         1066      0.65319 
  163    -29.00000          960         1162      0.69086 
  164    -30.00000          994         1270      0.72085 
  165    -31.00000          968         1349      0.73716 
  166    -32.00000          938         1413      0.74777 
  167    -33.00000          932         1467      0.76198 
  168    -34.00000          953         1473      0.77082 
  169    -35.00000          975         1512      0.77443 
  170    -36.00000          941         1507      0.76225 
  171    -37.00000          863         1515      0.72582 
  172    -38.00000          800         1510      0.69264 
  173    -39.00000          805         1481      0.70429 
  174    -40.00000          835         1462      0.72704 
  175    -41.00000          848         1390      0.74263 
  176    -42.00000          865         1313      0.76033 
  177    -43.00000          872         1231      0.77603 
  178    -44.00000          856         1171      0.77849 
  179    -45.00000          831         1106      0.77749 
  180    -46.00000          779         1019      0.77531 
  181    -47.00000          752          954      0.78195 
  182    -48.00000          702          866      0.81760 
  183    -49.00000          642          793      0.84739 
  184    -50.00000          560          699      0.87530 
  185    -51.00000          501          616      0.89705 
  186    -52.00000          446          530      0.91393 
  187    -53.00000          358          424      0.91560 
  188    -54.00000          263          318      0.90534 
  189    -55.00000          205          241      0.91928 
  190    -56.00000          140          166      0.91503 
  191    -57.00000           83          109      0.86458 
  192    -58.00000           12           35      0.51064 
  193    -59.00000            0            0      0.00000 
  194    -60.00000            0            0      0.00000 
  195    -61.00000            0            0      0.00000 
  196    -62.00000            0            0      0.00000 
  197    -63.00000            0            0      0.00000 
  198    -64.00000            0            0      0.00000 
  199    -65.00000            0            0      0.00000 
  200    -66.00000            0            0      0.00000 
  201    -67.00000            0            0      0.00000 
  202    -68.00000            0            0      0.00000 
  203    -69.00000            0            0      0.00000 
  204    -70.00000            0            0      0.00000 
  205    -71.00000            0            0      0.00000 
  206    -72.00000            0            0      0.00000 
  207    -73.00000            0            0      0.00000 
  208    -74.00000            0            0      0.00000 
  209    -75.00000            0            0      0.00000 
  210    -76.00000            0            0      0.00000 
  211    -77.00000            0            0      0.00000 
  212    -78.00000            0            0      0.00000 
  213    -79.00000            0            0      0.00000 
  214    -80.00000            0            0      0.00000 
  215    -81.00000            0            0      0.00000 
  216    -82.00000            0            0      0.00000 
  217    -83.00000            0            0      0.00000 
  218    -84.00000            0            0      0.00000 
  219    -85.00000            0            0      0.00000 
  220    -86.00000            0            0      0.00000 
  221    -87.00000            0            0      0.00000 
  222    -88.00000            0            0      0.00000 
  223    -89.00000            0            0      0.00000 
  224    -90.00000            0            0      0.00000 
  225    -91.00000            0            0      0.00000 
  226    -92.00000            0            0      0.00000 
  227    -93.00000            0            0      0.00000 
  228    -94.00000            0            0      0.00000 
  229    -95.00000            0            0      0.00000 
  230    -96.00000            0            0      0.00000 
  231    -97.00000            0            0      0.00000 
  232    -98.00000            0            0      0.00000 
