# 3dSliceNDice -insetA 6m_4min_s1_m4_binary+orig -insetB 6m_4min_s2_m4_binary+orig -prefix 6m_4min_split_m4_binary
    0    -72.00000            0            0      0.00000 
    1    -71.00000            0            0      0.00000 
    2    -70.00000            0            0      0.00000 
    3    -69.00000            0            0      0.00000 
    4    -68.00000            0            0      0.00000 
    5    -67.00000            0            0      0.00000 
    6    -66.00000            0            0      0.00000 
    7    -65.00000            0            0      0.00000 
    8    -64.00000            0            0      0.00000 
    9    -63.00000            0            0      0.00000 
   10    -62.00000            0            0      0.00000 
   11    -61.00000            0            0      0.00000 
   12    -60.00000            0            0      0.00000 
   13    -59.00000            0            0      0.00000 
   14    -58.00000            0            0      0.00000 
   15    -57.00000            0            0      0.00000 
   16    -56.00000            0            0      0.00000 
   17    -55.00000            0            0      0.00000 
   18    -54.00000            0            0      0.00000 
   19    -53.00000            0            0      0.00000 
   20    -52.00000            0            0      0.00000 
   21    -51.00000            0            1      0.00000 
   22    -50.00000            0           34      0.00000 
   23    -49.00000            0           76      0.00000 
   24    -48.00000            0          156      0.00000 
   25    -47.00000            4          191      0.00000 
   26    -46.00000           32          225      0.00000 
   27    -45.00000           56          256      0.00000 
   28    -44.00000           85          260      0.00000 
   29    -43.00000          123          255      0.00000 
   30    -42.00000          159          216      0.00000 
   31    -41.00000          181          180      0.00000 
   32    -40.00000          206          140      0.00000 
   33    -39.00000          235           88      0.00000 
   34    -38.00000          256           32      0.00000 
   35    -37.00000          301           53      0.22599 
   36    -36.00000          388          135      0.47419 
   37    -35.00000          456          209      0.57744 
   38    -34.00000          509          277      0.64122 
   39    -33.00000          559          338      0.69788 
   40    -32.00000          848          679      0.83170 
   41    -31.00000         1067          931      0.88789 
   42    -30.00000         1241         1153      0.91980 
   43    -29.00000         1382         1412      0.92627 
   44    -28.00000         1482         1592      0.94340 
   45    -27.00000         1613         1768      0.95416 
   46    -26.00000         1737         1886      0.95887 
   47    -25.00000         1918         2058      0.96479 
   48    -24.00000         2049         2186      0.96765 
   49    -23.00000         2177         2315      0.96928 
   50    -22.00000         2385         2520      0.97248 
   51    -21.00000         2576         2715      0.97373 
   52    -20.00000         2795         2932      0.97608 
   53    -19.00000         2943         3098      0.97202 
   54    -18.00000         3070         3202      0.96620 
   55    -17.00000         3155         3245      0.95656 
   56    -16.00000         3180         3242      0.94986 
   57    -15.00000         3205         3230      0.93271 
   58    -14.00000         3187         3186      0.90413 
   59    -13.00000         3144         3174      0.87528 
   60    -12.00000         2986         3068      0.85365 
   61    -11.00000         2851         2967      0.84531 
   62    -10.00000         2671         2831      0.83206 
   63     -9.00000         2415         2609      0.81967 
   64     -8.00000         2083         2321      0.79473 
   65     -7.00000         1639         1891      0.74958 
   66     -6.00000         1555         1823      0.75666 
   67     -5.00000         1451         1737      0.76851 
   68     -4.00000         1312         1587      0.78372 
   69     -3.00000         1146         1421      0.81028 
   70     -2.00000         1080         1190      0.83789 
   71     -1.00000         1136         1094      0.82870 
   72      0.00000         1171          990      0.81721 
   73      1.00000         1158          845      0.79181 
   74      2.00000         1149          685      0.73719 
   75      3.00000         1094          614      0.66628 
   76      4.00000         1033          651      0.62589 
   77      5.00000          970          678      0.58252 
   78      6.00000          857          666      0.54760 
   79      7.00000          707          648      0.50037 
   80      8.00000          922          927      0.45430 
   81      9.00000         1187         1184      0.48418 
   82     10.00000         1376         1365      0.50857 
   83     11.00000         1478         1472      0.52203 
   84     12.00000         1535         1531      0.52381 
   85     13.00000         1710         1680      0.60531 
   86     14.00000         1930         1808      0.66720 
   87     15.00000         2136         1927      0.70047 
   88     16.00000         2235         1950      0.73118 
   89     17.00000         2306         1971      0.75941 
   90     18.00000         2421         2052      0.78873 
   91     19.00000         2525         2109      0.79197 
   92     20.00000         2643         2166      0.79518 
   93     21.00000         2672         2180      0.79802 
   94     22.00000         2709         2176      0.80082 
   95     23.00000         2697         2171      0.79951 
   96     24.00000         2663         2154      0.79593 
   97     25.00000         2631         2134      0.79412 
   98     26.00000         2525         2105      0.79870 
   99     27.00000         2390         2067      0.80503 
  100     28.00000         2339         2050      0.81203 
  101     29.00000         2417         2079      0.81406 
  102     30.00000         2520         2162      0.81076 
  103     31.00000         2593         2215      0.80948 
  104     32.00000         2650         2277      0.80495 
  105     33.00000         2727         2339      0.80340 
  106     34.00000         2779         2365      0.81143 
  107     35.00000         2882         2434      0.82844 
  108     36.00000         2948         2456      0.84456 
  109     37.00000         3001         2468      0.86231 
  110     38.00000         3051         2484      0.87949 
  111     39.00000         3036         2484      0.88551 
  112     40.00000         3052         2509      0.89660 
  113     41.00000         2995         2519      0.89917 
  114     42.00000         2958         2538      0.90247 
  115     43.00000         2842         2518      0.90821 
  116     44.00000         2681         2426      0.91286 
  117     45.00000         2549         2354      0.91536 
  118     46.00000         2394         2270      0.92024 
  119     47.00000         2239         2182      0.92739 
  120     48.00000         2080         2013      0.93183 
  121     49.00000         1949         1833      0.93337 
  122     50.00000         1851         1712      0.93461 
  123     51.00000         1748         1632      0.93609 
  124     52.00000         1604         1550      0.95244 
  125     53.00000         1426         1453      0.97325 
  126     54.00000         1213         1248      0.98578 
  127     55.00000          985          998      0.99344 
  128     56.00000          617          618      0.99919 
  129     57.00000          300          300      1.00000 
  130     58.00000           66           66      1.00000 
  131     59.00000            0            0      0.00000 
  132     60.00000            0            0      0.00000 
  133     61.00000            0            0      0.00000 
  134     62.00000            0            0      0.00000 
  135     63.00000            0            0      0.00000 
  136     64.00000            0            0      0.00000 
  137     65.00000            0            0      0.00000 
  138     66.00000            0            0      0.00000 
  139     67.00000            0            0      0.00000 
  140     68.00000            0            0      0.00000 
  141     69.00000            0            0      0.00000 
  142     70.00000            0            0      0.00000 
  143     71.00000            0            0      0.00000 
  144     72.00000            0            0      0.00000 
  145     73.00000            0            0      0.00000 
  146     74.00000            0            0      0.00000 
  147     75.00000            0            0      0.00000 
  148     76.00000            0            0      0.00000 
  149     77.00000            0            0      0.00000 
  150     78.00000            0            0      0.00000 
  151     79.00000            0            0      0.00000 
  152     80.00000            0            0      0.00000 
  153     81.00000            0            0      0.00000 
  154     82.00000            0            0      0.00000 
  155     83.00000            0            0      0.00000 
  156     84.00000            0            0      0.00000 
  157     85.00000            0            0      0.00000 
  158     86.00000            0            0      0.00000 
