# 3dSliceNDice -insetA 6m_4min_s1_m5_binary+orig -insetB 6m_4min_s2_m5_binary+orig -prefix 6m_4min_split_m5_binary
    0     96.00000            0            0      0.00000 
    1     95.00000            0            0      0.00000 
    2     94.00000            0            0      0.00000 
    3     93.00000            0            0      0.00000 
    4     92.00000            0            0      0.00000 
    5     91.00000            0            0      0.00000 
    6     90.00000            0            0      0.00000 
    7     89.00000            0            0      0.00000 
    8     88.00000            0            0      0.00000 
    9     87.00000            0            0      0.00000 
   10     86.00000            0            0      0.00000 
   11     85.00000            0            0      0.00000 
   12     84.00000            0            0      0.00000 
   13     83.00000            0            0      0.00000 
   14     82.00000            0            0      0.00000 
   15     81.00000            0            0      0.00000 
   16     80.00000            0            0      0.00000 
   17     79.00000            0            0      0.00000 
   18     78.00000            0            0      0.00000 
   19     77.00000            0            0      0.00000 
   20     76.00000            0            0      0.00000 
   21     75.00000            0            0      0.00000 
   22     74.00000            0            0      0.00000 
   23     73.00000            0            0      0.00000 
   24     72.00000            0            0      0.00000 
   25     71.00000            0            0      0.00000 
   26     70.00000            0            0      0.00000 
   27     69.00000            0            0      0.00000 
   28     68.00000            0            0      0.00000 
   29     67.00000            0            0      0.00000 
   30     66.00000            0            0      0.00000 
   31     65.00000            0            0      0.00000 
   32     64.00000            0            0      0.00000 
   33     63.00000            0            0      0.00000 
   34     62.00000            0            0      0.00000 
   35     61.00000            0            0      0.00000 
   36     60.00000            0            0      0.00000 
   37     59.00000            0            0      0.00000 
   38     58.00000            0            0      0.00000 
   39     57.00000            0            0      0.00000 
   40     56.00000            0            0      0.00000 
   41     55.00000            0            0      0.00000 
   42     54.00000            0            0      0.00000 
   43     53.00000            0            0      0.00000 
   44     52.00000            0            0      0.00000 
   45     51.00000            0            0      0.00000 
   46     50.00000            0            0      0.00000 
   47     49.00000            0            0      0.00000 
   48     48.00000            0            0      0.00000 
   49     47.00000            0            0      0.00000 
   50     46.00000            0            0      0.00000 
   51     45.00000            0            0      0.00000 
   52     44.00000            0            0      0.00000 
   53     43.00000            0            0      0.00000 
   54     42.00000            0            0      0.00000 
   55     41.00000            0            0      0.00000 
   56     40.00000            0            0      0.00000 
   57     39.00000            0            0      0.00000 
   58     38.00000            0            0      0.00000 
   59     37.00000           21            0      0.00000 
   60     36.00000           63            0      0.00000 
   61     35.00000          108            0      0.00000 
   62     34.00000          149            0      0.00000 
   63     33.00000          198            0      0.00000 
   64     32.00000          300           92      0.32653 
   65     31.00000          427          216      0.51633 
   66     30.00000          546          325      0.59931 
   67     29.00000          643          408      0.63559 
   68     28.00000          722          480      0.66556 
   69     27.00000          886          656      0.70558 
   70     26.00000         1030          799      0.73045 
   71     25.00000         1182          933      0.74515 
   72     24.00000         1286         1028      0.75972 
   73     23.00000         1375         1114      0.77300 
   74     22.00000         1518         1228      0.80918 
   75     21.00000         1644         1326      0.84108 
   76     20.00000         1776         1459      0.86553 
   77     19.00000         1875         1570      0.88418 
   78     18.00000         1963         1668      0.89617 
   79     17.00000         2445         2231      0.89735 
   80     16.00000         2734         2580      0.89612 
   81     15.00000         2982         2894      0.90538 
   82     14.00000         3159         3103      0.90802 
   83     13.00000         3304         3266      0.91050 
   84     12.00000         3696         3551      0.92756 
   85     11.00000         3983         3796      0.93380 
   86     10.00000         4186         3981      0.93547 
   87      9.00000         4313         4081      0.93614 
   88      8.00000         4424         4166      0.93667 
   89      7.00000         4579         4257      0.93413 
   90      6.00000         4649         4282      0.92733 
   91      5.00000         4705         4321      0.92599 
   92      4.00000         4682         4309      0.92537 
   93      3.00000         4635         4294      0.92687 
   94      2.00000         4531         4230      0.92820 
   95      1.00000         4351         4100      0.93007 
   96      0.00000         4209         4028      0.93189 
   97     -1.00000         4156         4022      0.93201 
   98     -2.00000         4220         4097      0.92678 
   99     -3.00000         4200         4098      0.92215 
  100     -4.00000         4146         4060      0.91592 
  101     -5.00000         4033         3975      0.90759 
  102     -6.00000         3814         3808      0.90422 
  103     -7.00000         3531         3627      0.89662 
  104     -8.00000         3147         3326      0.88707 
  105     -9.00000         2965         3199      0.88676 
  106    -10.00000         2714         3002      0.88663 
  107    -11.00000         2386         2715      0.88924 
  108    -12.00000         2022         2324      0.90382 
  109    -13.00000         1648         1849      0.92251 
  110    -14.00000         1617         1905      0.89835 
  111    -15.00000         1573         1895      0.88870 
  112    -16.00000         1469         1818      0.87679 
  113    -17.00000         1285         1725      0.84120 
  114    -18.00000          953         1674      0.72554 
  115    -19.00000          965         1645      0.73946 
  116    -20.00000          979         1634      0.74856 
  117    -21.00000          972         1564      0.76183 
  118    -22.00000          973         1470      0.78428 
  119    -23.00000          971         1479      0.77469 
  120    -24.00000          952         1545      0.73769 
  121    -25.00000          935         1592      0.70914 
  122    -26.00000          889         1578      0.68829 
  123    -27.00000          856         1565      0.66997 
  124    -28.00000          792         1513      0.64729 
  125    -29.00000          727         1434      0.62841 
  126    -30.00000          656         1338      0.60381 
  127    -31.00000          561         1184      0.58223 
  128    -32.00000          495         1036      0.54213 
  129    -33.00000          421          861      0.46958 
  130    -34.00000          344          769      0.46181 
  131    -35.00000          264          672      0.44444 
  132    -36.00000          174          551      0.40552 
  133    -37.00000           72          422      0.26721 
  134    -38.00000            0          289      0.00000 
  135    -39.00000            0          218      0.00000 
  136    -40.00000            0          133      0.00000 
  137    -41.00000            0           67      0.00000 
  138    -42.00000            0           24      0.00000 
  139    -43.00000            0            0      0.00000 
  140    -44.00000            0            0      0.00000 
  141    -45.00000            0            0      0.00000 
  142    -46.00000            0            0      0.00000 
  143    -47.00000            0            0      0.00000 
  144    -48.00000            0            0      0.00000 
  145    -49.00000            0            0      0.00000 
  146    -50.00000            0            0      0.00000 
  147    -51.00000            0            0      0.00000 
  148    -52.00000            0            0      0.00000 
  149    -53.00000            0            0      0.00000 
  150    -54.00000            0            0      0.00000 
  151    -55.00000            0            0      0.00000 
  152    -56.00000            0            0      0.00000 
  153    -57.00000            0            0      0.00000 
  154    -58.00000            0            0      0.00000 
  155    -59.00000            0            0      0.00000 
  156    -60.00000            0            0      0.00000 
  157    -61.00000            0            0      0.00000 
  158    -62.00000            0            0      0.00000 
  159    -63.00000            0            0      0.00000 
  160    -64.00000            0            0      0.00000 
  161    -65.00000            0            0      0.00000 
  162    -66.00000            0            0      0.00000 
  163    -67.00000            0            0      0.00000 
  164    -68.00000            0            0      0.00000 
  165    -69.00000            0            0      0.00000 
  166    -70.00000            0            0      0.00000 
  167    -71.00000            0            0      0.00000 
  168    -72.00000            0            0      0.00000 
  169    -73.00000            0            0      0.00000 
  170    -74.00000            0            0      0.00000 
  171    -75.00000            0            0      0.00000 
  172    -76.00000            0            0      0.00000 
  173    -77.00000            0            0      0.00000 
  174    -78.00000            0            0      0.00000 
  175    -79.00000            0            0      0.00000 
  176    -80.00000            0            0      0.00000 
  177    -81.00000            0            0      0.00000 
  178    -82.00000            0            0      0.00000 
  179    -83.00000            0            0      0.00000 
  180    -84.00000            0            0      0.00000 
  181    -85.00000            0            0      0.00000 
  182    -86.00000            0            0      0.00000 
  183    -87.00000            0            0      0.00000 
  184    -88.00000            0            0      0.00000 
  185    -89.00000            0            0      0.00000 
  186    -90.00000            0            0      0.00000 
  187    -91.00000            0            0      0.00000 
  188    -92.00000            0            0      0.00000 
  189    -93.00000            0            0      0.00000 
  190    -94.00000            0            0      0.00000 
  191    -95.00000            0            0      0.00000 
  192    -96.00000            0            0      0.00000 
  193    -97.00000            0            0      0.00000 
  194    -98.00000            0            0      0.00000 
