# 3dSliceNDice -insetA 6m_4min_s1_m4_binary+orig -insetB 6m_4min_s2_m4_binary+orig -prefix 6m_4min_split_m4_binary
    0    134.00000            0            0      0.00000 
    1    133.00000            0            0      0.00000 
    2    132.00000            0            0      0.00000 
    3    131.00000            0            0      0.00000 
    4    130.00000            0            0      0.00000 
    5    129.00000            0            0      0.00000 
    6    128.00000            0            0      0.00000 
    7    127.00000            0            0      0.00000 
    8    126.00000            0            0      0.00000 
    9    125.00000            0            0      0.00000 
   10    124.00000            0            0      0.00000 
   11    123.00000            0            0      0.00000 
   12    122.00000            0            0      0.00000 
   13    121.00000            0            0      0.00000 
   14    120.00000            0            0      0.00000 
   15    119.00000            0            0      0.00000 
   16    118.00000            0            0      0.00000 
   17    117.00000            0            0      0.00000 
   18    116.00000            0            0      0.00000 
   19    115.00000            0            0      0.00000 
   20    114.00000            0            0      0.00000 
   21    113.00000            0            0      0.00000 
   22    112.00000            0            0      0.00000 
   23    111.00000            0            0      0.00000 
   24    110.00000            0            0      0.00000 
   25    109.00000            0            0      0.00000 
   26    108.00000            0            0      0.00000 
   27    107.00000            0            0      0.00000 
   28    106.00000            0            0      0.00000 
   29    105.00000            0            0      0.00000 
   30    104.00000            0            0      0.00000 
   31    103.00000            0            0      0.00000 
   32    102.00000            0            0      0.00000 
   33    101.00000            0            0      0.00000 
   34    100.00000            0            0      0.00000 
   35     99.00000            0            0      0.00000 
   36     98.00000            0            0      0.00000 
   37     97.00000            0            0      0.00000 
   38     96.00000            0            0      0.00000 
   39     95.00000            0            0      0.00000 
   40     94.00000            0            0      0.00000 
   41     93.00000            0            0      0.00000 
   42     92.00000            0            0      0.00000 
   43     91.00000            0            0      0.00000 
   44     90.00000            0            0      0.00000 
   45     89.00000            0            0      0.00000 
   46     88.00000            0            0      0.00000 
   47     87.00000            0            0      0.00000 
   48     86.00000            0            0      0.00000 
   49     85.00000            0            0      0.00000 
   50     84.00000            6            6      1.00000 
   51     83.00000          122          139      0.93487 
   52     82.00000          244          301      0.89541 
   53     81.00000          361          471      0.86779 
   54     80.00000          512          684      0.83779 
   55     79.00000          651          883      0.82660 
   56     78.00000          782         1069      0.82442 
   57     77.00000          906         1229      0.82436 
   58     76.00000         1017         1363      0.83277 
   59     75.00000         1091         1454      0.83694 
   60     74.00000         1138         1506      0.83812 
   61     73.00000         1175         1539      0.84304 
   62     72.00000         1207         1561      0.84538 
   63     71.00000         1304         1608      0.84753 
   64     70.00000         1474         1717      0.85240 
   65     69.00000         1590         1752      0.86056 
   66     68.00000         1699         1757      0.87558 
   67     67.00000         1815         1766      0.88355 
   68     66.00000         1932         1816      0.88207 
   69     65.00000         2023         1824      0.87913 
   70     64.00000         2057         1791      0.87630 
   71     63.00000         2098         1721      0.86724 
   72     62.00000         2126         1655      0.85533 
   73     61.00000         2176         1618      0.83553 
   74     60.00000         2214         1578      0.81276 
   75     59.00000         2181         1508      0.78883 
   76     58.00000         2134         1430      0.76543 
   77     57.00000         2056         1396      0.73117 
   78     56.00000         2124         1440      0.71437 
   79     55.00000         2167         1484      0.71159 
   80     54.00000         2141         1480      0.70643 
   81     53.00000         2068         1475      0.68868 
   82     52.00000         2062         1508      0.68796 
   83     51.00000         2122         1586      0.70065 
   84     50.00000         2166         1649      0.71612 
   85     49.00000         2134         1659      0.72871 
   86     48.00000         2073         1654      0.73518 
   87     47.00000         2051         1752      0.74678 
   88     46.00000         2132         1873      0.77154 
   89     45.00000         2184         1976      0.79231 
   90     44.00000         2162         2010      0.81496 
   91     43.00000         2139         2032      0.83913 
   92     42.00000         2081         2029      0.85499 
   93     41.00000         2071         2071      0.85949 
   94     40.00000         2054         2110      0.86984 
   95     39.00000         1991         2106      0.88699 
   96     38.00000         1894         2082      0.91046 
   97     37.00000         2075         2273      0.89190 
   98     36.00000         2323         2472      0.85506 
   99     35.00000         2536         2627      0.84060 
  100     34.00000         2686         2741      0.83140 
  101     33.00000         2823         2837      0.82721 
  102     32.00000         2985         2930      0.83449 
  103     31.00000         3092         3021      0.85261 
  104     30.00000         3228         3125      0.85881 
  105     29.00000         3294         3207      0.86756 
  106     28.00000         3357         3305      0.87631 
  107     27.00000         3395         3394      0.88614 
  108     26.00000         3384         3423      0.88997 
  109     25.00000         3393         3459      0.89959 
  110     24.00000         3312         3414      0.90514 
  111     23.00000         3253         3391      0.90608 
  112     22.00000         3137         3308      0.91171 
  113     21.00000         3008         3211      0.91751 
  114     20.00000         2847         3070      0.92648 
  115     19.00000         2637         2872      0.92939 
  116     18.00000         2481         2697      0.93241 
  117     17.00000         2293         2450      0.94371 
  118     16.00000         2172         2348      0.94115 
  119     15.00000         2015         2203      0.93789 
  120     14.00000         1844         2034      0.93811 
  121     13.00000         1616         1763      0.94229 
  122     12.00000         1420         1458      0.98680 
  123     11.00000         1400         1440      0.98592 
  124     10.00000         1380         1402      0.98347 
  125      9.00000         1370         1341      0.96938 
  126      8.00000         1364         1316      0.95821 
  127      7.00000         1352         1247      0.93882 
  128      6.00000         1347         1200      0.92815 
  129      5.00000         1359         1141      0.90640 
  130      4.00000         1346         1060      0.87697 
  131      3.00000         1347         1038      0.87044 
  132      2.00000         1331         1002      0.85898 
  133      1.00000         1311          985      0.85801 
  134      0.00000         1297          969      0.85525 
  135     -1.00000         1252          937      0.85610 
  136     -2.00000         1202          908      0.86066 
  137     -3.00000         1152          896      0.87500 
  138     -4.00000         1108          902      0.89751 
  139     -5.00000         1065          886      0.90825 
  140     -6.00000         1011          849      0.91290 
  141     -7.00000          979          818      0.91041 
  142     -8.00000          937          798      0.91988 
  143     -9.00000          894          763      0.92094 
  144    -10.00000          846          735      0.92979 
  145    -11.00000          802          702      0.92819 
  146    -12.00000          777          677      0.92572 
  147    -13.00000          734          661      0.93763 
  148    -14.00000          704          653      0.94473 
  149    -15.00000          654          626      0.95156 
  150    -16.00000          597          591      0.94781 
  151    -17.00000          536          571      0.94128 
  152    -18.00000          480          530      0.91089 
  153    -19.00000          443          481      0.90260 
  154    -20.00000          412          435      0.89256 
  155    -21.00000          355          362      0.87866 
  156    -22.00000          322          276      0.84950 
  157    -23.00000          308          171      0.71399 
  158    -24.00000          323          136      0.59259 
  159    -25.00000          329          100      0.46620 
  160    -26.00000          294           53      0.30548 
  161    -27.00000          261           24      0.16842 
  162    -28.00000          218            0      0.00000 
  163    -29.00000          226            0      0.00000 
  164    -30.00000          230            0      0.00000 
  165    -31.00000          227            0      0.00000 
  166    -32.00000          221            0      0.00000 
  167    -33.00000          217           32      0.00000 
  168    -34.00000          212           88      0.00000 
  169    -35.00000          198          140      0.00000 
  170    -36.00000          180          175      0.00000 
  171    -37.00000          167          201      0.00000 
  172    -38.00000          168          230      0.00000 
  173    -39.00000          199          246      0.00000 
  174    -40.00000          227          266      0.00811 
  175    -41.00000          236          268      0.03571 
  176    -42.00000          240          275      0.05825 
  177    -43.00000          256          276      0.09023 
  178    -44.00000          276          268      0.09559 
  179    -45.00000          300          263      0.10302 
  180    -46.00000          308          244      0.09420 
  181    -47.00000          316          230      0.08791 
  182    -48.00000          316          198      0.05837 
  183    -49.00000          307          167      0.03797 
  184    -50.00000          291          128      0.00955 
  185    -51.00000          285           83      0.00000 
  186    -52.00000          270           32      0.00000 
  187    -53.00000          238            0      0.00000 
  188    -54.00000          196            0      0.00000 
  189    -55.00000          157            0      0.00000 
  190    -56.00000          102            0      0.00000 
  191    -57.00000           62            0      0.00000 
  192    -58.00000           11            0      0.00000 
  193    -59.00000            0            0      0.00000 
  194    -60.00000            0            0      0.00000 
  195    -61.00000            0            0      0.00000 
  196    -62.00000            0            0      0.00000 
  197    -63.00000            0            0      0.00000 
  198    -64.00000            0            0      0.00000 
  199    -65.00000            0            0      0.00000 
  200    -66.00000            0            0      0.00000 
  201    -67.00000            0            0      0.00000 
  202    -68.00000            0            0      0.00000 
  203    -69.00000            0            0      0.00000 
  204    -70.00000            0            0      0.00000 
  205    -71.00000            0            0      0.00000 
  206    -72.00000            0            0      0.00000 
  207    -73.00000            0            0      0.00000 
  208    -74.00000            0            0      0.00000 
  209    -75.00000            0            0      0.00000 
  210    -76.00000            0            0      0.00000 
  211    -77.00000            0            0      0.00000 
  212    -78.00000            0            0      0.00000 
  213    -79.00000            0            0      0.00000 
  214    -80.00000            0            0      0.00000 
  215    -81.00000            0            0      0.00000 
  216    -82.00000            0            0      0.00000 
  217    -83.00000            0            0      0.00000 
  218    -84.00000            0            0      0.00000 
  219    -85.00000            0            0      0.00000 
  220    -86.00000            0            0      0.00000 
  221    -87.00000            0            0      0.00000 
  222    -88.00000            0            0      0.00000 
  223    -89.00000            0            0      0.00000 
  224    -90.00000            0            0      0.00000 
  225    -91.00000            0            0      0.00000 
  226    -92.00000            0            0      0.00000 
  227    -93.00000            0            0      0.00000 
  228    -94.00000            0            0      0.00000 
  229    -95.00000            0            0      0.00000 
  230    -96.00000            0            0      0.00000 
  231    -97.00000            0            0      0.00000 
  232    -98.00000            0            0      0.00000 
