# 3dSliceNDice -insetA 6m_4min_s1_m3_binary+orig -insetB 6m_4min_s2_m3_binary+orig -prefix 6m_4min_split_m3_binary
    0    -72.00000            0            0      0.00000 
    1    -71.00000            0            0      0.00000 
    2    -70.00000            0            0      0.00000 
    3    -69.00000            0            0      0.00000 
    4    -68.00000            0            0      0.00000 
    5    -67.00000            0            0      0.00000 
    6    -66.00000            0            0      0.00000 
    7    -65.00000            0            0      0.00000 
    8    -64.00000            0            0      0.00000 
    9    -63.00000            0            0      0.00000 
   10    -62.00000            0            0      0.00000 
   11    -61.00000            0            0      0.00000 
   12    -60.00000            0            0      0.00000 
   13    -59.00000            0            0      0.00000 
   14    -58.00000            0            0      0.00000 
   15    -57.00000            0            0      0.00000 
   16    -56.00000            0            0      0.00000 
   17    -55.00000            0            0      0.00000 
   18    -54.00000            0            0      0.00000 
   19    -53.00000            0            0      0.00000 
   20    -52.00000            0            0      0.00000 
   21    -51.00000            0            0      0.00000 
   22    -50.00000            0            0      0.00000 
   23    -49.00000            0            0      0.00000 
   24    -48.00000            0            0      0.00000 
   25    -47.00000            0            0      0.00000 
   26    -46.00000            0            0      0.00000 
   27    -45.00000            0            0      0.00000 
   28    -44.00000            0            0      0.00000 
   29    -43.00000            0            0      0.00000 
   30    -42.00000            0            0      0.00000 
   31    -41.00000            0            0      0.00000 
   32    -40.00000            0            0      0.00000 
   33    -39.00000            0            0      0.00000 
   34    -38.00000            0            0      0.00000 
   35    -37.00000            8           12      0.80000 
   36    -36.00000           67           66      0.79699 
   37    -35.00000          121          110      0.77056 
   38    -34.00000          172          161      0.81081 
   39    -33.00000          223          209      0.82870 
   40    -32.00000          516          669      0.85232 
   41    -31.00000          768          975      0.88124 
   42    -30.00000          945         1151      0.90172 
   43    -29.00000         1070         1272      0.91375 
   44    -28.00000         1158         1363      0.91868 
   45    -27.00000         1441         1746      0.90430 
   46    -26.00000         1724         2058      0.91169 
   47    -25.00000         1958         2293      0.92120 
   48    -24.00000         2117         2469      0.92324 
   49    -23.00000         2280         2633      0.92815 
   50    -22.00000         3818         3968      0.93475 
   51    -21.00000         4355         4487      0.95046 
   52    -20.00000         4666         4810      0.95483 
   53    -19.00000         4886         5023      0.95368 
   54    -18.00000         5088         5154      0.94630 
   55    -17.00000         5422         5492      0.93843 
   56    -16.00000         5648         5793      0.93086 
   57    -15.00000         5864         6066      0.92355 
   58    -14.00000         5933         6280      0.91247 
   59    -13.00000         5860         6346      0.90316 
   60    -12.00000         5675         6294      0.89314 
   61    -11.00000         5624         6237      0.89318 
   62    -10.00000         5594         6189      0.89604 
   63     -9.00000         5454         6002      0.89682 
   64     -8.00000         5248         5700      0.90026 
   65     -7.00000         4896         5297      0.89611 
   66     -6.00000         4745         5191      0.89634 
   67     -5.00000         4566         5066      0.89514 
   68     -4.00000         4297         4823      0.89057 
   69     -3.00000         3976         4574      0.88374 
   70     -2.00000         3643         4247      0.88365 
   71     -1.00000         3502         4021      0.88289 
   72      0.00000         3330         3731      0.88769 
   73      1.00000         3074         3315      0.89905 
   74      2.00000         2804         2825      0.91135 
   75      3.00000         2655         2440      0.93229 
   76      4.00000         2655         2414      0.92681 
   77      5.00000         2565         2323      0.92267 
   78      6.00000         2349         2115      0.91532 
   79      7.00000         1922         1719      0.89920 
   80      8.00000          996         1074      0.80966 
   81      9.00000         1090         1157      0.81798 
   82     10.00000         1160         1207      0.83059 
   83     11.00000         1172         1190      0.83997 
   84     12.00000         1156         1113      0.85412 
   85     13.00000         1188         1073      0.89783 
   86     14.00000         1284         1144      0.90115 
   87     15.00000         1372         1201      0.90711 
   88     16.00000         1423         1234      0.91231 
   89     17.00000         1459         1255      0.91304 
   90     18.00000         1574         1352      0.92003 
   91     19.00000         1686         1456      0.92298 
   92     20.00000         1799         1548      0.92501 
   93     21.00000         1826         1578      0.92714 
   94     22.00000         1852         1596      0.92575 
   95     23.00000         1852         1601      0.92731 
   96     24.00000         1818         1591      0.93048 
   97     25.00000         1788         1584      0.93298 
   98     26.00000         1727         1559      0.93792 
   99     27.00000         1643         1515      0.94490 
  100     28.00000         1563         1460      0.94476 
  101     29.00000         1519         1401      0.93562 
  102     30.00000         1479         1376      0.92820 
  103     31.00000         1441         1327      0.91763 
  104     32.00000         1421         1301      0.91330 
  105     33.00000         1375         1235      0.90192 
  106     34.00000         1323         1157      0.89194 
  107     35.00000         1273         1087      0.88220 
  108     36.00000         1223         1019      0.87600 
  109     37.00000         1168          973      0.87062 
  110     38.00000         1086          913      0.87844 
  111     39.00000          991          852      0.88660 
  112     40.00000          893          782      0.89552 
  113     41.00000          797          712      0.90656 
  114     42.00000          714          631      0.91450 
  115     43.00000          638          547      0.92321 
  116     44.00000          566          491      0.92904 
  117     45.00000          503          436      0.92865 
  118     46.00000          428          365      0.92055 
  119     47.00000          357          296      0.90658 
  120     48.00000          284          225      0.88409 
  121     49.00000          212          156      0.84783 
  122     50.00000          153          101      0.79528 
  123     51.00000           98           46      0.63889 
  124     52.00000           55            2      0.07018 
  125     53.00000           21            0      0.00000 
  126     54.00000            2            0      0.00000 
  127     55.00000            0            0      0.00000 
  128     56.00000            0            0      0.00000 
  129     57.00000            0            0      0.00000 
  130     58.00000            0            0      0.00000 
  131     59.00000            0            0      0.00000 
  132     60.00000            0            0      0.00000 
  133     61.00000            0            0      0.00000 
  134     62.00000            0            0      0.00000 
  135     63.00000            0            0      0.00000 
  136     64.00000            0            0      0.00000 
  137     65.00000            0            0      0.00000 
  138     66.00000            0            0      0.00000 
  139     67.00000            0            0      0.00000 
  140     68.00000            0            0      0.00000 
  141     69.00000            0            0      0.00000 
  142     70.00000            0            0      0.00000 
  143     71.00000            0            0      0.00000 
  144     72.00000            0            0      0.00000 
  145     73.00000            0            0      0.00000 
  146     74.00000            0            0      0.00000 
  147     75.00000            0            0      0.00000 
  148     76.00000            0            0      0.00000 
  149     77.00000            0            0      0.00000 
  150     78.00000            0            0      0.00000 
  151     79.00000            0            0      0.00000 
  152     80.00000            0            0      0.00000 
  153     81.00000            0            0      0.00000 
  154     82.00000            0            0      0.00000 
  155     83.00000            0            0      0.00000 
  156     84.00000            0            0      0.00000 
  157     85.00000            0            0      0.00000 
  158     86.00000            0            0      0.00000 
