# 3dSliceNDice -insetA 6m_4min_s1_m5_binary+orig -insetB 6m_4min_s2_m5_binary+orig -prefix 6m_4min_split_m5_binary
    0    -72.00000            0            0      0.00000 
    1    -71.00000            0            0      0.00000 
    2    -70.00000            0            0      0.00000 
    3    -69.00000            0            0      0.00000 
    4    -68.00000            0            0      0.00000 
    5    -67.00000            0            0      0.00000 
    6    -66.00000            0            0      0.00000 
    7    -65.00000            0            0      0.00000 
    8    -64.00000            0            0      0.00000 
    9    -63.00000            0            0      0.00000 
   10    -62.00000            0            0      0.00000 
   11    -61.00000            0            0      0.00000 
   12    -60.00000            0            0      0.00000 
   13    -59.00000            0            0      0.00000 
   14    -58.00000            0            0      0.00000 
   15    -57.00000            0            0      0.00000 
   16    -56.00000            0            0      0.00000 
   17    -55.00000            0            0      0.00000 
   18    -54.00000            0            0      0.00000 
   19    -53.00000            0            0      0.00000 
   20    -52.00000            0            0      0.00000 
   21    -51.00000            1            1      1.00000 
   22    -50.00000          273          273      1.00000 
   23    -49.00000          612          612      1.00000 
   24    -48.00000         1079         1072      0.99675 
   25    -47.00000         1337         1313      0.99094 
   26    -46.00000         1606         1540      0.97902 
   27    -45.00000         1819         1711      0.96657 
   28    -44.00000         1928         1784      0.94989 
   29    -43.00000         2059         1877      0.93953 
   30    -42.00000         2116         1936      0.92892 
   31    -41.00000         2166         2000      0.92127 
   32    -40.00000         2196         2044      0.91038 
   33    -39.00000         2222         2091      0.89775 
   34    -38.00000         2246         2162      0.87613 
   35    -37.00000         2222         2162      0.86405 
   36    -36.00000         2228         2205      0.85270 
   37    -35.00000         2215         2229      0.84203 
   38    -34.00000         2184         2219      0.83852 
   39    -33.00000         2162         2192      0.83555 
   40    -32.00000         2111         2102      0.82317 
   41    -31.00000         2066         2077      0.81776 
   42    -30.00000         1974         2010      0.81175 
   43    -29.00000         1830         1879      0.80399 
   44    -28.00000         1625         1705      0.78138 
   45    -27.00000         1308         1459      0.69100 
   46    -26.00000         1245         1347      0.68827 
   47    -25.00000         1152         1189      0.68005 
   48    -24.00000         1004          952      0.66564 
   49    -23.00000          790          572      0.62261 
   50    -22.00000          436            0      0.00000 
   51    -21.00000          382            0      0.00000 
   52    -20.00000          318            0      0.00000 
   53    -19.00000          232            0      0.00000 
   54    -18.00000          116            0      0.00000 
   55    -17.00000            0            0      0.00000 
   56    -16.00000            0            0      0.00000 
   57    -15.00000            0            0      0.00000 
   58    -14.00000            0            0      0.00000 
   59    -13.00000            0            0      0.00000 
   60    -12.00000            0            0      0.00000 
   61    -11.00000            0            0      0.00000 
   62    -10.00000            0            0      0.00000 
   63     -9.00000            0            0      0.00000 
   64     -8.00000            0            0      0.00000 
   65     -7.00000            0            0      0.00000 
   66     -6.00000            0            0      0.00000 
   67     -5.00000            0            0      0.00000 
   68     -4.00000            0            0      0.00000 
   69     -3.00000            0            0      0.00000 
   70     -2.00000          164          112      0.81159 
   71     -1.00000          288          213      0.85030 
   72      0.00000          382          293      0.86815 
   73      1.00000          452          353      0.87702 
   74      2.00000          506          401      0.88423 
   75      3.00000          948          762      0.82456 
   76      4.00000         1200         1015      0.83160 
   77      5.00000         1418         1233      0.84496 
   78      6.00000         1574         1394      0.85714 
   79      7.00000         1703         1523      0.86857 
   80      8.00000         1922         1896      0.91881 
   81      9.00000         2101         2115      0.92410 
   82     10.00000         2280         2328      0.93099 
   83     11.00000         2396         2468      0.92845 
   84     12.00000         2504         2581      0.92861 
   85     13.00000         2636         2826      0.91468 
   86     14.00000         2755         3020      0.90874 
   87     15.00000         2909         3224      0.90951 
   88     16.00000         3021         3352      0.91448 
   89     17.00000         3132         3461      0.91885 
   90     18.00000         3229         3554      0.92437 
   91     19.00000         3271         3572      0.92971 
   92     20.00000         3330         3619      0.93164 
   93     21.00000         3360         3628      0.92816 
   94     22.00000         3390         3637      0.92387 
   95     23.00000         3391         3603      0.91907 
   96     24.00000         3346         3521      0.91568 
   97     25.00000         3306         3438      0.91014 
   98     26.00000         3204         3296      0.90800 
   99     27.00000         3123         3209      0.90872 
  100     28.00000         2958         3068      0.90375 
  101     29.00000         2787         2956      0.89361 
  102     30.00000         2614         2834      0.88216 
  103     31.00000         2394         2635      0.86816 
  104     32.00000         2216         2459      0.85476 
  105     33.00000         2035         2312      0.84564 
  106     34.00000         1915         2202      0.85256 
  107     35.00000         1780         2105      0.85354 
  108     36.00000         1621         1982      0.84763 
  109     37.00000         1522         1877      0.83319 
  110     38.00000         1427         1750      0.82027 
  111     39.00000         1340         1648      0.80388 
  112     40.00000         1254         1532      0.78320 
  113     41.00000         1137         1392      0.75682 
  114     42.00000         1013         1235      0.70285 
  115     43.00000          910         1085      0.66065 
  116     44.00000          857         1014      0.66489 
  117     45.00000          797          967      0.66213 
  118     46.00000          712          908      0.66543 
  119     47.00000          644          858      0.69507 
  120     48.00000          578          790      0.72515 
  121     49.00000          532          742      0.75353 
  122     50.00000          506          700      0.77280 
  123     51.00000          476          664      0.77719 
  124     52.00000          430          614      0.77203 
  125     53.00000          385          553      0.78891 
  126     54.00000          323          475      0.80952 
  127     55.00000          257          385      0.80062 
  128     56.00000          157          252      0.76773 
  129     57.00000           75          109      0.81522 
  130     58.00000            3            9      0.50000 
  131     59.00000            0            0      0.00000 
  132     60.00000            0            0      0.00000 
  133     61.00000            0            0      0.00000 
  134     62.00000            0            0      0.00000 
  135     63.00000            0            0      0.00000 
  136     64.00000            0            0      0.00000 
  137     65.00000            0            0      0.00000 
  138     66.00000            0            0      0.00000 
  139     67.00000            0            0      0.00000 
  140     68.00000            0            0      0.00000 
  141     69.00000            0            0      0.00000 
  142     70.00000            0            0      0.00000 
  143     71.00000            0            0      0.00000 
  144     72.00000            0            0      0.00000 
  145     73.00000            0            0      0.00000 
  146     74.00000            0            0      0.00000 
  147     75.00000            0            0      0.00000 
  148     76.00000            0            0      0.00000 
  149     77.00000            0            0      0.00000 
  150     78.00000            0            0      0.00000 
  151     79.00000            0            0      0.00000 
  152     80.00000            0            0      0.00000 
  153     81.00000            0            0      0.00000 
  154     82.00000            0            0      0.00000 
  155     83.00000            0            0      0.00000 
  156     84.00000            0            0      0.00000 
  157     85.00000            0            0      0.00000 
  158     86.00000            0            0      0.00000 
