# 3dSliceNDice -insetA 6m_4min_s1_m1_binary+orig -insetB 6m_4min_s2_m1_binary+orig -prefix 6m_4min_split_m1_binary
    0    -72.00000            0            0      0.00000 
    1    -71.00000            0            0      0.00000 
    2    -70.00000            0            0      0.00000 
    3    -69.00000            0            0      0.00000 
    4    -68.00000            0            0      0.00000 
    5    -67.00000            0            0      0.00000 
    6    -66.00000            0            0      0.00000 
    7    -65.00000            0            0      0.00000 
    8    -64.00000            0            0      0.00000 
    9    -63.00000            0            0      0.00000 
   10    -62.00000            0            0      0.00000 
   11    -61.00000            0            0      0.00000 
   12    -60.00000            0            0      0.00000 
   13    -59.00000            0            0      0.00000 
   14    -58.00000            0            0      0.00000 
   15    -57.00000            0            0      0.00000 
   16    -56.00000            0            0      0.00000 
   17    -55.00000            0            0      0.00000 
   18    -54.00000            0            0      0.00000 
   19    -53.00000            0            0      0.00000 
   20    -52.00000            0            0      0.00000 
   21    -51.00000            1            1      1.00000 
   22    -50.00000          273          273      1.00000 
   23    -49.00000          607          609      0.99342 
   24    -48.00000         1058         1060      0.98111 
   25    -47.00000         1294         1297      0.97260 
   26    -46.00000         1535         1550      0.96726 
   27    -45.00000         1695         1726      0.95411 
   28    -44.00000         1776         1812      0.93645 
   29    -43.00000         1888         1922      0.93228 
   30    -42.00000         1958         1963      0.92527 
   31    -41.00000         2031         2006      0.92049 
   32    -40.00000         2080         2030      0.91727 
   33    -39.00000         2127         2054      0.91605 
   34    -38.00000         2167         2052      0.90780 
   35    -37.00000         2150         2025      0.91066 
   36    -36.00000         2155         2020      0.91210 
   37    -35.00000         2145         1985      0.91332 
   38    -34.00000         2119         1930      0.91578 
   39    -33.00000         2089         1869      0.92218 
   40    -32.00000         2281         2118      0.88429 
   41    -31.00000         2402         2408      0.85613 
   42    -30.00000         2446         2569      0.83669 
   43    -29.00000         2479         2657      0.81659 
   44    -28.00000         2483         2661      0.79082 
   45    -27.00000         2439         2682      0.76469 
   46    -26.00000         2460         2731      0.76979 
   47    -25.00000         2493         2794      0.77133 
   48    -24.00000         2445         2766      0.76914 
   49    -23.00000         2389         2722      0.76854 
   50    -22.00000         2352         2752      0.76724 
   51    -21.00000         2436         2899      0.77038 
   52    -20.00000         2469         2997      0.77205 
   53    -19.00000         2433         2961      0.77642 
   54    -18.00000         2303         2835      0.76684 
   55    -17.00000         2008         2642      0.73634 
   56    -16.00000         2032         2624      0.73754 
   57    -15.00000         2084         2634      0.74862 
   58    -14.00000         2089         2608      0.76517 
   59    -13.00000         2098         2563      0.80584 
   60    -12.00000         2231         2667      0.86158 
   61    -11.00000         2399         2892      0.85844 
   62    -10.00000         2508         3084      0.85265 
   63     -9.00000         2543         3189      0.84613 
   64     -8.00000         2549         3283      0.82922 
   65     -7.00000         2524         3427      0.80524 
   66     -6.00000         2583         3550      0.79993 
   67     -5.00000         2676         3669      0.80000 
   68     -4.00000         2721         3671      0.80100 
   69     -3.00000         2780         3608      0.81309 
   70     -2.00000         3019         3571      0.81396 
   71     -1.00000         3251         3567      0.81989 
   72      0.00000         3413         3589      0.82491 
   73      1.00000         3453         3512      0.82757 
   74      2.00000         3483         3467      0.83367 
   75      3.00000         3457         3413      0.84454 
   76      4.00000         3373         3381      0.85549 
   77      5.00000         3313         3327      0.86687 
   78      6.00000         3112         3161      0.87135 
   79      7.00000         2916         2997      0.87705 
   80      8.00000         2755         2846      0.88484 
   81      9.00000         2686         2801      0.88573 
   82     10.00000         2566         2717      0.88472 
   83     11.00000         2369         2573      0.87616 
   84     12.00000         2183         2384      0.87278 
   85     13.00000         1969         2240      0.85579 
   86     14.00000         1988         2275      0.84119 
   87     15.00000         1991         2328      0.82380 
   88     16.00000         1882         2285      0.80154 
   89     17.00000         1783         2286      0.77415 
   90     18.00000         1937         2439      0.77102 
   91     19.00000         2076         2527      0.78427 
   92     20.00000         2129         2550      0.78906 
   93     21.00000         2085         2499      0.78927 
   94     22.00000         1945         2420      0.77526 
   95     23.00000         1805         2366      0.75713 
   96     24.00000         1809         2311      0.77282 
   97     25.00000         1817         2282      0.78848 
   98     26.00000         1772         2174      0.80284 
   99     27.00000         1734         2054      0.81943 
  100     28.00000         1659         1903      0.83156 
  101     29.00000         1565         1768      0.83528 
  102     30.00000         1512         1640      0.83883 
  103     31.00000         1469         1479      0.85889 
  104     32.00000         1453         1356      0.88003 
  105     33.00000         1489         1299      0.88522 
  106     34.00000         1518         1289      0.88208 
  107     35.00000         1538         1276      0.88273 
  108     36.00000         1533         1256      0.87773 
  109     37.00000         1510         1233      0.87204 
  110     38.00000         1495         1222      0.86492 
  111     39.00000         1422         1180      0.86011 
  112     40.00000         1352         1131      0.85461 
  113     41.00000         1236         1052      0.85315 
  114     42.00000         1089          973      0.84093 
  115     43.00000          909          872      0.84222 
  116     44.00000          792          772      0.88107 
  117     45.00000          696          695      0.92883 
  118     46.00000          618          619      0.96847 
  119     47.00000          558          558      1.00000 
  120     48.00000          496          496      1.00000 
  121     49.00000          414          414      1.00000 
  122     50.00000          319          319      1.00000 
  123     51.00000          224          224      1.00000 
  124     52.00000          164          164      1.00000 
  125     53.00000          110          110      1.00000 
  126     54.00000           57           57      1.00000 
  127     55.00000           23           23      1.00000 
  128     56.00000            0            0      0.00000 
  129     57.00000            0            0      0.00000 
  130     58.00000            0            0      0.00000 
  131     59.00000            0            0      0.00000 
  132     60.00000            0            0      0.00000 
  133     61.00000            0            0      0.00000 
  134     62.00000            0            0      0.00000 
  135     63.00000            0            0      0.00000 
  136     64.00000            0            0      0.00000 
  137     65.00000            0            0      0.00000 
  138     66.00000            0            0      0.00000 
  139     67.00000            0            0      0.00000 
  140     68.00000            0            0      0.00000 
  141     69.00000            0            0      0.00000 
  142     70.00000            0            0      0.00000 
  143     71.00000            0            0      0.00000 
  144     72.00000            0            0      0.00000 
  145     73.00000            0            0      0.00000 
  146     74.00000            0            0      0.00000 
  147     75.00000            0            0      0.00000 
  148     76.00000            0            0      0.00000 
  149     77.00000            0            0      0.00000 
  150     78.00000            0            0      0.00000 
  151     79.00000            0            0      0.00000 
  152     80.00000            0            0      0.00000 
  153     81.00000            0            0      0.00000 
  154     82.00000            0            0      0.00000 
  155     83.00000            0            0      0.00000 
  156     84.00000            0            0      0.00000 
  157     85.00000            0            0      0.00000 
  158     86.00000            0            0      0.00000 
