# 3dSliceNDice -insetA 6m_4min_s1_m5_binary+orig -insetB 6m_4min_s2_m5_binary+orig -prefix 6m_4min_split_m5_binary
    0    134.00000            0            0      0.00000 
    1    133.00000            0            0      0.00000 
    2    132.00000            0            0      0.00000 
    3    131.00000            0            0      0.00000 
    4    130.00000            0            0      0.00000 
    5    129.00000            0            0      0.00000 
    6    128.00000            0            0      0.00000 
    7    127.00000            0            0      0.00000 
    8    126.00000            0            0      0.00000 
    9    125.00000            0            0      0.00000 
   10    124.00000            0            0      0.00000 
   11    123.00000            0            0      0.00000 
   12    122.00000            0            0      0.00000 
   13    121.00000            0            0      0.00000 
   14    120.00000            0            0      0.00000 
   15    119.00000            0            0      0.00000 
   16    118.00000            0            0      0.00000 
   17    117.00000            0            0      0.00000 
   18    116.00000            0            0      0.00000 
   19    115.00000            0            0      0.00000 
   20    114.00000            0            0      0.00000 
   21    113.00000            0            0      0.00000 
   22    112.00000            0            0      0.00000 
   23    111.00000            0            0      0.00000 
   24    110.00000            0            0      0.00000 
   25    109.00000            0            0      0.00000 
   26    108.00000            0            0      0.00000 
   27    107.00000            0            0      0.00000 
   28    106.00000            0            0      0.00000 
   29    105.00000            0            0      0.00000 
   30    104.00000            0            0      0.00000 
   31    103.00000            0            0      0.00000 
   32    102.00000            0            0      0.00000 
   33    101.00000            0            0      0.00000 
   34    100.00000            0            0      0.00000 
   35     99.00000            0            0      0.00000 
   36     98.00000            0            0      0.00000 
   37     97.00000            0            0      0.00000 
   38     96.00000            0            0      0.00000 
   39     95.00000            0            0      0.00000 
   40     94.00000            0            0      0.00000 
   41     93.00000            0            0      0.00000 
   42     92.00000            0            0      0.00000 
   43     91.00000            0            0      0.00000 
   44     90.00000            0            0      0.00000 
   45     89.00000            0            0      0.00000 
   46     88.00000            0            0      0.00000 
   47     87.00000            0            0      0.00000 
   48     86.00000            0            0      0.00000 
   49     85.00000            0            0      0.00000 
   50     84.00000            0            0      0.00000 
   51     83.00000            0            0      0.00000 
   52     82.00000            0            0      0.00000 
   53     81.00000            0            0      0.00000 
   54     80.00000            0            0      0.00000 
   55     79.00000            0            0      0.00000 
   56     78.00000            0            0      0.00000 
   57     77.00000            0            0      0.00000 
   58     76.00000           13           13      1.00000 
   59     75.00000           57           57      1.00000 
   60     74.00000          106          106      1.00000 
   61     73.00000          164          164      1.00000 
   62     72.00000          234          239      0.98943 
   63     71.00000          287          304      0.95431 
   64     70.00000          352          372      0.94199 
   65     69.00000          396          413      0.93449 
   66     68.00000          436          448      0.93439 
   67     67.00000          478          509      0.94833 
   68     66.00000          546          588      0.96296 
   69     65.00000          639          690      0.96163 
   70     64.00000          714          771      0.96162 
   71     63.00000          775          833      0.96393 
   72     62.00000          856          903      0.95509 
   73     61.00000          925          933      0.93864 
   74     60.00000         1022          981      0.92561 
   75     59.00000         1083         1004      0.91423 
   76     58.00000         1134         1024      0.90639 
   77     57.00000         1254         1203      0.86284 
   78     56.00000         1357         1383      0.85109 
   79     55.00000         1451         1518      0.84540 
   80     54.00000         1535         1634      0.83812 
   81     53.00000         1623         1747      0.83561 
   82     52.00000         1771         1897      0.85333 
   83     51.00000         1887         2016      0.86600 
   84     50.00000         1975         2115      0.87042 
   85     49.00000         2046         2197      0.87344 
   86     48.00000         2113         2285      0.87494 
   87     47.00000         2180         2363      0.87651 
   88     46.00000         2216         2399      0.87454 
   89     45.00000         2266         2445      0.86988 
   90     44.00000         2290         2431      0.86338 
   91     43.00000         2311         2427      0.85690 
   92     42.00000         2283         2334      0.84730 
   93     41.00000         2247         2265      0.84264 
   94     40.00000         2224         2192      0.84330 
   95     39.00000         2161         2068      0.85316 
   96     38.00000         2130         1955      0.87099 
   97     37.00000         2106         1902      0.87425 
   98     36.00000         2095         1943      0.85092 
   99     35.00000         2096         1984      0.83333 
  100     34.00000         2068         1997      0.81919 
  101     33.00000         2051         2020      0.80717 
  102     32.00000         2190         2209      0.84974 
  103     31.00000         2364         2361      0.88550 
  104     30.00000         2462         2481      0.89986 
  105     29.00000         2499         2532      0.89644 
  106     28.00000         2507         2520      0.89198 
  107     27.00000         2524         2517      0.89665 
  108     26.00000         2515         2511      0.89893 
  109     25.00000         2553         2544      0.89974 
  110     24.00000         2532         2535      0.90231 
  111     23.00000         2519         2525      0.90801 
  112     22.00000         2495         2528      0.90981 
  113     21.00000         2440         2481      0.91323 
  114     20.00000         2383         2427      0.91019 
  115     19.00000         2307         2345      0.90800 
  116     18.00000         2264         2306      0.90941 
  117     17.00000         2234         2266      0.91156 
  118     16.00000         2192         2235      0.91213 
  119     15.00000         2173         2216      0.91183 
  120     14.00000         2141         2201      0.90696 
  121     13.00000         2107         2198      0.89895 
  122     12.00000         2051         2173      0.89110 
  123     11.00000         1984         2135      0.88711 
  124     10.00000         1919         2103      0.88314 
  125      9.00000         1817         2020      0.88402 
  126      8.00000         1758         2023      0.89024 
  127      7.00000         1709         1992      0.88517 
  128      6.00000         1675         1966      0.87888 
  129      5.00000         1642         1938      0.87207 
  130      4.00000         1600         1901      0.86547 
  131      3.00000         1572         1889      0.85293 
  132      2.00000         1518         1829      0.84912 
  133      1.00000         1461         1760      0.84756 
  134      0.00000         1399         1688      0.84419 
  135     -1.00000         1313         1593      0.84790 
  136     -2.00000         1256         1516      0.85859 
  137     -3.00000         1203         1418      0.89279 
  138     -4.00000         1183         1344      0.91175 
  139     -5.00000         1163         1269      0.93010 
  140     -6.00000         1101         1165      0.93469 
  141     -7.00000         1078         1072      0.92558 
  142     -8.00000         1035          953      0.90644 
  143     -9.00000         1006          881      0.89878 
  144    -10.00000          966          794      0.88409 
  145    -11.00000          897          686      0.85913 
  146    -12.00000          843          602      0.81384 
  147    -13.00000          784          532      0.76748 
  148    -14.00000          738          499      0.75020 
  149    -15.00000          677          460      0.72647 
  150    -16.00000          583          398      0.69317 
  151    -17.00000          446          349      0.61887 
  152    -18.00000          221          328      0.32787 
  153    -19.00000          210          342      0.26812 
  154    -20.00000          196          344      0.21481 
  155    -21.00000          174          318      0.13008 
  156    -22.00000          157          276      0.04619 
  157    -23.00000          190          256      0.26457 
  158    -24.00000          246          276      0.50958 
  159    -25.00000          287          300      0.62692 
  160    -26.00000          303          308      0.72013 
  161    -27.00000          335          316      0.77112 
  162    -28.00000          368          316      0.80994 
  163    -29.00000          376          308      0.84795 
  164    -30.00000          389          318      0.89109 
  165    -31.00000          386          340      0.91185 
  166    -32.00000          381          355      0.92663 
  167    -33.00000          363          354      0.92887 
  168    -34.00000          331          338      0.92975 
  169    -35.00000          314          330      0.92857 
  170    -36.00000          284          323      0.90939 
  171    -37.00000          256          315      0.88266 
  172    -38.00000          214          297      0.82975 
  173    -39.00000          176          277      0.77704 
  174    -40.00000          140          261      0.69825 
  175    -41.00000           93          245      0.55030 
  176    -42.00000           35          231      0.26316 
  177    -43.00000            0          208      0.00000 
  178    -44.00000            0          185      0.00000 
  179    -45.00000            0          149      0.00000 
  180    -46.00000            0          109      0.00000 
  181    -47.00000            0           89      0.00000 
  182    -48.00000            0           61      0.00000 
  183    -49.00000            0           34      0.00000 
  184    -50.00000            0            9      0.00000 
  185    -51.00000            0            0      0.00000 
  186    -52.00000            0            0      0.00000 
  187    -53.00000            0            0      0.00000 
  188    -54.00000            0            0      0.00000 
  189    -55.00000            0            0      0.00000 
  190    -56.00000            0            0      0.00000 
  191    -57.00000            0            0      0.00000 
  192    -58.00000            0            0      0.00000 
  193    -59.00000            0            0      0.00000 
  194    -60.00000            0            0      0.00000 
  195    -61.00000            0            0      0.00000 
  196    -62.00000            0            0      0.00000 
  197    -63.00000            0            0      0.00000 
  198    -64.00000            0            0      0.00000 
  199    -65.00000            0            0      0.00000 
  200    -66.00000            0            0      0.00000 
  201    -67.00000            0            0      0.00000 
  202    -68.00000            0            0      0.00000 
  203    -69.00000            0            0      0.00000 
  204    -70.00000            0            0      0.00000 
  205    -71.00000            0            0      0.00000 
  206    -72.00000            0            0      0.00000 
  207    -73.00000            0            0      0.00000 
  208    -74.00000            0            0      0.00000 
  209    -75.00000            0            0      0.00000 
  210    -76.00000            0            0      0.00000 
  211    -77.00000            0            0      0.00000 
  212    -78.00000            0            0      0.00000 
  213    -79.00000            0            0      0.00000 
  214    -80.00000            0            0      0.00000 
  215    -81.00000            0            0      0.00000 
  216    -82.00000            0            0      0.00000 
  217    -83.00000            0            0      0.00000 
  218    -84.00000            0            0      0.00000 
  219    -85.00000            0            0      0.00000 
  220    -86.00000            0            0      0.00000 
  221    -87.00000            0            0      0.00000 
  222    -88.00000            0            0      0.00000 
  223    -89.00000            0            0      0.00000 
  224    -90.00000            0            0      0.00000 
  225    -91.00000            0            0      0.00000 
  226    -92.00000            0            0      0.00000 
  227    -93.00000            0            0      0.00000 
  228    -94.00000            0            0      0.00000 
  229    -95.00000            0            0      0.00000 
  230    -96.00000            0            0      0.00000 
  231    -97.00000            0            0      0.00000 
  232    -98.00000            0            0      0.00000 
