# 3dSliceNDice -insetA 6m_4min_s1_m4_binary+orig -insetB 6m_4min_s2_m4_binary+orig -prefix 6m_4min_split_m4_binary
    0     96.00000            0            0      0.00000 
    1     95.00000            0            0      0.00000 
    2     94.00000            0            0      0.00000 
    3     93.00000            0            0      0.00000 
    4     92.00000            0            0      0.00000 
    5     91.00000            0            0      0.00000 
    6     90.00000            0            0      0.00000 
    7     89.00000            0            0      0.00000 
    8     88.00000            0            0      0.00000 
    9     87.00000            0            0      0.00000 
   10     86.00000            0            0      0.00000 
   11     85.00000            0            0      0.00000 
   12     84.00000            0            0      0.00000 
   13     83.00000            0            0      0.00000 
   14     82.00000            0            0      0.00000 
   15     81.00000            0            0      0.00000 
   16     80.00000            0            0      0.00000 
   17     79.00000            0            0      0.00000 
   18     78.00000            0            0      0.00000 
   19     77.00000            0            0      0.00000 
   20     76.00000            0            0      0.00000 
   21     75.00000            0            0      0.00000 
   22     74.00000            0            0      0.00000 
   23     73.00000            0            0      0.00000 
   24     72.00000            0            0      0.00000 
   25     71.00000            0            0      0.00000 
   26     70.00000            0            0      0.00000 
   27     69.00000            0            0      0.00000 
   28     68.00000            0            0      0.00000 
   29     67.00000            0            0      0.00000 
   30     66.00000            0            0      0.00000 
   31     65.00000            0            0      0.00000 
   32     64.00000            0            0      0.00000 
   33     63.00000            0            0      0.00000 
   34     62.00000            0            0      0.00000 
   35     61.00000            0            0      0.00000 
   36     60.00000            0            0      0.00000 
   37     59.00000            0            0      0.00000 
   38     58.00000            0            0      0.00000 
   39     57.00000            0            0      0.00000 
   40     56.00000            0           10      0.00000 
   41     55.00000            0           58      0.00000 
   42     54.00000           14           96      0.25455 
   43     53.00000           44          149      0.45596 
   44     52.00000           92          212      0.60526 
   45     51.00000          147          262      0.71883 
   46     50.00000          205          316      0.78695 
   47     49.00000          247          358      0.81653 
   48     48.00000          281          391      0.83631 
   49     47.00000          314          416      0.86027 
   50     46.00000          343          432      0.88516 
   51     45.00000          378          447      0.91636 
   52     44.00000          403          463      0.93072 
   53     43.00000          459          520      0.93769 
   54     42.00000          524          574      0.95446 
   55     41.00000          596          639      0.96518 
   56     40.00000          628          661      0.97440 
   57     39.00000          647          672      0.98105 
   58     38.00000          659          685      0.98065 
   59     37.00000          682          670      0.96154 
   60     36.00000          720          650      0.92263 
   61     35.00000          748          624      0.89359 
   62     34.00000          741          572      0.86367 
   63     33.00000          741          534      0.83765 
   64     32.00000          712          498      0.77025 
   65     31.00000          674          489      0.69819 
   66     30.00000          624          459      0.61311 
   67     29.00000          528          385      0.49507 
   68     28.00000          401          279      0.27059 
   69     27.00000          345          218      0.00000 
   70     26.00000          387          230      0.00000 
   71     25.00000          419          247      0.00601 
   72     24.00000          430          261      0.02605 
   73     23.00000          453          274      0.04127 
   74     22.00000          914          801      0.42566 
   75     21.00000         1185         1006      0.52214 
   76     20.00000         1348         1146      0.55814 
   77     19.00000         1421         1241      0.58002 
   78     18.00000         1460         1307      0.59704 
   79     17.00000         1858         1834      0.73835 
   80     16.00000         2103         2129      0.78355 
   81     15.00000         2297         2346      0.80939 
   82     14.00000         2416         2469      0.83398 
   83     13.00000         2522         2545      0.85139 
   84     12.00000         2699         2661      0.85933 
   85     11.00000         2884         2762      0.85512 
   86     10.00000         3067         2908      0.85858 
   87      9.00000         3155         2981      0.86375 
   88      8.00000         3182         3026      0.87146 
   89      7.00000         3396         3272      0.88512 
   90      6.00000         3543         3425      0.89150 
   91      5.00000         3651         3535      0.89480 
   92      4.00000         3687         3584      0.89506 
   93      3.00000         3676         3575      0.89560 
   94      2.00000         3606         3525      0.89300 
   95      1.00000         3439         3343      0.89177 
   96      0.00000         3317         3207      0.89270 
   97     -1.00000         3350         3246      0.89964 
   98     -2.00000         3503         3422      0.90657 
   99     -3.00000         3688         3604      0.91306 
  100     -4.00000         3831         3699      0.91421 
  101     -5.00000         3950         3767      0.91642 
  102     -6.00000         3956         3765      0.92087 
  103     -7.00000         3925         3747      0.92753 
  104     -8.00000         3855         3657      0.92891 
  105     -9.00000         3804         3568      0.92594 
  106    -10.00000         3720         3454      0.92306 
  107    -11.00000         3575         3270      0.91658 
  108    -12.00000         3339         2999      0.89524 
  109    -13.00000         2836         2357      0.84922 
  110    -14.00000         2766         2215      0.83276 
  111    -15.00000         2655         2039      0.81636 
  112    -16.00000         2466         1788      0.80113 
  113    -17.00000         2209         1529      0.78812 
  114    -18.00000         1817         1240      0.79228 
  115    -19.00000         1819         1203      0.75711 
  116    -20.00000         1808         1154      0.72046 
  117    -21.00000         1700         1058      0.68891 
  118    -22.00000         1558          967      0.66376 
  119    -23.00000         1617         1066      0.66642 
  120    -24.00000         1797         1288      0.70340 
  121    -25.00000         1933         1455      0.72609 
  122    -26.00000         2016         1562      0.74511 
  123    -27.00000         2073         1634      0.76072 
  124    -28.00000         2174         1738      0.77812 
  125    -29.00000         2211         1784      0.79449 
  126    -30.00000         2285         1841      0.80756 
  127    -31.00000         2228         1798      0.82116 
  128    -32.00000         2145         1719      0.82764 
  129    -33.00000         1961         1619      0.84246 
  130    -34.00000         1890         1602      0.85052 
  131    -35.00000         1829         1641      0.86916 
  132    -36.00000         1697         1637      0.89202 
  133    -37.00000         1570         1658      0.91822 
  134    -38.00000         1462         1659      0.92919 
  135    -39.00000         1416         1633      0.91637 
  136    -40.00000         1332         1602      0.88344 
  137    -41.00000         1181         1506      0.83588 
  138    -42.00000         1031         1428      0.77023 
  139    -43.00000         1010         1410      0.73554 
  140    -44.00000         1067         1391      0.74939 
  141    -45.00000         1129         1385      0.76929 
  142    -46.00000         1139         1367      0.77733 
  143    -47.00000         1145         1358      0.78945 
  144    -48.00000         1144         1325      0.80194 
  145    -49.00000         1075         1238      0.80069 
  146    -50.00000         1005         1150      0.80186 
  147    -51.00000          887         1032      0.78999 
  148    -52.00000          793          931      0.79582 
  149    -53.00000          691          845      0.84245 
  150    -54.00000          593          741      0.88306 
  151    -55.00000          529          642      0.90350 
  152    -56.00000          430          471      0.95450 
  153    -57.00000          300          336      0.94340 
  154    -58.00000           24           24      1.00000 
  155    -59.00000            0            0      0.00000 
  156    -60.00000            0            0      0.00000 
  157    -61.00000            0            0      0.00000 
  158    -62.00000            0            0      0.00000 
  159    -63.00000            0            0      0.00000 
  160    -64.00000            0            0      0.00000 
  161    -65.00000            0            0      0.00000 
  162    -66.00000            0            0      0.00000 
  163    -67.00000            0            0      0.00000 
  164    -68.00000            0            0      0.00000 
  165    -69.00000            0            0      0.00000 
  166    -70.00000            0            0      0.00000 
  167    -71.00000            0            0      0.00000 
  168    -72.00000            0            0      0.00000 
  169    -73.00000            0            0      0.00000 
  170    -74.00000            0            0      0.00000 
  171    -75.00000            0            0      0.00000 
  172    -76.00000            0            0      0.00000 
  173    -77.00000            0            0      0.00000 
  174    -78.00000            0            0      0.00000 
  175    -79.00000            0            0      0.00000 
  176    -80.00000            0            0      0.00000 
  177    -81.00000            0            0      0.00000 
  178    -82.00000            0            0      0.00000 
  179    -83.00000            0            0      0.00000 
  180    -84.00000            0            0      0.00000 
  181    -85.00000            0            0      0.00000 
  182    -86.00000            0            0      0.00000 
  183    -87.00000            0            0      0.00000 
  184    -88.00000            0            0      0.00000 
  185    -89.00000            0            0      0.00000 
  186    -90.00000            0            0      0.00000 
  187    -91.00000            0            0      0.00000 
  188    -92.00000            0            0      0.00000 
  189    -93.00000            0            0      0.00000 
  190    -94.00000            0            0      0.00000 
  191    -95.00000            0            0      0.00000 
  192    -96.00000            0            0      0.00000 
  193    -97.00000            0            0      0.00000 
  194    -98.00000            0            0      0.00000 
