# 3dSliceNDice -insetA 6m_4min_s1_m2_binary+orig -insetB 6m_4min_s2_m2_binary+orig -prefix 6m_4min_split_m2_binary
    0    134.00000            0            0      0.00000 
    1    133.00000            0            0      0.00000 
    2    132.00000            0            0      0.00000 
    3    131.00000            0            0      0.00000 
    4    130.00000            0            0      0.00000 
    5    129.00000            0            0      0.00000 
    6    128.00000            0            0      0.00000 
    7    127.00000            0            0      0.00000 
    8    126.00000            0            0      0.00000 
    9    125.00000            0            0      0.00000 
   10    124.00000            0            0      0.00000 
   11    123.00000            0            0      0.00000 
   12    122.00000            0            0      0.00000 
   13    121.00000            0            0      0.00000 
   14    120.00000            0            0      0.00000 
   15    119.00000            0            0      0.00000 
   16    118.00000            0            0      0.00000 
   17    117.00000            0            0      0.00000 
   18    116.00000            0            0      0.00000 
   19    115.00000            0            0      0.00000 
   20    114.00000            0            0      0.00000 
   21    113.00000            0            0      0.00000 
   22    112.00000            0            0      0.00000 
   23    111.00000            0            0      0.00000 
   24    110.00000            0            0      0.00000 
   25    109.00000            0            0      0.00000 
   26    108.00000            0            0      0.00000 
   27    107.00000            0            0      0.00000 
   28    106.00000            0            0      0.00000 
   29    105.00000            0            0      0.00000 
   30    104.00000            0            0      0.00000 
   31    103.00000            0            0      0.00000 
   32    102.00000            0            0      0.00000 
   33    101.00000            0            0      0.00000 
   34    100.00000            0            0      0.00000 
   35     99.00000            0            0      0.00000 
   36     98.00000            0            0      0.00000 
   37     97.00000            0            0      0.00000 
   38     96.00000            0            0      0.00000 
   39     95.00000            0            0      0.00000 
   40     94.00000            0            0      0.00000 
   41     93.00000            0            0      0.00000 
   42     92.00000            0            0      0.00000 
   43     91.00000            0            0      0.00000 
   44     90.00000            0            0      0.00000 
   45     89.00000            0            0      0.00000 
   46     88.00000            0            0      0.00000 
   47     87.00000            0            0      0.00000 
   48     86.00000            0            0      0.00000 
   49     85.00000            0            0      0.00000 
   50     84.00000            0            0      0.00000 
   51     83.00000            0            0      0.00000 
   52     82.00000            0            0      0.00000 
   53     81.00000            0            0      0.00000 
   54     80.00000            0            0      0.00000 
   55     79.00000            0            0      0.00000 
   56     78.00000            0            0      0.00000 
   57     77.00000            0            7      0.00000 
   58     76.00000            0           44      0.00000 
   59     75.00000            0           94      0.00000 
   60     74.00000            0          145      0.00000 
   61     73.00000            0          189      0.00000 
   62     72.00000            0          236      0.00000 
   63     71.00000            0          266      0.00000 
   64     70.00000            0          296      0.00000 
   65     69.00000            0          308      0.00000 
   66     68.00000            0          316      0.00000 
   67     67.00000            0          316      0.00000 
   68     66.00000            6          308      0.00000 
   69     65.00000           36          300      0.00000 
   70     64.00000           64          276      0.00000 
   71     63.00000           88          256      0.00000 
   72     62.00000          124          231      0.02254 
   73     61.00000          174          228      0.16418 
   74     60.00000          230          228      0.25764 
   75     59.00000          275          207      0.33195 
   76     58.00000          312          181      0.40568 
   77     57.00000          437          498      0.65455 
   78     56.00000          618          733      0.75648 
   79     55.00000          780          898      0.78784 
   80     54.00000          924         1034      0.80490 
   81     53.00000         1044         1151      0.82187 
   82     52.00000         1246         1413      0.82587 
   83     51.00000         1428         1662      0.83107 
   84     50.00000         1600         1865      0.83405 
   85     49.00000         1737         2021      0.84034 
   86     48.00000         1864         2164      0.84409 
   87     47.00000         2115         2330      0.87289 
   88     46.00000         2384         2478      0.90580 
   89     45.00000         2616         2631      0.92548 
   90     44.00000         2781         2758      0.93446 
   91     43.00000         2910         2860      0.93865 
   92     42.00000         3067         2987      0.94087 
   93     41.00000         3158         3105      0.93853 
   94     40.00000         3289         3273      0.93996 
   95     39.00000         3366         3373      0.93575 
   96     38.00000         3458         3488      0.93320 
   97     37.00000         3508         3585      0.93021 
   98     36.00000         3517         3631      0.92669 
   99     35.00000         3535         3694      0.92489 
  100     34.00000         3512         3683      0.92231 
  101     33.00000         3516         3709      0.91820 
  102     32.00000         3460         3678      0.91202 
  103     31.00000         3379         3621      0.90657 
  104     30.00000         3296         3556      0.89959 
  105     29.00000         3148         3442      0.88953 
  106     28.00000         2962         3323      0.86969 
  107     27.00000         2785         3121      0.84389 
  108     26.00000         2736         2925      0.83519 
  109     25.00000         2652         2707      0.82963 
  110     24.00000         2493         2402      0.82901 
  111     23.00000         2297         2061      0.85498 
  112     22.00000         2201         1785      0.88560 
  113     21.00000         2179         1678      0.86337 
  114     20.00000         2152         1564      0.83692 
  115     19.00000         2089         1472      0.80932 
  116     18.00000         2056         1402      0.78716 
  117     17.00000         2038         1455      0.77927 
  118     16.00000         2016         1544      0.78146 
  119     15.00000         2000         1600      0.77778 
  120     14.00000         1933         1632      0.77475 
  121     13.00000         1875         1649      0.77072 
  122     12.00000         1805         1636      0.77884 
  123     11.00000         1743         1609      0.79057 
  124     10.00000         1671         1576      0.79581 
  125      9.00000         1538         1468      0.79840 
  126      8.00000         1391         1399      0.81792 
  127      7.00000         1159         1208      0.83228 
  128      6.00000         1085         1105      0.83653 
  129      5.00000         1001         1008      0.84818 
  130      4.00000          879          860      0.83151 
  131      3.00000          754          698      0.82231 
  132      2.00000          628          529      0.83146 
  133      1.00000          548          433      0.79715 
  134      0.00000          475          338      0.74539 
  135     -1.00000          383          218      0.63561 
  136     -2.00000          297           86      0.37076 
  137     -3.00000          225            0      0.00000 
  138     -4.00000          179            0      0.00000 
  139     -5.00000          128            0      0.00000 
  140     -6.00000           63            0      0.00000 
  141     -7.00000            9            0      0.00000 
  142     -8.00000            0            0      0.00000 
  143     -9.00000            0            0      0.00000 
  144    -10.00000            0            0      0.00000 
  145    -11.00000            0            0      0.00000 
  146    -12.00000            0            0      0.00000 
  147    -13.00000            0            0      0.00000 
  148    -14.00000            0            0      0.00000 
  149    -15.00000            0            0      0.00000 
  150    -16.00000            0            0      0.00000 
  151    -17.00000            0            0      0.00000 
  152    -18.00000            0            0      0.00000 
  153    -19.00000            0            0      0.00000 
  154    -20.00000            0            0      0.00000 
  155    -21.00000            0            0      0.00000 
  156    -22.00000            0            0      0.00000 
  157    -23.00000            0            0      0.00000 
  158    -24.00000            0            0      0.00000 
  159    -25.00000            0            0      0.00000 
  160    -26.00000            0            0      0.00000 
  161    -27.00000            0            0      0.00000 
  162    -28.00000            0            0      0.00000 
  163    -29.00000            0            0      0.00000 
  164    -30.00000            0            0      0.00000 
  165    -31.00000            0            0      0.00000 
  166    -32.00000            0            0      0.00000 
  167    -33.00000            0            0      0.00000 
  168    -34.00000            0            0      0.00000 
  169    -35.00000            0            0      0.00000 
  170    -36.00000            0            0      0.00000 
  171    -37.00000            0            0      0.00000 
  172    -38.00000            0            0      0.00000 
  173    -39.00000            0            0      0.00000 
  174    -40.00000            0            0      0.00000 
  175    -41.00000            0            0      0.00000 
  176    -42.00000            0            0      0.00000 
  177    -43.00000            0            0      0.00000 
  178    -44.00000            0            0      0.00000 
  179    -45.00000            0            0      0.00000 
  180    -46.00000            0            0      0.00000 
  181    -47.00000            0            0      0.00000 
  182    -48.00000            0            0      0.00000 
  183    -49.00000            0            0      0.00000 
  184    -50.00000            0            0      0.00000 
  185    -51.00000            0            0      0.00000 
  186    -52.00000            0            0      0.00000 
  187    -53.00000            0            0      0.00000 
  188    -54.00000            0            0      0.00000 
  189    -55.00000            0            0      0.00000 
  190    -56.00000            0            0      0.00000 
  191    -57.00000            0            0      0.00000 
  192    -58.00000            0            0      0.00000 
  193    -59.00000            0            0      0.00000 
  194    -60.00000            0            0      0.00000 
  195    -61.00000            0            0      0.00000 
  196    -62.00000            0            0      0.00000 
  197    -63.00000            0            0      0.00000 
  198    -64.00000            0            0      0.00000 
  199    -65.00000            0            0      0.00000 
  200    -66.00000            0            0      0.00000 
  201    -67.00000            0            0      0.00000 
  202    -68.00000            0            0      0.00000 
  203    -69.00000            0            0      0.00000 
  204    -70.00000            0            0      0.00000 
  205    -71.00000            0            0      0.00000 
  206    -72.00000            0            0      0.00000 
  207    -73.00000            0            0      0.00000 
  208    -74.00000            0            0      0.00000 
  209    -75.00000            0            0      0.00000 
  210    -76.00000            0            0      0.00000 
  211    -77.00000            0            0      0.00000 
  212    -78.00000            0            0      0.00000 
  213    -79.00000            0            0      0.00000 
  214    -80.00000            0            0      0.00000 
  215    -81.00000            0            0      0.00000 
  216    -82.00000            0            0      0.00000 
  217    -83.00000            0            0      0.00000 
  218    -84.00000            0            0      0.00000 
  219    -85.00000            0            0      0.00000 
  220    -86.00000            0            0      0.00000 
  221    -87.00000            0            0      0.00000 
  222    -88.00000            0            0      0.00000 
  223    -89.00000            0            0      0.00000 
  224    -90.00000            0            0      0.00000 
  225    -91.00000            0            0      0.00000 
  226    -92.00000            0            0      0.00000 
  227    -93.00000            0            0      0.00000 
  228    -94.00000            0            0      0.00000 
  229    -95.00000            0            0      0.00000 
  230    -96.00000            0            0      0.00000 
  231    -97.00000            0            0      0.00000 
  232    -98.00000            0            0      0.00000 
