# 3dSliceNDice -insetA 6m_5min_s1_m2_binary+orig -insetB 6m_5min_s2_m2_binary+orig -prefix 6m_5min_split_m2_binary
    0     96.00000            0            0      0.00000 
    1     95.00000            0            0      0.00000 
    2     94.00000            0            0      0.00000 
    3     93.00000            0            0      0.00000 
    4     92.00000            0            0      0.00000 
    5     91.00000            0            0      0.00000 
    6     90.00000            0            0      0.00000 
    7     89.00000            0            0      0.00000 
    8     88.00000            0            0      0.00000 
    9     87.00000            0            0      0.00000 
   10     86.00000            0            0      0.00000 
   11     85.00000            0            0      0.00000 
   12     84.00000            0            0      0.00000 
   13     83.00000            0            0      0.00000 
   14     82.00000            0            0      0.00000 
   15     81.00000            0            0      0.00000 
   16     80.00000            0            0      0.00000 
   17     79.00000            0            0      0.00000 
   18     78.00000            0            0      0.00000 
   19     77.00000            0            0      0.00000 
   20     76.00000            0            0      0.00000 
   21     75.00000            0            0      0.00000 
   22     74.00000            0            0      0.00000 
   23     73.00000            0            0      0.00000 
   24     72.00000            0            0      0.00000 
   25     71.00000            0            0      0.00000 
   26     70.00000            0            0      0.00000 
   27     69.00000            0            0      0.00000 
   28     68.00000            0            0      0.00000 
   29     67.00000            0            0      0.00000 
   30     66.00000            0            0      0.00000 
   31     65.00000            0            0      0.00000 
   32     64.00000            0            0      0.00000 
   33     63.00000            0            0      0.00000 
   34     62.00000            0            0      0.00000 
   35     61.00000            0            0      0.00000 
   36     60.00000            0            0      0.00000 
   37     59.00000            6            0      0.00000 
   38     58.00000          119           93      0.40566 
   39     57.00000          344          289      0.62243 
   40     56.00000          481          396      0.64766 
   41     55.00000          659          541      0.72833 
   42     54.00000          841          672      0.77462 
   43     53.00000          983          774      0.79909 
   44     52.00000         1089          863      0.82992 
   45     51.00000         1150          914      0.84399 
   46     50.00000         1188          963      0.85821 
   47     49.00000         1193          972      0.84527 
   48     48.00000         1199         1001      0.82455 
   49     47.00000         1175          997      0.80018 
   50     46.00000         1131          975      0.77873 
   51     45.00000         1093          934      0.76270 
   52     44.00000         1029          868      0.74644 
   53     43.00000          976          832      0.73119 
   54     42.00000          890          766      0.71860 
   55     41.00000          803          703      0.69456 
   56     40.00000          736          636      0.65160 
   57     39.00000          649          538      0.58635 
   58     38.00000          554          452      0.52485 
   59     37.00000          483          439      0.62690 
   60     36.00000          481          472      0.69255 
   61     35.00000          487          482      0.73684 
   62     34.00000          474          462      0.77137 
   63     33.00000          435          420      0.84678 
   64     32.00000          411          408      0.92063 
   65     31.00000          470          495      0.90984 
   66     30.00000          542          579      0.91525 
   67     29.00000          609          648      0.92283 
   68     28.00000          665          709      0.92868 
   69     27.00000          717          793      0.92318 
   70     26.00000          762          881      0.92027 
   71     25.00000          820          958      0.92126 
   72     24.00000          849         1003      0.91685 
   73     23.00000          876         1044      0.91250 
   74     22.00000          982         1111      0.91352 
   75     21.00000         1105         1175      0.93070 
   76     20.00000         1191         1231      0.92816 
   77     19.00000         1264         1277      0.92326 
   78     18.00000         1328         1324      0.91704 
   79     17.00000         1382         1415      0.93386 
   80     16.00000         1403         1490      0.92845 
   81     15.00000         1456         1565      0.93148 
   82     14.00000         1501         1625      0.93410 
   83     13.00000         1535         1671      0.93387 
   84     12.00000         1561         1703      0.93260 
   85     11.00000         1574         1700      0.93891 
   86     10.00000         1599         1698      0.94571 
   87      9.00000         1621         1692      0.95321 
   88      8.00000         1659         1711      0.96083 
   89      7.00000         1712         1738      0.96928 
   90      6.00000         1733         1746      0.97212 
   91      5.00000         1755         1749      0.97945 
   92      4.00000         1738         1731      0.98357 
   93      3.00000         1720         1718      0.98429 
   94      2.00000         1690         1695      0.98552 
   95      1.00000         1674         1675      0.98656 
   96      0.00000         1678         1684      0.98453 
   97     -1.00000         1671         1697      0.98100 
   98     -2.00000         1673         1722      0.97791 
   99     -3.00000         1657         1735      0.97288 
  100     -4.00000         1648         1741      0.97020 
  101     -5.00000         1632         1734      0.96910 
  102     -6.00000         1589         1715      0.95944 
  103     -7.00000         1555         1680      0.95889 
  104     -8.00000         1540         1666      0.95820 
  105     -9.00000         1530         1658      0.95734 
  106    -10.00000         1507         1627      0.95916 
  107    -11.00000         1509         1615      0.96351 
  108    -12.00000         1510         1613      0.96254 
  109    -13.00000         1513         1576      0.95241 
  110    -14.00000         1532         1544      0.93043 
  111    -15.00000         1553         1514      0.91034 
  112    -16.00000         1559         1467      0.89623 
  113    -17.00000         1589         1415      0.88615 
  114    -18.00000         1605         1343      0.87042 
  115    -19.00000         1600         1288      0.86150 
  116    -20.00000         1597         1222      0.84853 
  117    -21.00000         1557         1150      0.83487 
  118    -22.00000         1527         1078      0.81152 
  119    -23.00000         1465         1018      0.79259 
  120    -24.00000         1400          987      0.78928 
  121    -25.00000         1313          946      0.78353 
  122    -26.00000         1190          881      0.78513 
  123    -27.00000         1055          821      0.79744 
  124    -28.00000         1062          753      0.76584 
  125    -29.00000         1151          688      0.70038 
  126    -30.00000         1192          606      0.64405 
  127    -31.00000         1166          508      0.58542 
  128    -32.00000         1147          426      0.52893 
  129    -33.00000         1162          429      0.52043 
  130    -34.00000         1189          520      0.59099 
  131    -35.00000         1230          588      0.62596 
  132    -36.00000         1211          621      0.64410 
  133    -37.00000         1153          649      0.63596 
  134    -38.00000         1113          702      0.66887 
  135    -39.00000         1137          727      0.71996 
  136    -40.00000         1187          773      0.76939 
  137    -41.00000         1204          797      0.79660 
  138    -42.00000         1222          829      0.80839 
  139    -43.00000         1222          846      0.81818 
  140    -44.00000         1194          832      0.82132 
  141    -45.00000         1163          811      0.82168 
  142    -46.00000         1103          769      0.81410 
  143    -47.00000         1063          739      0.80688 
  144    -48.00000          991          679      0.78922 
  145    -49.00000          904          606      0.77086 
  146    -50.00000          810          526      0.74551 
  147    -51.00000          675          428      0.71442 
  148    -52.00000          557          356      0.68346 
  149    -53.00000          420          252      0.64583 
  150    -54.00000          291          161      0.59735 
  151    -55.00000          159           63      0.50450 
  152    -56.00000           76           20      0.41667 
  153    -57.00000            9            0      0.00000 
  154    -58.00000            0            0      0.00000 
  155    -59.00000            0            0      0.00000 
  156    -60.00000            0            0      0.00000 
  157    -61.00000            0            0      0.00000 
  158    -62.00000            0            0      0.00000 
  159    -63.00000            0            0      0.00000 
  160    -64.00000            0            0      0.00000 
  161    -65.00000            0            0      0.00000 
  162    -66.00000            0            0      0.00000 
  163    -67.00000            0            0      0.00000 
  164    -68.00000            0            0      0.00000 
  165    -69.00000            0            0      0.00000 
  166    -70.00000            0            0      0.00000 
  167    -71.00000            0            0      0.00000 
  168    -72.00000            0            0      0.00000 
  169    -73.00000            0            0      0.00000 
  170    -74.00000            0            0      0.00000 
  171    -75.00000            0            0      0.00000 
  172    -76.00000            0            0      0.00000 
  173    -77.00000            0            0      0.00000 
  174    -78.00000            0            0      0.00000 
  175    -79.00000            0            0      0.00000 
  176    -80.00000            0            0      0.00000 
  177    -81.00000            0            0      0.00000 
  178    -82.00000            0            0      0.00000 
  179    -83.00000            0            0      0.00000 
  180    -84.00000            0            0      0.00000 
  181    -85.00000            0            0      0.00000 
  182    -86.00000            0            0      0.00000 
  183    -87.00000            0            0      0.00000 
  184    -88.00000            0            0      0.00000 
  185    -89.00000            0            0      0.00000 
  186    -90.00000            0            0      0.00000 
  187    -91.00000            0            0      0.00000 
  188    -92.00000            0            0      0.00000 
  189    -93.00000            0            0      0.00000 
  190    -94.00000            0            0      0.00000 
  191    -95.00000            0            0      0.00000 
  192    -96.00000            0            0      0.00000 
  193    -97.00000            0            0      0.00000 
  194    -98.00000            0            0      0.00000 
