# 3dSliceNDice -insetA 6m_5min_s1_m3_binary+orig -insetB 6m_5min_s2_m3_binary+orig -prefix 6m_5min_split_m3_binary
    0     96.00000            0            0      0.00000 
    1     95.00000            0            0      0.00000 
    2     94.00000            0            0      0.00000 
    3     93.00000            0            0      0.00000 
    4     92.00000            0            0      0.00000 
    5     91.00000            0            0      0.00000 
    6     90.00000            0            0      0.00000 
    7     89.00000            0            0      0.00000 
    8     88.00000            0            0      0.00000 
    9     87.00000            0            0      0.00000 
   10     86.00000            0            0      0.00000 
   11     85.00000            0            0      0.00000 
   12     84.00000            0            0      0.00000 
   13     83.00000            0            0      0.00000 
   14     82.00000            0            0      0.00000 
   15     81.00000            0            0      0.00000 
   16     80.00000            0            0      0.00000 
   17     79.00000            0            0      0.00000 
   18     78.00000            0            0      0.00000 
   19     77.00000            0            0      0.00000 
   20     76.00000            0            0      0.00000 
   21     75.00000            0            0      0.00000 
   22     74.00000            0            0      0.00000 
   23     73.00000            0            0      0.00000 
   24     72.00000            0            0      0.00000 
   25     71.00000            0            0      0.00000 
   26     70.00000            0            0      0.00000 
   27     69.00000            0            0      0.00000 
   28     68.00000            0            0      0.00000 
   29     67.00000            0            0      0.00000 
   30     66.00000            0            0      0.00000 
   31     65.00000            0            0      0.00000 
   32     64.00000            0            0      0.00000 
   33     63.00000            0            0      0.00000 
   34     62.00000            0            0      0.00000 
   35     61.00000            0            0      0.00000 
   36     60.00000            0            0      0.00000 
   37     59.00000            0            0      0.00000 
   38     58.00000            0            0      0.00000 
   39     57.00000            0            0      0.00000 
   40     56.00000            0            0      0.00000 
   41     55.00000            0            0      0.00000 
   42     54.00000            0            0      0.00000 
   43     53.00000            0            0      0.00000 
   44     52.00000            0            0      0.00000 
   45     51.00000            0            0      0.00000 
   46     50.00000            0            0      0.00000 
   47     49.00000            0            0      0.00000 
   48     48.00000            0            0      0.00000 
   49     47.00000           60            0      0.00000 
   50     46.00000          138            0      0.00000 
   51     45.00000          213            9      0.08108 
   52     44.00000          276           22      0.14765 
   53     43.00000          349           53      0.26368 
   54     42.00000          458          232      0.65797 
   55     41.00000          553          432      0.83046 
   56     40.00000          649          571      0.87377 
   57     39.00000          701          656      0.89462 
   58     38.00000          763          739      0.90812 
   59     37.00000          821          821      0.91717 
   60     36.00000          881          883      0.91270 
   61     35.00000          957          956      0.90434 
   62     34.00000         1026          988      0.88381 
   63     33.00000         1084         1009      0.86479 
   64     32.00000         1146         1035      0.85099 
   65     31.00000         1188         1063      0.85029 
   66     30.00000         1250         1118      0.84713 
   67     29.00000         1294         1139      0.83354 
   68     28.00000         1338         1166      0.82188 
   69     27.00000         1375         1203      0.82002 
   70     26.00000         1420         1255      0.83364 
   71     25.00000         1481         1330      0.85521 
   72     24.00000         1513         1375      0.86219 
   73     23.00000         1547         1432      0.87412 
   74     22.00000         1599         1557      0.85615 
   75     21.00000         1631         1666      0.83409 
   76     20.00000         1684         1770      0.83382 
   77     19.00000         1744         1829      0.84187 
   78     18.00000         1800         1882      0.84954 
   79     17.00000         2127         2140      0.89384 
   80     16.00000         2313         2376      0.90766 
   81     15.00000         2481         2556      0.91404 
   82     14.00000         2617         2737      0.92305 
   83     13.00000         2735         2881      0.92735 
   84     12.00000         2853         3021      0.93531 
   85     11.00000         2917         3099      0.94082 
   86     10.00000         3015         3179      0.95318 
   87      9.00000         3092         3230      0.96077 
   88      8.00000         3162         3283      0.96602 
   89      7.00000         3213         3322      0.97169 
   90      6.00000         3211         3315      0.97426 
   91      5.00000         3238         3346      0.97631 
   92      4.00000         3242         3352      0.97574 
   93      3.00000         3253         3356      0.97685 
   94      2.00000         3217         3320      0.97598 
   95      1.00000         3119         3220      0.97586 
   96      0.00000         3031         3129      0.97500 
   97     -1.00000         3028         3133      0.97322 
   98     -2.00000         3105         3223      0.97155 
   99     -3.00000         3113         3240      0.97088 
  100     -4.00000         3111         3233      0.97163 
  101     -5.00000         3099         3231      0.97156 
  102     -6.00000         3064         3204      0.97096 
  103     -7.00000         3043         3194      0.97002 
  104     -8.00000         3007         3155      0.97274 
  105     -9.00000         2984         3100      0.97600 
  106    -10.00000         2937         3019      0.97750 
  107    -11.00000         2854         2874      0.97102 
  108    -12.00000         2688         2647      0.96720 
  109    -13.00000         2379         2281      0.97167 
  110    -14.00000         2359         2239      0.96564 
  111    -15.00000         2336         2195      0.95961 
  112    -16.00000         2270         2130      0.94727 
  113    -17.00000         2238         2087      0.94335 
  114    -18.00000         2272         2068      0.92304 
  115    -19.00000         2344         2099      0.91020 
  116    -20.00000         2376         2090      0.89610 
  117    -21.00000         2357         2013      0.87826 
  118    -22.00000         2327         1927      0.86366 
  119    -23.00000         2331         1804      0.83531 
  120    -24.00000         2343         1741      0.81783 
  121    -25.00000         2337         1665      0.80360 
  122    -26.00000         2246         1556      0.79221 
  123    -27.00000         2106         1473      0.79072 
  124    -28.00000         1980         1497      0.79264 
  125    -29.00000         1993         1544      0.78032 
  126    -30.00000         2042         1589      0.77224 
  127    -31.00000         2016         1543      0.75583 
  128    -32.00000         2006         1511      0.73870 
  129    -33.00000         2057         1650      0.71055 
  130    -34.00000         2108         1810      0.71516 
  131    -35.00000         2140         1920      0.71084 
  132    -36.00000         2091         1937      0.70209 
  133    -37.00000         2054         1920      0.68344 
  134    -38.00000         2015         1914      0.69382 
  135    -39.00000         1979         1925      0.72439 
  136    -40.00000         1958         1937      0.75584 
  137    -41.00000         1867         1842      0.78134 
  138    -42.00000         1796         1733      0.81213 
  139    -43.00000         1715         1650      0.82080 
  140    -44.00000         1615         1567      0.83155 
  141    -45.00000         1532         1490      0.84183 
  142    -46.00000         1419         1360      0.84923 
  143    -47.00000         1325         1247      0.85692 
  144    -48.00000         1220         1149      0.87210 
  145    -49.00000         1118         1045      0.88766 
  146    -50.00000         1017          964      0.90257 
  147    -51.00000          868          841      0.90696 
  148    -52.00000          739          755      0.92369 
  149    -53.00000          584          615      0.93078 
  150    -54.00000          471          481      0.93487 
  151    -55.00000          356          355      0.92827 
  152    -56.00000          256          234      0.94286 
  153    -57.00000          152          131      0.92580 
  154    -58.00000           38           38      1.00000 
  155    -59.00000            0            0      0.00000 
  156    -60.00000            0            0      0.00000 
  157    -61.00000            0            0      0.00000 
  158    -62.00000            0            0      0.00000 
  159    -63.00000            0            0      0.00000 
  160    -64.00000            0            0      0.00000 
  161    -65.00000            0            0      0.00000 
  162    -66.00000            0            0      0.00000 
  163    -67.00000            0            0      0.00000 
  164    -68.00000            0            0      0.00000 
  165    -69.00000            0            0      0.00000 
  166    -70.00000            0            0      0.00000 
  167    -71.00000            0            0      0.00000 
  168    -72.00000            0            0      0.00000 
  169    -73.00000            0            0      0.00000 
  170    -74.00000            0            0      0.00000 
  171    -75.00000            0            0      0.00000 
  172    -76.00000            0            0      0.00000 
  173    -77.00000            0            0      0.00000 
  174    -78.00000            0            0      0.00000 
  175    -79.00000            0            0      0.00000 
  176    -80.00000            0            0      0.00000 
  177    -81.00000            0            0      0.00000 
  178    -82.00000            0            0      0.00000 
  179    -83.00000            0            0      0.00000 
  180    -84.00000            0            0      0.00000 
  181    -85.00000            0            0      0.00000 
  182    -86.00000            0            0      0.00000 
  183    -87.00000            0            0      0.00000 
  184    -88.00000            0            0      0.00000 
  185    -89.00000            0            0      0.00000 
  186    -90.00000            0            0      0.00000 
  187    -91.00000            0            0      0.00000 
  188    -92.00000            0            0      0.00000 
  189    -93.00000            0            0      0.00000 
  190    -94.00000            0            0      0.00000 
  191    -95.00000            0            0      0.00000 
  192    -96.00000            0            0      0.00000 
  193    -97.00000            0            0      0.00000 
  194    -98.00000            0            0      0.00000 
