# 3dSliceNDice -insetA 6m_5min_s1_m3_binary+orig -insetB 6m_5min_s2_m3_binary+orig -prefix 6m_5min_split_m3_binary
    0    -72.00000            0            0      0.00000 
    1    -71.00000            0            0      0.00000 
    2    -70.00000            0            0      0.00000 
    3    -69.00000            0            0      0.00000 
    4    -68.00000            0            0      0.00000 
    5    -67.00000            0            0      0.00000 
    6    -66.00000            0            0      0.00000 
    7    -65.00000            0            0      0.00000 
    8    -64.00000            0            0      0.00000 
    9    -63.00000            0            0      0.00000 
   10    -62.00000            0            0      0.00000 
   11    -61.00000            0            0      0.00000 
   12    -60.00000            0            0      0.00000 
   13    -59.00000            0            0      0.00000 
   14    -58.00000            0            0      0.00000 
   15    -57.00000            0            0      0.00000 
   16    -56.00000            0            0      0.00000 
   17    -55.00000            0            0      0.00000 
   18    -54.00000            0            0      0.00000 
   19    -53.00000            0            0      0.00000 
   20    -52.00000            0            0      0.00000 
   21    -51.00000            0            0      0.00000 
   22    -50.00000            0            0      0.00000 
   23    -49.00000            0            0      0.00000 
   24    -48.00000            0            0      0.00000 
   25    -47.00000            0            0      0.00000 
   26    -46.00000            0            0      0.00000 
   27    -45.00000            0            0      0.00000 
   28    -44.00000            0            0      0.00000 
   29    -43.00000            0            0      0.00000 
   30    -42.00000            0            0      0.00000 
   31    -41.00000            0            0      0.00000 
   32    -40.00000            0            0      0.00000 
   33    -39.00000            0            0      0.00000 
   34    -38.00000            0            0      0.00000 
   35    -37.00000           12            8      0.80000 
   36    -36.00000           66           53      0.89076 
   37    -35.00000          110           89      0.89447 
   38    -34.00000          161          135      0.91216 
   39    -33.00000          209          179      0.92268 
   40    -32.00000          579          401      0.71020 
   41    -31.00000          839          653      0.76273 
   42    -30.00000          999          851      0.81946 
   43    -29.00000         1108          998      0.84900 
   44    -28.00000         1180         1112      0.86475 
   45    -27.00000         1686         1393      0.86846 
   46    -26.00000         2081         1688      0.88299 
   47    -25.00000         2339         1931      0.89649 
   48    -24.00000         2530         2106      0.90207 
   49    -23.00000         2706         2267      0.90770 
   50    -22.00000         3798         3739      0.91230 
   51    -21.00000         4387         4311      0.92826 
   52    -20.00000         4712         4598      0.93018 
   53    -19.00000         4955         4763      0.92756 
   54    -18.00000         5162         4868      0.91904 
   55    -17.00000         5644         5067      0.91737 
   56    -16.00000         5921         5206      0.91004 
   57    -15.00000         6185         5342      0.89945 
   58    -14.00000         6358         5376      0.88342 
   59    -13.00000         6376         5330      0.87391 
   60    -12.00000         6279         5262      0.87514 
   61    -11.00000         6196         5212      0.87535 
   62    -10.00000         6118         5187      0.87873 
   63     -9.00000         5921         5053      0.88172 
   64     -8.00000         5653         4863      0.88646 
   65     -7.00000         5310         4638      0.89244 
   66     -6.00000         5184         4540      0.89531 
   67     -5.00000         5038         4430      0.89966 
   68     -4.00000         4799         4246      0.90282 
   69     -3.00000         4510         4066      0.90602 
   70     -2.00000         4176         3769      0.89969 
   71     -1.00000         4008         3640      0.89827 
   72      0.00000         3806         3485      0.89809 
   73      1.00000         3498         3252      0.90193 
   74      2.00000         3119         2993      0.90870 
   75      3.00000         2761         2768      0.89456 
   76      4.00000         2650         2688      0.88123 
   77      5.00000         2467         2546      0.86774 
   78      6.00000         2167         2295      0.84850 
   79      7.00000         1654         1821      0.81899 
   80      8.00000          802          870      0.78230 
   81      9.00000          862          957      0.78835 
   82     10.00000          899         1010      0.79204 
   83     11.00000          876         1006      0.79065 
   84     12.00000          801          964      0.78754 
   85     13.00000          773          995      0.80430 
   86     14.00000          842         1098      0.81134 
   87     15.00000          928         1189      0.83609 
   88     16.00000          991         1226      0.85521 
   89     17.00000         1040         1256      0.86934 
   90     18.00000         1164         1452      0.85933 
   91     19.00000         1307         1628      0.86405 
   92     20.00000         1455         1769      0.87841 
   93     21.00000         1522         1832      0.88849 
   94     22.00000         1589         1883      0.89631 
   95     23.00000         1627         1917      0.90350 
   96     24.00000         1654         1895      0.91744 
   97     25.00000         1683         1883      0.93158 
   98     26.00000         1666         1833      0.93798 
   99     27.00000         1621         1768      0.94187 
  100     28.00000         1562         1707      0.94769 
  101     29.00000         1517         1665      0.94909 
  102     30.00000         1470         1623      0.95053 
  103     31.00000         1418         1571      0.94614 
  104     32.00000         1387         1537      0.94596 
  105     33.00000         1320         1474      0.94202 
  106     34.00000         1249         1400      0.93998 
  107     35.00000         1188         1327      0.94155 
  108     36.00000         1118         1243      0.94621 
  109     37.00000         1058         1170      0.94794 
  110     38.00000          958         1064      0.94164 
  111     39.00000          865          967      0.92795 
  112     40.00000          761          866      0.90473 
  113     41.00000          661          793      0.87070 
  114     42.00000          575          729      0.82975 
  115     43.00000          495          635      0.81062 
  116     44.00000          442          554      0.81325 
  117     45.00000          388          481      0.80783 
  118     46.00000          318          413      0.77428 
  119     47.00000          248          350      0.74582 
  120     48.00000          191          279      0.72340 
  121     49.00000          130          200      0.69091 
  122     50.00000           82          121      0.71921 
  123     51.00000           34           48      0.75610 
  124     52.00000            2            2      1.00000 
  125     53.00000            0            0      0.00000 
  126     54.00000            0            0      0.00000 
  127     55.00000            0            0      0.00000 
  128     56.00000            0            0      0.00000 
  129     57.00000            0            0      0.00000 
  130     58.00000            0            0      0.00000 
  131     59.00000            0            0      0.00000 
  132     60.00000            0            0      0.00000 
  133     61.00000            0            0      0.00000 
  134     62.00000            0            0      0.00000 
  135     63.00000            0            0      0.00000 
  136     64.00000            0            0      0.00000 
  137     65.00000            0            0      0.00000 
  138     66.00000            0            0      0.00000 
  139     67.00000            0            0      0.00000 
  140     68.00000            0            0      0.00000 
  141     69.00000            0            0      0.00000 
  142     70.00000            0            0      0.00000 
  143     71.00000            0            0      0.00000 
  144     72.00000            0            0      0.00000 
  145     73.00000            0            0      0.00000 
  146     74.00000            0            0      0.00000 
  147     75.00000            0            0      0.00000 
  148     76.00000            0            0      0.00000 
  149     77.00000            0            0      0.00000 
  150     78.00000            0            0      0.00000 
  151     79.00000            0            0      0.00000 
  152     80.00000            0            0      0.00000 
  153     81.00000            0            0      0.00000 
  154     82.00000            0            0      0.00000 
  155     83.00000            0            0      0.00000 
  156     84.00000            0            0      0.00000 
  157     85.00000            0            0      0.00000 
  158     86.00000            0            0      0.00000 
