# 3dSliceNDice -insetA 6m_5min_s1_m1_binary+orig -insetB 6m_5min_s2_m1_binary+orig -prefix 6m_5min_split_m1_binary
    0     96.00000            0            0      0.00000 
    1     95.00000            0            0      0.00000 
    2     94.00000            0            0      0.00000 
    3     93.00000            0            0      0.00000 
    4     92.00000            0            0      0.00000 
    5     91.00000            0            0      0.00000 
    6     90.00000            0            0      0.00000 
    7     89.00000            0            0      0.00000 
    8     88.00000            0            0      0.00000 
    9     87.00000            0            0      0.00000 
   10     86.00000            0            0      0.00000 
   11     85.00000            0            0      0.00000 
   12     84.00000            0            0      0.00000 
   13     83.00000            0            0      0.00000 
   14     82.00000            0            0      0.00000 
   15     81.00000            0            0      0.00000 
   16     80.00000            0            0      0.00000 
   17     79.00000            0            0      0.00000 
   18     78.00000            0            0      0.00000 
   19     77.00000            0            0      0.00000 
   20     76.00000            0            0      0.00000 
   21     75.00000            0            0      0.00000 
   22     74.00000            0            0      0.00000 
   23     73.00000            0            0      0.00000 
   24     72.00000            0            0      0.00000 
   25     71.00000            0            0      0.00000 
   26     70.00000            0            0      0.00000 
   27     69.00000            0            0      0.00000 
   28     68.00000            0            0      0.00000 
   29     67.00000            0            0      0.00000 
   30     66.00000            0            0      0.00000 
   31     65.00000            0            0      0.00000 
   32     64.00000            0            0      0.00000 
   33     63.00000            0            0      0.00000 
   34     62.00000            0            0      0.00000 
   35     61.00000            0            0      0.00000 
   36     60.00000            0            0      0.00000 
   37     59.00000            0            0      0.00000 
   38     58.00000            0            0      0.00000 
   39     57.00000            0            4      0.00000 
   40     56.00000           11           70      0.27160 
   41     55.00000           99          181      0.70714 
   42     54.00000          195          280      0.82105 
   43     53.00000          302          387      0.87663 
   44     52.00000          420          511      0.90226 
   45     51.00000          509          602      0.91629 
   46     50.00000          594          702      0.91667 
   47     49.00000          655          775      0.91608 
   48     48.00000          723          854      0.91693 
   49     47.00000          772          919      0.91307 
   50     46.00000          795          956      0.90805 
   51     45.00000          815          990      0.90305 
   52     44.00000          841         1007      0.90260 
   53     43.00000          907         1070      0.90035 
   54     42.00000          959         1106      0.89588 
   55     41.00000         1009         1155      0.87616 
   56     40.00000         1043         1171      0.85998 
   57     39.00000         1061         1158      0.84723 
   58     38.00000         1083         1163      0.83437 
   59     37.00000         1138         1198      0.81507 
   60     36.00000         1223         1276      0.81313 
   61     35.00000         1314         1337      0.80875 
   62     34.00000         1347         1333      0.78806 
   63     33.00000         1362         1281      0.77336 
   64     32.00000         1382         1318      0.84222 
   65     31.00000         1463         1434      0.86987 
   66     30.00000         1561         1576      0.88811 
   67     29.00000         1595         1665      0.90429 
   68     28.00000         1598         1725      0.91604 
   69     27.00000         1635         1793      0.92474 
   70     26.00000         1720         1900      0.92376 
   71     25.00000         1849         2020      0.92996 
   72     24.00000         1941         2116      0.93271 
   73     23.00000         2046         2220      0.93671 
   74     22.00000         2167         2353      0.93496 
   75     21.00000         2284         2452      0.92990 
   76     20.00000         2396         2587      0.92314 
   77     19.00000         2476         2697      0.91900 
   78     18.00000         2555         2801      0.91785 
   79     17.00000         2630         2946      0.91392 
   80     16.00000         2672         3040      0.91106 
   81     15.00000         2702         3110      0.91087 
   82     14.00000         2673         3097      0.90849 
   83     13.00000         2578         3035      0.89898 
   84     12.00000         2463         3106      0.86658 
   85     11.00000         2479         3194      0.85211 
   86     10.00000         2498         3234      0.83985 
   87      9.00000         2450         3166      0.82942 
   88      8.00000         2384         3058      0.82065 
   89      7.00000         2257         2889      0.79751 
   90      6.00000         2195         2848      0.78525 
   91      5.00000         2129         2772      0.77290 
   92      4.00000         2001         2596      0.76528 
   93      3.00000         1876         2418      0.76386 
   94      2.00000         1880         2257      0.75852 
   95      1.00000         1985         2177      0.76886 
   96      0.00000         2056         2096      0.78420 
   97     -1.00000         2108         2040      0.78255 
   98     -2.00000         2185         2043      0.76727 
   99     -3.00000         2420         2205      0.82335 
  100     -4.00000         2631         2331      0.85893 
  101     -5.00000         2833         2423      0.88242 
  102     -6.00000         2943         2472      0.88938 
  103     -7.00000         3023         2490      0.88808 
  104     -8.00000         3128         2623      0.89341 
  105     -9.00000         3221         2809      0.90315 
  106    -10.00000         3346         2974      0.90411 
  107    -11.00000         3424         3087      0.89848 
  108    -12.00000         3501         3171      0.89179 
  109    -13.00000         3598         3239      0.88167 
  110    -14.00000         3649         3283      0.87911 
  111    -15.00000         3711         3351      0.87992 
  112    -16.00000         3696         3376      0.88264 
  113    -17.00000         3685         3394      0.88544 
  114    -18.00000         3616         3399      0.89209 
  115    -19.00000         3528         3362      0.89637 
  116    -20.00000         3434         3336      0.90192 
  117    -21.00000         3262         3236      0.90489 
  118    -22.00000         3141         3178      0.90869 
  119    -23.00000         2973         3081      0.89462 
  120    -24.00000         2899         3018      0.88863 
  121    -25.00000         2815         2952      0.88608 
  122    -26.00000         2699         2824      0.88466 
  123    -27.00000         2625         2713      0.88872 
  124    -28.00000         2726         2680      0.87236 
  125    -29.00000         2767         2685      0.87234 
  126    -30.00000         2720         2648      0.87332 
  127    -31.00000         2513         2476      0.86671 
  128    -32.00000         2281         2237      0.85303 
  129    -33.00000         1974         1890      0.79969 
  130    -34.00000         1896         1981      0.80578 
  131    -35.00000         1826         2075      0.81261 
  132    -36.00000         1707         2082      0.81763 
  133    -37.00000         1653         2110      0.82381 
  134    -38.00000         1662         2082      0.84776 
  135    -39.00000         1657         2022      0.86110 
  136    -40.00000         1659         1979      0.87631 
  137    -41.00000         1622         1911      0.87518 
  138    -42.00000         1589         1860      0.87330 
  139    -43.00000         1522         1785      0.86544 
  140    -44.00000         1456         1681      0.86835 
  141    -45.00000         1390         1573      0.86939 
  142    -46.00000         1305         1422      0.88155 
  143    -47.00000         1222         1278      0.89280 
  144    -48.00000         1110         1165      0.88527 
  145    -49.00000         1038         1076      0.88458 
  146    -50.00000          910          940      0.88432 
  147    -51.00000          742          764      0.88181 
  148    -52.00000          602          626      0.87459 
  149    -53.00000          440          460      0.86444 
  150    -54.00000          274          298      0.82867 
  151    -55.00000          139          151      0.75862 
  152    -56.00000           52           61      0.58407 
  153    -57.00000           13            5      0.11111 
  154    -58.00000            0            0      0.00000 
  155    -59.00000            0            0      0.00000 
  156    -60.00000            0            0      0.00000 
  157    -61.00000            0            0      0.00000 
  158    -62.00000            0            0      0.00000 
  159    -63.00000            0            0      0.00000 
  160    -64.00000            0            0      0.00000 
  161    -65.00000            0            0      0.00000 
  162    -66.00000            0            0      0.00000 
  163    -67.00000            0            0      0.00000 
  164    -68.00000            0            0      0.00000 
  165    -69.00000            0            0      0.00000 
  166    -70.00000            0            0      0.00000 
  167    -71.00000            0            0      0.00000 
  168    -72.00000            0            0      0.00000 
  169    -73.00000            0            0      0.00000 
  170    -74.00000            0            0      0.00000 
  171    -75.00000            0            0      0.00000 
  172    -76.00000            0            0      0.00000 
  173    -77.00000            0            0      0.00000 
  174    -78.00000            0            0      0.00000 
  175    -79.00000            0            0      0.00000 
  176    -80.00000            0            0      0.00000 
  177    -81.00000            0            0      0.00000 
  178    -82.00000            0            0      0.00000 
  179    -83.00000            0            0      0.00000 
  180    -84.00000            0            0      0.00000 
  181    -85.00000            0            0      0.00000 
  182    -86.00000            0            0      0.00000 
  183    -87.00000            0            0      0.00000 
  184    -88.00000            0            0      0.00000 
  185    -89.00000            0            0      0.00000 
  186    -90.00000            0            0      0.00000 
  187    -91.00000            0            0      0.00000 
  188    -92.00000            0            0      0.00000 
  189    -93.00000            0            0      0.00000 
  190    -94.00000            0            0      0.00000 
  191    -95.00000            0            0      0.00000 
  192    -96.00000            0            0      0.00000 
  193    -97.00000            0            0      0.00000 
  194    -98.00000            0            0      0.00000 
