# 3dSliceNDice -insetA 6m_5min_s1_m5_binary+orig -insetB 6m_5min_s2_m5_binary+orig -prefix 6m_5min_split_m5_binary
    0     96.00000            0            0      0.00000 
    1     95.00000            0            0      0.00000 
    2     94.00000            0            0      0.00000 
    3     93.00000            0            0      0.00000 
    4     92.00000            0            0      0.00000 
    5     91.00000            0            0      0.00000 
    6     90.00000            0            0      0.00000 
    7     89.00000            0            0      0.00000 
    8     88.00000            0            0      0.00000 
    9     87.00000            0            0      0.00000 
   10     86.00000            0            0      0.00000 
   11     85.00000            0            0      0.00000 
   12     84.00000            0            0      0.00000 
   13     83.00000            0            0      0.00000 
   14     82.00000            0            0      0.00000 
   15     81.00000            0            0      0.00000 
   16     80.00000            0            0      0.00000 
   17     79.00000            0            0      0.00000 
   18     78.00000            0            0      0.00000 
   19     77.00000            0            0      0.00000 
   20     76.00000            0            0      0.00000 
   21     75.00000            0            0      0.00000 
   22     74.00000            0            0      0.00000 
   23     73.00000            0            0      0.00000 
   24     72.00000            0            0      0.00000 
   25     71.00000            0            0      0.00000 
   26     70.00000            0            0      0.00000 
   27     69.00000            0            0      0.00000 
   28     68.00000            0            0      0.00000 
   29     67.00000            0            0      0.00000 
   30     66.00000            0            0      0.00000 
   31     65.00000            0            0      0.00000 
   32     64.00000            0            0      0.00000 
   33     63.00000            0            0      0.00000 
   34     62.00000            0            0      0.00000 
   35     61.00000            0            0      0.00000 
   36     60.00000            0            0      0.00000 
   37     59.00000            0            0      0.00000 
   38     58.00000            0            0      0.00000 
   39     57.00000            0            0      0.00000 
   40     56.00000            0            0      0.00000 
   41     55.00000            0            0      0.00000 
   42     54.00000            0            2      0.00000 
   43     53.00000            0           34      0.00000 
   44     52.00000            0           74      0.00000 
   45     51.00000            0          100      0.00000 
   46     50.00000            0          164      0.00000 
   47     49.00000            0          249      0.00000 
   48     48.00000            0          275      0.00000 
   49     47.00000            0          294      0.00000 
   50     46.00000            0          305      0.00000 
   51     45.00000            0          300      0.00000 
   52     44.00000            0          276      0.00000 
   53     43.00000            0          256      0.00000 
   54     42.00000            0          216      0.00000 
   55     41.00000            0          180      0.00000 
   56     40.00000            0          140      0.00000 
   57     39.00000            0           88      0.00000 
   58     38.00000            0           32      0.00000 
   59     37.00000           21           19      0.15000 
   60     36.00000           60           57      0.49573 
   61     35.00000          100           98      0.60606 
   62     34.00000          135          137      0.64706 
   63     33.00000          170          184      0.68362 
   64     32.00000          283          339      0.79743 
   65     31.00000          412          506      0.78867 
   66     30.00000          525          661      0.77740 
   67     29.00000          612          785      0.77022 
   68     28.00000          685          885      0.77070 
   69     27.00000          819         1032      0.78768 
   70     26.00000          983         1166      0.80316 
   71     25.00000         1138         1329      0.80503 
   72     24.00000         1246         1434      0.80821 
   73     23.00000         1333         1531      0.80726 
   74     22.00000         1481         1660      0.80102 
   75     21.00000         1614         1763      0.80012 
   76     20.00000         1749         1861      0.80277 
   77     19.00000         1850         1932      0.80539 
   78     18.00000         1940         1994      0.80935 
   79     17.00000         2469         2426      0.82819 
   80     16.00000         2814         2710      0.83490 
   81     15.00000         3078         2924      0.83905 
   82     14.00000         3274         3061      0.84767 
   83     13.00000         3442         3150      0.85498 
   84     12.00000         3705         3546      0.88898 
   85     11.00000         3908         3800      0.89777 
   86     10.00000         4070         3997      0.90715 
   87      9.00000         4165         4120      0.91467 
   88      8.00000         4245         4229      0.91928 
   89      7.00000         4343         4350      0.92764 
   90      6.00000         4376         4385      0.93277 
   91      5.00000         4435         4414      0.93547 
   92      4.00000         4406         4349      0.93706 
   93      3.00000         4377         4301      0.93570 
   94      2.00000         4305         4188      0.93512 
   95      1.00000         4179         4018      0.93351 
   96      0.00000         4112         3905      0.93127 
   97     -1.00000         4099         3878      0.92616 
   98     -2.00000         4172         3905      0.92212 
   99     -3.00000         4176         3869      0.91983 
  100     -4.00000         4147         3801      0.91872 
  101     -5.00000         4073         3687      0.91418 
  102     -6.00000         3872         3523      0.91089 
  103     -7.00000         3603         3296      0.89665 
  104     -8.00000         3222         2944      0.88615 
  105     -9.00000         3049         2800      0.88528 
  106    -10.00000         2810         2605      0.88495 
  107    -11.00000         2510         2345      0.88321 
  108    -12.00000         2116         2003      0.87691 
  109    -13.00000         1661         1689      0.89433 
  110    -14.00000         1650         1703      0.89174 
  111    -15.00000         1614         1673      0.89504 
  112    -16.00000         1534         1597      0.89812 
  113    -17.00000         1396         1451      0.89006 
  114    -18.00000         1265         1157      0.86623 
  115    -19.00000         1236         1160      0.87896 
  116    -20.00000         1212         1156      0.89274 
  117    -21.00000         1152         1136      0.89685 
  118    -22.00000         1100         1126      0.90566 
  119    -23.00000         1100         1169      0.87263 
  120    -24.00000         1155         1228      0.84599 
  121    -25.00000         1212         1269      0.82467 
  122    -26.00000         1213         1266      0.80516 
  123    -27.00000         1225         1251      0.79968 
  124    -28.00000         1207         1209      0.78477 
  125    -29.00000         1163         1145      0.77556 
  126    -30.00000         1103         1062      0.75196 
  127    -31.00000          991          932      0.72387 
  128    -32.00000          914          803      0.71054 
  129    -33.00000          838          673      0.71873 
  130    -34.00000          777          607      0.70954 
  131    -35.00000          723          551      0.70173 
  132    -36.00000          663          479      0.69527 
  133    -37.00000          600          407      0.68520 
  134    -38.00000          508          324      0.67308 
  135    -39.00000          427          247      0.64095 
  136    -40.00000          330          159      0.57669 
  137    -41.00000          237           88      0.50462 
  138    -42.00000          170           32      0.31683 
  139    -43.00000          116            0      0.00000 
  140    -44.00000           82            0      0.00000 
  141    -45.00000           51            0      0.00000 
  142    -46.00000           19            0      0.00000 
  143    -47.00000            0            0      0.00000 
  144    -48.00000            0            0      0.00000 
  145    -49.00000            0            0      0.00000 
  146    -50.00000            0            0      0.00000 
  147    -51.00000            0            0      0.00000 
  148    -52.00000            0            0      0.00000 
  149    -53.00000            0            0      0.00000 
  150    -54.00000            0            0      0.00000 
  151    -55.00000            0            0      0.00000 
  152    -56.00000            0            0      0.00000 
  153    -57.00000            0            0      0.00000 
  154    -58.00000            0            0      0.00000 
  155    -59.00000            0            0      0.00000 
  156    -60.00000            0            0      0.00000 
  157    -61.00000            0            0      0.00000 
  158    -62.00000            0            0      0.00000 
  159    -63.00000            0            0      0.00000 
  160    -64.00000            0            0      0.00000 
  161    -65.00000            0            0      0.00000 
  162    -66.00000            0            0      0.00000 
  163    -67.00000            0            0      0.00000 
  164    -68.00000            0            0      0.00000 
  165    -69.00000            0            0      0.00000 
  166    -70.00000            0            0      0.00000 
  167    -71.00000            0            0      0.00000 
  168    -72.00000            0            0      0.00000 
  169    -73.00000            0            0      0.00000 
  170    -74.00000            0            0      0.00000 
  171    -75.00000            0            0      0.00000 
  172    -76.00000            0            0      0.00000 
  173    -77.00000            0            0      0.00000 
  174    -78.00000            0            0      0.00000 
  175    -79.00000            0            0      0.00000 
  176    -80.00000            0            0      0.00000 
  177    -81.00000            0            0      0.00000 
  178    -82.00000            0            0      0.00000 
  179    -83.00000            0            0      0.00000 
  180    -84.00000            0            0      0.00000 
  181    -85.00000            0            0      0.00000 
  182    -86.00000            0            0      0.00000 
  183    -87.00000            0            0      0.00000 
  184    -88.00000            0            0      0.00000 
  185    -89.00000            0            0      0.00000 
  186    -90.00000            0            0      0.00000 
  187    -91.00000            0            0      0.00000 
  188    -92.00000            0            0      0.00000 
  189    -93.00000            0            0      0.00000 
  190    -94.00000            0            0      0.00000 
  191    -95.00000            0            0      0.00000 
  192    -96.00000            0            0      0.00000 
  193    -97.00000            0            0      0.00000 
  194    -98.00000            0            0      0.00000 
