# 3dSliceNDice -insetA 6m_5min_s1_m5_binary+orig -insetB 6m_5min_s2_m5_binary+orig -prefix 6m_5min_split_m5_binary
    0    134.00000            0            0      0.00000 
    1    133.00000            0            0      0.00000 
    2    132.00000            0            0      0.00000 
    3    131.00000            0            0      0.00000 
    4    130.00000            0            0      0.00000 
    5    129.00000            0            0      0.00000 
    6    128.00000            0            0      0.00000 
    7    127.00000            0            0      0.00000 
    8    126.00000            0            0      0.00000 
    9    125.00000            0            0      0.00000 
   10    124.00000            0            0      0.00000 
   11    123.00000            0            0      0.00000 
   12    122.00000            0            0      0.00000 
   13    121.00000            0            0      0.00000 
   14    120.00000            0            0      0.00000 
   15    119.00000            0            0      0.00000 
   16    118.00000            0            0      0.00000 
   17    117.00000            0            0      0.00000 
   18    116.00000            0            0      0.00000 
   19    115.00000            0            0      0.00000 
   20    114.00000            0            0      0.00000 
   21    113.00000            0            0      0.00000 
   22    112.00000            0            0      0.00000 
   23    111.00000            0            0      0.00000 
   24    110.00000            0            0      0.00000 
   25    109.00000            0            0      0.00000 
   26    108.00000            0            0      0.00000 
   27    107.00000            0            0      0.00000 
   28    106.00000            0            0      0.00000 
   29    105.00000            0            0      0.00000 
   30    104.00000            0            0      0.00000 
   31    103.00000            0            0      0.00000 
   32    102.00000            0            0      0.00000 
   33    101.00000            0            0      0.00000 
   34    100.00000            0            0      0.00000 
   35     99.00000            0            0      0.00000 
   36     98.00000            0            0      0.00000 
   37     97.00000            0            0      0.00000 
   38     96.00000            0            0      0.00000 
   39     95.00000            0            0      0.00000 
   40     94.00000            0            0      0.00000 
   41     93.00000            0            0      0.00000 
   42     92.00000            0            0      0.00000 
   43     91.00000            0            0      0.00000 
   44     90.00000            0            0      0.00000 
   45     89.00000            0            0      0.00000 
   46     88.00000            0            0      0.00000 
   47     87.00000            0            0      0.00000 
   48     86.00000            0            0      0.00000 
   49     85.00000            0            0      0.00000 
   50     84.00000            0            0      0.00000 
   51     83.00000            0            0      0.00000 
   52     82.00000            0            0      0.00000 
   53     81.00000            0            0      0.00000 
   54     80.00000            0            0      0.00000 
   55     79.00000            0            0      0.00000 
   56     78.00000            0            0      0.00000 
   57     77.00000            0            0      0.00000 
   58     76.00000           13           13      1.00000 
   59     75.00000           46           57      0.89320 
   60     74.00000           78          106      0.84783 
   61     73.00000          124          164      0.86111 
   62     72.00000          191          234      0.87529 
   63     71.00000          261          287      0.85036 
   64     70.00000          350          352      0.86610 
   65     69.00000          413          396      0.87021 
   66     68.00000          468          436      0.87611 
   67     67.00000          532          500      0.86047 
   68     66.00000          608          593      0.86428 
   69     65.00000          706          699      0.88683 
   70     64.00000          779          787      0.90294 
   71     63.00000          838          858      0.91038 
   72     62.00000          903          989      0.89535 
   73     61.00000          928         1085      0.86637 
   74     60.00000          970         1186      0.85250 
   75     59.00000          986         1251      0.83862 
   76     58.00000         1001         1314      0.82592 
   77     57.00000         1275         1531      0.85887 
   78     56.00000         1499         1706      0.87613 
   79     55.00000         1646         1853      0.87911 
   80     54.00000         1772         1966      0.87533 
   81     53.00000         1893         2060      0.88237 
   82     52.00000         2012         2145      0.88670 
   83     51.00000         2090         2219      0.89348 
   84     50.00000         2192         2312      0.90098 
   85     49.00000         2258         2377      0.90787 
   86     48.00000         2336         2451      0.91372 
   87     47.00000         2404         2542      0.91994 
   88     46.00000         2446         2594      0.92738 
   89     45.00000         2503         2656      0.94049 
   90     44.00000         2519         2680      0.94133 
   91     43.00000         2529         2699      0.94070 
   92     42.00000         2474         2665      0.93442 
   93     41.00000         2415         2626      0.93156 
   94     40.00000         2360         2586      0.92519 
   95     39.00000         2237         2496      0.91739 
   96     38.00000         2145         2445      0.90283 
   97     37.00000         2042         2367      0.89000 
   98     36.00000         2042         2307      0.88020 
   99     35.00000         2051         2238      0.86454 
  100     34.00000         2034         2157      0.85230 
  101     33.00000         2036         2080      0.84402 
  102     32.00000         2311         2272      0.86755 
  103     31.00000         2474         2405      0.89240 
  104     30.00000         2583         2474      0.90568 
  105     29.00000         2626         2512      0.91436 
  106     28.00000         2630         2501      0.91678 
  107     27.00000         2622         2477      0.92057 
  108     26.00000         2567         2450      0.92406 
  109     25.00000         2563         2461      0.93073 
  110     24.00000         2483         2433      0.93531 
  111     23.00000         2414         2403      0.93668 
  112     22.00000         2352         2373      0.93757 
  113     21.00000         2284         2314      0.93432 
  114     20.00000         2223         2248      0.92865 
  115     19.00000         2175         2171      0.92453 
  116     18.00000         2156         2139      0.91921 
  117     17.00000         2160         2111      0.91454 
  118     16.00000         2148         2073      0.91211 
  119     15.00000         2178         2050      0.91343 
  120     14.00000         2183         2021      0.91151 
  121     13.00000         2187         1977      0.90442 
  122     12.00000         2190         1898      0.89335 
  123     11.00000         2194         1843      0.89027 
  124     10.00000         2204         1779      0.88376 
  125      9.00000         2148         1694      0.87663 
  126      8.00000         2128         1652      0.87037 
  127      7.00000         2023         1586      0.87282 
  128      6.00000         1991         1538      0.86313 
  129      5.00000         1969         1476      0.84470 
  130      4.00000         1944         1424      0.82601 
  131      3.00000         1939         1378      0.80736 
  132      2.00000         1900         1309      0.79152 
  133      1.00000         1856         1270      0.79143 
  134      0.00000         1807         1220      0.78956 
  135     -1.00000         1715         1144      0.78559 
  136     -2.00000         1650         1100      0.79055 
  137     -3.00000         1553         1086      0.79500 
  138     -4.00000         1475         1100      0.78214 
  139     -5.00000         1399         1111      0.77291 
  140     -6.00000         1298         1077      0.75874 
  141     -7.00000         1216         1060      0.74253 
  142     -8.00000         1134         1013      0.72287 
  143     -9.00000         1060          947      0.70752 
  144    -10.00000          982          880      0.68743 
  145    -11.00000          864          762      0.67405 
  146    -12.00000          766          663      0.67180 
  147    -13.00000          636          576      0.66172 
  148    -14.00000          570          527      0.64357 
  149    -15.00000          491          471      0.60915 
  150    -16.00000          391          384      0.54968 
  151    -17.00000          288          275      0.39787 
  152    -18.00000          216          144      0.00000 
  153    -19.00000          180          122      0.00000 
  154    -20.00000          140           98      0.00000 
  155    -21.00000           88           60      0.00000 
  156    -22.00000           32           25      0.00000 
  157    -23.00000            0           32      0.00000 
  158    -24.00000            0           88      0.00000 
  159    -25.00000            0          140      0.00000 
  160    -26.00000            0          180      0.00000 
  161    -27.00000            0          216      0.00000 
  162    -28.00000           60          256      0.37975 
  163    -29.00000          138          280      0.66029 
  164    -30.00000          204          305      0.80157 
  165    -31.00000          254          320      0.88502 
  166    -32.00000          289          333      0.92926 
  167    -33.00000          318          370      0.92442 
  168    -34.00000          316          413      0.86694 
  169    -35.00000          330          470      0.82500 
  170    -36.00000          323          503      0.78208 
  171    -37.00000          315          528      0.74733 
  172    -38.00000          297          533      0.71566 
  173    -39.00000          277          511      0.70305 
  174    -40.00000          261          489      0.69600 
  175    -41.00000          229          449      0.67552 
  176    -42.00000          201          416      0.65154 
  177    -43.00000          157          357      0.61089 
  178    -44.00000          120          297      0.57554 
  179    -45.00000           71          228      0.47492 
  180    -46.00000           27          150      0.30508 
  181    -47.00000            4           92      0.08333 
  182    -48.00000            0           41      0.00000 
  183    -49.00000            0           17      0.00000 
  184    -50.00000            0            0      0.00000 
  185    -51.00000            0            0      0.00000 
  186    -52.00000            0            0      0.00000 
  187    -53.00000            0            0      0.00000 
  188    -54.00000            0            0      0.00000 
  189    -55.00000            0            0      0.00000 
  190    -56.00000            0            0      0.00000 
  191    -57.00000            0            0      0.00000 
  192    -58.00000            0            0      0.00000 
  193    -59.00000            0            0      0.00000 
  194    -60.00000            0            0      0.00000 
  195    -61.00000            0            0      0.00000 
  196    -62.00000            0            0      0.00000 
  197    -63.00000            0            0      0.00000 
  198    -64.00000            0            0      0.00000 
  199    -65.00000            0            0      0.00000 
  200    -66.00000            0            0      0.00000 
  201    -67.00000            0            0      0.00000 
  202    -68.00000            0            0      0.00000 
  203    -69.00000            0            0      0.00000 
  204    -70.00000            0            0      0.00000 
  205    -71.00000            0            0      0.00000 
  206    -72.00000            0            0      0.00000 
  207    -73.00000            0            0      0.00000 
  208    -74.00000            0            0      0.00000 
  209    -75.00000            0            0      0.00000 
  210    -76.00000            0            0      0.00000 
  211    -77.00000            0            0      0.00000 
  212    -78.00000            0            0      0.00000 
  213    -79.00000            0            0      0.00000 
  214    -80.00000            0            0      0.00000 
  215    -81.00000            0            0      0.00000 
  216    -82.00000            0            0      0.00000 
  217    -83.00000            0            0      0.00000 
  218    -84.00000            0            0      0.00000 
  219    -85.00000            0            0      0.00000 
  220    -86.00000            0            0      0.00000 
  221    -87.00000            0            0      0.00000 
  222    -88.00000            0            0      0.00000 
  223    -89.00000            0            0      0.00000 
  224    -90.00000            0            0      0.00000 
  225    -91.00000            0            0      0.00000 
  226    -92.00000            0            0      0.00000 
  227    -93.00000            0            0      0.00000 
  228    -94.00000            0            0      0.00000 
  229    -95.00000            0            0      0.00000 
  230    -96.00000            0            0      0.00000 
  231    -97.00000            0            0      0.00000 
  232    -98.00000            0            0      0.00000 
