# 3dSliceNDice -insetA 6m_5min_s1_m3_binary+orig -insetB 6m_5min_s2_m3_binary+orig -prefix 6m_5min_split_m3_binary
    0    134.00000            0            0      0.00000 
    1    133.00000            0            0      0.00000 
    2    132.00000            0            0      0.00000 
    3    131.00000            0            0      0.00000 
    4    130.00000            0            0      0.00000 
    5    129.00000            0            0      0.00000 
    6    128.00000            0            0      0.00000 
    7    127.00000            0            0      0.00000 
    8    126.00000            0            0      0.00000 
    9    125.00000            0            0      0.00000 
   10    124.00000            0            0      0.00000 
   11    123.00000            0            0      0.00000 
   12    122.00000            0            0      0.00000 
   13    121.00000            0            0      0.00000 
   14    120.00000            0            0      0.00000 
   15    119.00000            0            0      0.00000 
   16    118.00000            0            0      0.00000 
   17    117.00000            0            0      0.00000 
   18    116.00000            0            0      0.00000 
   19    115.00000            0            0      0.00000 
   20    114.00000            0            0      0.00000 
   21    113.00000            0            0      0.00000 
   22    112.00000            0            0      0.00000 
   23    111.00000            0            0      0.00000 
   24    110.00000            0            0      0.00000 
   25    109.00000            0            0      0.00000 
   26    108.00000            0            0      0.00000 
   27    107.00000            0            0      0.00000 
   28    106.00000            0            0      0.00000 
   29    105.00000            0            0      0.00000 
   30    104.00000            0            0      0.00000 
   31    103.00000            0            0      0.00000 
   32    102.00000            0            0      0.00000 
   33    101.00000            0            0      0.00000 
   34    100.00000            0            0      0.00000 
   35     99.00000            0            0      0.00000 
   36     98.00000            0            0      0.00000 
   37     97.00000            0            0      0.00000 
   38     96.00000            0            0      0.00000 
   39     95.00000            0            0      0.00000 
   40     94.00000            0            0      0.00000 
   41     93.00000            0            0      0.00000 
   42     92.00000            0            0      0.00000 
   43     91.00000            0            0      0.00000 
   44     90.00000            0            0      0.00000 
   45     89.00000            0            0      0.00000 
   46     88.00000            0            0      0.00000 
   47     87.00000            0            0      0.00000 
   48     86.00000            0            0      0.00000 
   49     85.00000            0            0      0.00000 
   50     84.00000            0            0      0.00000 
   51     83.00000            0            0      0.00000 
   52     82.00000            0            0      0.00000 
   53     81.00000            9            9      1.00000 
   54     80.00000           36           36      1.00000 
   55     79.00000           78           78      1.00000 
   56     78.00000          139          139      1.00000 
   57     77.00000          211          211      1.00000 
   58     76.00000          312          335      0.96445 
   59     75.00000          465          518      0.94608 
   60     74.00000          619          690      0.94118 
   61     73.00000          756          835      0.94029 
   62     72.00000          938         1032      0.92995 
   63     71.00000         1153         1253      0.92519 
   64     70.00000         1470         1557      0.93756 
   65     69.00000         1710         1759      0.93745 
   66     68.00000         1898         1923      0.93588 
   67     67.00000         2084         2063      0.93079 
   68     66.00000         2270         2179      0.92335 
   69     65.00000         2488         2331      0.91679 
   70     64.00000         2627         2424      0.91546 
   71     63.00000         2730         2496      0.91848 
   72     62.00000         2772         2537      0.92484 
   73     61.00000         2792         2558      0.93308 
   74     60.00000         2807         2583      0.93878 
   75     59.00000         2751         2540      0.93895 
   76     58.00000         2704         2526      0.93958 
   77     57.00000         2620         2501      0.93927 
   78     56.00000         2625         2494      0.92948 
   79     55.00000         2646         2493      0.91808 
   80     54.00000         2664         2464      0.90874 
   81     53.00000         2712         2433      0.89563 
   82     52.00000         2759         2448      0.89572 
   83     51.00000         2802         2497      0.90092 
   84     50.00000         2834         2566      0.91519 
   85     49.00000         2794         2550      0.92590 
   86     48.00000         2820         2583      0.93207 
   87     47.00000         2783         2588      0.93800 
   88     46.00000         2773         2634      0.94174 
   89     45.00000         2761         2680      0.94247 
   90     44.00000         2680         2647      0.93899 
   91     43.00000         2601         2654      0.93130 
   92     42.00000         2554         2655      0.92110 
   93     41.00000         2532         2626      0.92284 
   94     40.00000         2551         2614      0.92856 
   95     39.00000         2501         2527      0.93675 
   96     38.00000         2418         2368      0.94985 
   97     37.00000         2325         2204      0.96004 
   98     36.00000         2345         2221      0.96102 
   99     35.00000         2388         2255      0.95542 
  100     34.00000         2424         2311      0.95206 
  101     33.00000         2465         2359      0.95149 
  102     32.00000         2501         2400      0.95042 
  103     31.00000         2509         2420      0.94908 
  104     30.00000         2526         2432      0.94958 
  105     29.00000         2529         2415      0.94579 
  106     28.00000         2545         2393      0.94249 
  107     27.00000         2524         2356      0.94057 
  108     26.00000         2487         2313      0.94042 
  109     25.00000         2447         2268      0.94040 
  110     24.00000         2345         2232      0.93686 
  111     23.00000         2267         2226      0.94013 
  112     22.00000         2138         2205      0.94082 
  113     21.00000         2086         2182      0.94236 
  114     20.00000         2029         2154      0.94430 
  115     19.00000         1955         2104      0.94506 
  116     18.00000         1915         2083      0.94998 
  117     17.00000         2008         2196      0.92055 
  118     16.00000         2144         2319      0.90701 
  119     15.00000         2225         2383      0.90365 
  120     14.00000         2254         2414      0.89974 
  121     13.00000         2260         2427      0.89610 
  122     12.00000         2299         2473      0.90067 
  123     11.00000         2312         2498      0.91102 
  124     10.00000         2339         2519      0.91931 
  125      9.00000         2326         2491      0.91634 
  126      8.00000         2346         2484      0.92215 
  127      7.00000         2252         2365      0.91748 
  128      6.00000         2190         2294      0.91436 
  129      5.00000         2135         2227      0.91013 
  130      4.00000         2046         2118      0.90106 
  131      3.00000         1969         2055      0.89414 
  132      2.00000         1863         1978      0.88623 
  133      1.00000         1783         1895      0.89070 
  134      0.00000         1710         1809      0.89912 
  135     -1.00000         1606         1685      0.90307 
  136     -2.00000         1515         1558      0.91051 
  137     -3.00000         1370         1361      0.90516 
  138     -4.00000         1278         1276      0.88254 
  139     -5.00000         1171         1182      0.84488 
  140     -6.00000         1016         1042      0.78717 
  141     -7.00000          871          900      0.70017 
  142     -8.00000          827          775      0.65543 
  143     -9.00000          879          700      0.67131 
  144    -10.00000          886          619      0.64718 
  145    -11.00000          860          502      0.59031 
  146    -12.00000          843          376      0.49221 
  147    -13.00000          821          296      0.41898 
  148    -14.00000          798          296      0.44790 
  149    -15.00000          769          300      0.48082 
  150    -16.00000          708          305      0.51333 
  151    -17.00000          660          304      0.54149 
  152    -18.00000          628          296      0.54762 
  153    -19.00000          600          284      0.54072 
  154    -20.00000          590          271      0.52962 
  155    -21.00000          562          246      0.51733 
  156    -22.00000          550          236      0.49618 
  157    -23.00000          510          225      0.42993 
  158    -24.00000          471          253      0.35912 
  159    -25.00000          414          255      0.26009 
  160    -26.00000          344          234      0.15571 
  161    -27.00000          280          207      0.01643 
  162    -28.00000          273          196      0.00000 
  163    -29.00000          271          194      0.00000 
  164    -30.00000          264          199      0.00000 
  165    -31.00000          256          195      0.00000 
  166    -32.00000          240          189      0.00000 
  167    -33.00000          228          173      0.00000 
  168    -34.00000          217          157      0.00000 
  169    -35.00000          199          137      0.00000 
  170    -36.00000          178          108      0.00000 
  171    -37.00000          162           88      0.00000 
  172    -38.00000          131           61      0.00000 
  173    -39.00000          101           44      0.00000 
  174    -40.00000           78           26      0.00000 
  175    -41.00000           50            5      0.00000 
  176    -42.00000           21            0      0.00000 
  177    -43.00000            0            0      0.00000 
  178    -44.00000            0            0      0.00000 
  179    -45.00000            0            0      0.00000 
  180    -46.00000            0            0      0.00000 
  181    -47.00000            0            0      0.00000 
  182    -48.00000            0            0      0.00000 
  183    -49.00000            0            0      0.00000 
  184    -50.00000            0            0      0.00000 
  185    -51.00000            0            0      0.00000 
  186    -52.00000            0            0      0.00000 
  187    -53.00000            0            0      0.00000 
  188    -54.00000            0            0      0.00000 
  189    -55.00000            0            0      0.00000 
  190    -56.00000            0            0      0.00000 
  191    -57.00000            0            0      0.00000 
  192    -58.00000            0            0      0.00000 
  193    -59.00000            0            0      0.00000 
  194    -60.00000            0            0      0.00000 
  195    -61.00000            0            0      0.00000 
  196    -62.00000            0            0      0.00000 
  197    -63.00000            0            0      0.00000 
  198    -64.00000            0            0      0.00000 
  199    -65.00000            0            0      0.00000 
  200    -66.00000            0            0      0.00000 
  201    -67.00000            0            0      0.00000 
  202    -68.00000            0            0      0.00000 
  203    -69.00000            0            0      0.00000 
  204    -70.00000            0            0      0.00000 
  205    -71.00000            0            0      0.00000 
  206    -72.00000            0            0      0.00000 
  207    -73.00000            0            0      0.00000 
  208    -74.00000            0            0      0.00000 
  209    -75.00000            0            0      0.00000 
  210    -76.00000            0            0      0.00000 
  211    -77.00000            0            0      0.00000 
  212    -78.00000            0            0      0.00000 
  213    -79.00000            0            0      0.00000 
  214    -80.00000            0            0      0.00000 
  215    -81.00000            0            0      0.00000 
  216    -82.00000            0            0      0.00000 
  217    -83.00000            0            0      0.00000 
  218    -84.00000            0            0      0.00000 
  219    -85.00000            0            0      0.00000 
  220    -86.00000            0            0      0.00000 
  221    -87.00000            0            0      0.00000 
  222    -88.00000            0            0      0.00000 
  223    -89.00000            0            0      0.00000 
  224    -90.00000            0            0      0.00000 
  225    -91.00000            0            0      0.00000 
  226    -92.00000            0            0      0.00000 
  227    -93.00000            0            0      0.00000 
  228    -94.00000            0            0      0.00000 
  229    -95.00000            0            0      0.00000 
  230    -96.00000            0            0      0.00000 
  231    -97.00000            0            0      0.00000 
  232    -98.00000            0            0      0.00000 
