# 3dSliceNDice -insetA 6m_5min_s1_m2_binary+orig -insetB 6m_5min_s2_m2_binary+orig -prefix 6m_5min_split_m2_binary
    0    134.00000            0            0      0.00000 
    1    133.00000            0            0      0.00000 
    2    132.00000            0            0      0.00000 
    3    131.00000            0            0      0.00000 
    4    130.00000            0            0      0.00000 
    5    129.00000            0            0      0.00000 
    6    128.00000            0            0      0.00000 
    7    127.00000            0            0      0.00000 
    8    126.00000            0            0      0.00000 
    9    125.00000            0            0      0.00000 
   10    124.00000            0            0      0.00000 
   11    123.00000            0            0      0.00000 
   12    122.00000            0            0      0.00000 
   13    121.00000            0            0      0.00000 
   14    120.00000            0            0      0.00000 
   15    119.00000            0            0      0.00000 
   16    118.00000            0            0      0.00000 
   17    117.00000            0            0      0.00000 
   18    116.00000            0            0      0.00000 
   19    115.00000            0            0      0.00000 
   20    114.00000            0            0      0.00000 
   21    113.00000            0            0      0.00000 
   22    112.00000            0            0      0.00000 
   23    111.00000            0            0      0.00000 
   24    110.00000            0            0      0.00000 
   25    109.00000            0            0      0.00000 
   26    108.00000            0            0      0.00000 
   27    107.00000            0            0      0.00000 
   28    106.00000            0            0      0.00000 
   29    105.00000            0            0      0.00000 
   30    104.00000            0            0      0.00000 
   31    103.00000            0            0      0.00000 
   32    102.00000            0            0      0.00000 
   33    101.00000            0            0      0.00000 
   34    100.00000            0            0      0.00000 
   35     99.00000            0            0      0.00000 
   36     98.00000            0            0      0.00000 
   37     97.00000            0            0      0.00000 
   38     96.00000            0            0      0.00000 
   39     95.00000            0            0      0.00000 
   40     94.00000            0            0      0.00000 
   41     93.00000            0            0      0.00000 
   42     92.00000            0            0      0.00000 
   43     91.00000            0            0      0.00000 
   44     90.00000            0            0      0.00000 
   45     89.00000            0            0      0.00000 
   46     88.00000            0            0      0.00000 
   47     87.00000            0            0      0.00000 
   48     86.00000            0            0      0.00000 
   49     85.00000            0            0      0.00000 
   50     84.00000            0            0      0.00000 
   51     83.00000            0            0      0.00000 
   52     82.00000            0            0      0.00000 
   53     81.00000            0            0      0.00000 
   54     80.00000            0            0      0.00000 
   55     79.00000            0            0      0.00000 
   56     78.00000            0            0      0.00000 
   57     77.00000            0            0      0.00000 
   58     76.00000            0            0      0.00000 
   59     75.00000            0            0      0.00000 
   60     74.00000            0            0      0.00000 
   61     73.00000            0            0      0.00000 
   62     72.00000           32            0      0.00000 
   63     71.00000           88            0      0.00000 
   64     70.00000          140            0      0.00000 
   65     69.00000          180            0      0.00000 
   66     68.00000          216            0      0.00000 
   67     67.00000          256            0      0.00000 
   68     66.00000          276            6      0.00000 
   69     65.00000          300           36      0.00000 
   70     64.00000          308           64      0.00000 
   71     63.00000          316           88      0.00000 
   72     62.00000          327          129      0.04825 
   73     61.00000          346          195      0.14048 
   74     60.00000          367          261      0.21338 
   75     59.00000          367          314      0.26725 
   76     58.00000          368          360      0.30769 
   77     57.00000          562          588      0.59304 
   78     56.00000          720          756      0.70596 
   79     55.00000          815          906      0.75654 
   80     54.00000          876         1036      0.79812 
   81     53.00000          909         1150      0.82759 
   82     52.00000         1089         1296      0.86457 
   83     51.00000         1340         1455      0.87084 
   84     50.00000         1548         1620      0.86932 
   85     49.00000         1733         1756      0.86730 
   86     48.00000         1890         1878      0.86837 
   87     47.00000         2210         2135      0.86306 
   88     46.00000         2473         2370      0.87508 
   89     45.00000         2713         2579      0.88171 
   90     44.00000         2897         2743      0.88723 
   91     43.00000         3035         2866      0.89137 
   92     42.00000         3203         2991      0.89506 
   93     41.00000         3327         3096      0.89740 
   94     40.00000         3493         3204      0.89891 
   95     39.00000         3583         3275      0.90376 
   96     38.00000         3677         3352      0.90795 
   97     37.00000         3737         3402      0.91021 
   98     36.00000         3755         3395      0.91441 
   99     35.00000         3781         3426      0.91827 
  100     34.00000         3747         3381      0.91863 
  101     33.00000         3749         3368      0.91808 
  102     32.00000         3689         3279      0.91389 
  103     31.00000         3611         3179      0.90869 
  104     30.00000         3530         3070      0.90242 
  105     29.00000         3383         2915      0.88695 
  106     28.00000         3229         2695      0.85854 
  107     27.00000         3021         2466      0.83434 
  108     26.00000         2838         2358      0.84026 
  109     25.00000         2651         2235      0.84814 
  110     24.00000         2391         2074      0.86002 
  111     23.00000         2152         1914      0.88342 
  112     22.00000         2046         1777      0.88831 
  113     21.00000         2046         1664      0.86038 
  114     20.00000         2012         1536      0.83596 
  115     19.00000         1945         1410      0.81788 
  116     18.00000         1884         1322      0.80848 
  117     17.00000         1881         1379      0.82086 
  118     16.00000         1890         1497      0.85031 
  119     15.00000         1930         1571      0.86947 
  120     14.00000         1924         1622      0.88268 
  121     13.00000         1914         1652      0.89344 
  122     12.00000         1887         1673      0.90506 
  123     11.00000         1837         1664      0.91402 
  124     10.00000         1788         1652      0.92035 
  125      9.00000         1667         1555      0.91682 
  126      8.00000         1554         1468      0.90735 
  127      7.00000         1337         1267      0.89708 
  128      6.00000         1211         1153      0.88917 
  129      5.00000         1083         1038      0.88732 
  130      4.00000          915          880      0.88022 
  131      3.00000          731          701      0.85475 
  132      2.00000          578          523      0.88647 
  133      1.00000          498          453      0.87907 
  134      0.00000          427          384      0.87053 
  135     -1.00000          349          296      0.84961 
  136     -2.00000          287          186      0.76533 
  137     -3.00000          225          105      0.63636 
  138     -4.00000          179           82      0.62835 
  139     -5.00000          128           57      0.61622 
  140     -6.00000           63           24      0.55172 
  141     -7.00000            9            0      0.00000 
  142     -8.00000            0            0      0.00000 
  143     -9.00000            0            0      0.00000 
  144    -10.00000            0            0      0.00000 
  145    -11.00000            0            0      0.00000 
  146    -12.00000            0            0      0.00000 
  147    -13.00000            0            0      0.00000 
  148    -14.00000            0            0      0.00000 
  149    -15.00000            0            0      0.00000 
  150    -16.00000            0            0      0.00000 
  151    -17.00000            0            0      0.00000 
  152    -18.00000            0            0      0.00000 
  153    -19.00000            0            0      0.00000 
  154    -20.00000            0            0      0.00000 
  155    -21.00000            0            0      0.00000 
  156    -22.00000            0            0      0.00000 
  157    -23.00000            0            0      0.00000 
  158    -24.00000            0            0      0.00000 
  159    -25.00000            0            0      0.00000 
  160    -26.00000            0            0      0.00000 
  161    -27.00000            0            0      0.00000 
  162    -28.00000            0            0      0.00000 
  163    -29.00000            0            0      0.00000 
  164    -30.00000            0            0      0.00000 
  165    -31.00000            0            0      0.00000 
  166    -32.00000            0            0      0.00000 
  167    -33.00000            0            0      0.00000 
  168    -34.00000            0            0      0.00000 
  169    -35.00000            0            0      0.00000 
  170    -36.00000            0            0      0.00000 
  171    -37.00000            0            0      0.00000 
  172    -38.00000            0            0      0.00000 
  173    -39.00000            0            0      0.00000 
  174    -40.00000            0            0      0.00000 
  175    -41.00000            0            0      0.00000 
  176    -42.00000            0            0      0.00000 
  177    -43.00000            0            0      0.00000 
  178    -44.00000            0            0      0.00000 
  179    -45.00000            0            0      0.00000 
  180    -46.00000            0            0      0.00000 
  181    -47.00000            0            0      0.00000 
  182    -48.00000            0            0      0.00000 
  183    -49.00000            0            0      0.00000 
  184    -50.00000            0            0      0.00000 
  185    -51.00000            0            0      0.00000 
  186    -52.00000            0            0      0.00000 
  187    -53.00000            0            0      0.00000 
  188    -54.00000            0            0      0.00000 
  189    -55.00000            0            0      0.00000 
  190    -56.00000            0            0      0.00000 
  191    -57.00000            0            0      0.00000 
  192    -58.00000            0            0      0.00000 
  193    -59.00000            0            0      0.00000 
  194    -60.00000            0            0      0.00000 
  195    -61.00000            0            0      0.00000 
  196    -62.00000            0            0      0.00000 
  197    -63.00000            0            0      0.00000 
  198    -64.00000            0            0      0.00000 
  199    -65.00000            0            0      0.00000 
  200    -66.00000            0            0      0.00000 
  201    -67.00000            0            0      0.00000 
  202    -68.00000            0            0      0.00000 
  203    -69.00000            0            0      0.00000 
  204    -70.00000            0            0      0.00000 
  205    -71.00000            0            0      0.00000 
  206    -72.00000            0            0      0.00000 
  207    -73.00000            0            0      0.00000 
  208    -74.00000            0            0      0.00000 
  209    -75.00000            0            0      0.00000 
  210    -76.00000            0            0      0.00000 
  211    -77.00000            0            0      0.00000 
  212    -78.00000            0            0      0.00000 
  213    -79.00000            0            0      0.00000 
  214    -80.00000            0            0      0.00000 
  215    -81.00000            0            0      0.00000 
  216    -82.00000            0            0      0.00000 
  217    -83.00000            0            0      0.00000 
  218    -84.00000            0            0      0.00000 
  219    -85.00000            0            0      0.00000 
  220    -86.00000            0            0      0.00000 
  221    -87.00000            0            0      0.00000 
  222    -88.00000            0            0      0.00000 
  223    -89.00000            0            0      0.00000 
  224    -90.00000            0            0      0.00000 
  225    -91.00000            0            0      0.00000 
  226    -92.00000            0            0      0.00000 
  227    -93.00000            0            0      0.00000 
  228    -94.00000            0            0      0.00000 
  229    -95.00000            0            0      0.00000 
  230    -96.00000            0            0      0.00000 
  231    -97.00000            0            0      0.00000 
  232    -98.00000            0            0      0.00000 
