# 3dSliceNDice -insetA 6m_5min_s1_m4_binary+orig -insetB 6m_5min_s2_m4_binary+orig -prefix 6m_5min_split_m4_binary
    0    134.00000            0            0      0.00000 
    1    133.00000            0            0      0.00000 
    2    132.00000            0            0      0.00000 
    3    131.00000            0            0      0.00000 
    4    130.00000            0            0      0.00000 
    5    129.00000            0            0      0.00000 
    6    128.00000            0            0      0.00000 
    7    127.00000            0            0      0.00000 
    8    126.00000            0            0      0.00000 
    9    125.00000            0            0      0.00000 
   10    124.00000            0            0      0.00000 
   11    123.00000            0            0      0.00000 
   12    122.00000            0            0      0.00000 
   13    121.00000            0            0      0.00000 
   14    120.00000            0            0      0.00000 
   15    119.00000            0            0      0.00000 
   16    118.00000            0            0      0.00000 
   17    117.00000            0            0      0.00000 
   18    116.00000            0            0      0.00000 
   19    115.00000            0            0      0.00000 
   20    114.00000            0            0      0.00000 
   21    113.00000            0            0      0.00000 
   22    112.00000            0            0      0.00000 
   23    111.00000            0            0      0.00000 
   24    110.00000            0            0      0.00000 
   25    109.00000            0            0      0.00000 
   26    108.00000            0            0      0.00000 
   27    107.00000            0            0      0.00000 
   28    106.00000            0            0      0.00000 
   29    105.00000            0            0      0.00000 
   30    104.00000            0            0      0.00000 
   31    103.00000            0            0      0.00000 
   32    102.00000            0            0      0.00000 
   33    101.00000            0            0      0.00000 
   34    100.00000            0            0      0.00000 
   35     99.00000            0            0      0.00000 
   36     98.00000            0            0      0.00000 
   37     97.00000            0            0      0.00000 
   38     96.00000            0            0      0.00000 
   39     95.00000            0            0      0.00000 
   40     94.00000            0            0      0.00000 
   41     93.00000            0            0      0.00000 
   42     92.00000            0            0      0.00000 
   43     91.00000            0            0      0.00000 
   44     90.00000            0            0      0.00000 
   45     89.00000            0            0      0.00000 
   46     88.00000            0            0      0.00000 
   47     87.00000            0            0      0.00000 
   48     86.00000            0            0      0.00000 
   49     85.00000            0            0      0.00000 
   50     84.00000            6            6      1.00000 
   51     83.00000          114          122      0.96610 
   52     82.00000          218          244      0.94372 
   53     81.00000          303          355      0.91489 
   54     80.00000          426          486      0.89035 
   55     79.00000          546          609      0.87965 
   56     78.00000          658          723      0.88052 
   57     77.00000          751          836      0.87335 
   58     76.00000          839          971      0.87182 
   59     75.00000          901         1049      0.87795 
   60     74.00000          962         1134      0.88168 
   61     73.00000         1011         1189      0.88727 
   62     72.00000         1063         1258      0.88927 
   63     71.00000         1143         1368      0.88969 
   64     70.00000         1290         1518      0.90171 
   65     69.00000         1400         1618      0.91252 
   66     68.00000         1479         1689      0.92298 
   67     67.00000         1574         1765      0.92363 
   68     66.00000         1711         1869      0.92067 
   69     65.00000         1842         1942      0.91755 
   70     64.00000         1910         1946      0.91390 
   71     63.00000         1985         1946      0.90562 
   72     62.00000         2008         1932      0.89543 
   73     61.00000         2019         1923      0.88787 
   74     60.00000         2021         1924      0.86844 
   75     59.00000         1963         1866      0.84879 
   76     58.00000         1904         1812      0.82670 
   77     57.00000         1844         1724      0.79989 
   78     56.00000         1857         1733      0.77549 
   79     55.00000         1861         1728      0.74505 
   80     54.00000         1820         1656      0.71059 
   81     53.00000         1772         1607      0.67416 
   82     52.00000         1697         1691      0.59976 
   83     51.00000         1671         1753      0.57535 
   84     50.00000         1642         1780      0.55991 
   85     49.00000         1559         1742      0.54347 
   86     48.00000         1463         1660      0.51489 
   87     47.00000         1469         1569      0.51415 
   88     46.00000         1593         1700      0.59459 
   89     45.00000         1701         1830      0.66327 
   90     44.00000         1746         1891      0.72147 
   91     43.00000         1787         1921      0.77832 
   92     42.00000         1922         1975      0.81447 
   93     41.00000         2083         2049      0.82478 
   94     40.00000         2248         2143      0.83580 
   95     39.00000         2360         2220      0.85240 
   96     38.00000         2441         2282      0.87317 
   97     37.00000         2738         2504      0.87676 
   98     36.00000         2962         2729      0.88139 
   99     35.00000         3133         2926      0.88463 
  100     34.00000         3264         3086      0.88472 
  101     33.00000         3372         3228      0.88727 
  102     32.00000         3470         3395      0.89119 
  103     31.00000         3537         3528      0.89314 
  104     30.00000         3616         3676      0.89797 
  105     29.00000         3621         3719      0.89837 
  106     28.00000         3620         3732      0.89853 
  107     27.00000         3599         3710      0.90190 
  108     26.00000         3578         3648      0.90562 
  109     25.00000         3558         3589      0.91199 
  110     24.00000         3476         3461      0.91682 
  111     23.00000         3417         3365      0.92067 
  112     22.00000         3324         3221      0.92345 
  113     21.00000         3221         3068      0.92574 
  114     20.00000         3080         2860      0.92660 
  115     19.00000         2875         2600      0.91982 
  116     18.00000         2737         2327      0.89258 
  117     17.00000         2557         2013      0.86346 
  118     16.00000         2423         1918      0.86846 
  119     15.00000         2252         1821      0.87699 
  120     14.00000         2062         1708      0.88276 
  121     13.00000         1805         1569      0.88797 
  122     12.00000         1564         1431      0.91553 
  123     11.00000         1530         1404      0.91070 
  124     10.00000         1479         1370      0.90839 
  125      9.00000         1413         1316      0.90949 
  126      8.00000         1352         1276      0.92009 
  127      7.00000         1286         1221      0.93977 
  128      6.00000         1258         1199      0.93936 
  129      5.00000         1227         1177      0.94260 
  130      4.00000         1192         1145      0.94651 
  131      3.00000         1170         1137      0.95189 
  132      2.00000         1127         1108      0.94765 
  133      1.00000         1086         1082      0.93542 
  134      0.00000         1057         1087      0.91231 
  135     -1.00000          998         1053      0.88737 
  136     -2.00000          949         1025      0.86424 
  137     -3.00000          897         1021      0.84880 
  138     -4.00000          860         1020      0.84894 
  139     -5.00000          812         1036      0.84307 
  140     -6.00000          745         1040      0.83473 
  141     -7.00000          701         1028      0.81087 
  142     -8.00000          675         1011      0.80071 
  143     -9.00000          656          981      0.80147 
  144    -10.00000          641          952      0.80477 
  145    -11.00000          623          921      0.80699 
  146    -12.00000          606          905      0.80212 
  147    -13.00000          571          862      0.79693 
  148    -14.00000          547          836      0.79103 
  149    -15.00000          504          787      0.78079 
  150    -16.00000          463          736      0.77231 
  151    -17.00000          439          684      0.78183 
  152    -18.00000          411          642      0.78063 
  153    -19.00000          372          594      0.77019 
  154    -20.00000          340          550      0.76404 
  155    -21.00000          284          480      0.74346 
  156    -22.00000          229          441      0.68358 
  157    -23.00000          203          391      0.57576 
  158    -24.00000          224          346      0.47719 
  159    -25.00000          233          296      0.37807 
  160    -26.00000          219          227      0.23767 
  161    -27.00000          218          156      0.12834 
  162    -28.00000          222           81      0.00000 
  163    -29.00000          228           64      0.00000 
  164    -30.00000          229           38      0.00000 
  165    -31.00000          228           21      0.00000 
  166    -32.00000          219            5      0.00000 
  167    -33.00000          249            0      0.00000 
  168    -34.00000          298            0      0.00000 
  169    -35.00000          335            0      0.00000 
  170    -36.00000          358            0      0.00000 
  171    -37.00000          378            0      0.00000 
  172    -38.00000          387            0      0.00000 
  173    -39.00000          377            0      0.00000 
  174    -40.00000          378            0      0.00000 
  175    -41.00000          358            0      0.00000 
  176    -42.00000          337            0      0.00000 
  177    -43.00000          316            0      0.00000 
  178    -44.00000          308            0      0.00000 
  179    -45.00000          300            0      0.00000 
  180    -46.00000          274            0      0.00000 
  181    -47.00000          256            0      0.00000 
  182    -48.00000          214            0      0.00000 
  183    -49.00000          176            0      0.00000 
  184    -50.00000          136            0      0.00000 
  185    -51.00000           86            0      0.00000 
  186    -52.00000           32            0      0.00000 
  187    -53.00000            0            0      0.00000 
  188    -54.00000            0            0      0.00000 
  189    -55.00000            0            0      0.00000 
  190    -56.00000            0            0      0.00000 
  191    -57.00000            0            0      0.00000 
  192    -58.00000            0            0      0.00000 
  193    -59.00000            0            0      0.00000 
  194    -60.00000            0            0      0.00000 
  195    -61.00000            0            0      0.00000 
  196    -62.00000            0            0      0.00000 
  197    -63.00000            0            0      0.00000 
  198    -64.00000            0            0      0.00000 
  199    -65.00000            0            0      0.00000 
  200    -66.00000            0            0      0.00000 
  201    -67.00000            0            0      0.00000 
  202    -68.00000            0            0      0.00000 
  203    -69.00000            0            0      0.00000 
  204    -70.00000            0            0      0.00000 
  205    -71.00000            0            0      0.00000 
  206    -72.00000            0            0      0.00000 
  207    -73.00000            0            0      0.00000 
  208    -74.00000            0            0      0.00000 
  209    -75.00000            0            0      0.00000 
  210    -76.00000            0            0      0.00000 
  211    -77.00000            0            0      0.00000 
  212    -78.00000            0            0      0.00000 
  213    -79.00000            0            0      0.00000 
  214    -80.00000            0            0      0.00000 
  215    -81.00000            0            0      0.00000 
  216    -82.00000            0            0      0.00000 
  217    -83.00000            0            0      0.00000 
  218    -84.00000            0            0      0.00000 
  219    -85.00000            0            0      0.00000 
  220    -86.00000            0            0      0.00000 
  221    -87.00000            0            0      0.00000 
  222    -88.00000            0            0      0.00000 
  223    -89.00000            0            0      0.00000 
  224    -90.00000            0            0      0.00000 
  225    -91.00000            0            0      0.00000 
  226    -92.00000            0            0      0.00000 
  227    -93.00000            0            0      0.00000 
  228    -94.00000            0            0      0.00000 
  229    -95.00000            0            0      0.00000 
  230    -96.00000            0            0      0.00000 
  231    -97.00000            0            0      0.00000 
  232    -98.00000            0            0      0.00000 
