# 3dSliceNDice -insetA 6m_5min_s1_m1_binary+orig -insetB 6m_5min_s2_m1_binary+orig -prefix 6m_5min_split_m1_binary
    0    -72.00000            0            0      0.00000 
    1    -71.00000            0            0      0.00000 
    2    -70.00000            0            0      0.00000 
    3    -69.00000            0            0      0.00000 
    4    -68.00000            0            0      0.00000 
    5    -67.00000            0            0      0.00000 
    6    -66.00000            0            0      0.00000 
    7    -65.00000            0            0      0.00000 
    8    -64.00000            0            0      0.00000 
    9    -63.00000            0            0      0.00000 
   10    -62.00000            0            0      0.00000 
   11    -61.00000            0            0      0.00000 
   12    -60.00000            0            0      0.00000 
   13    -59.00000            0            0      0.00000 
   14    -58.00000            0            0      0.00000 
   15    -57.00000            0            0      0.00000 
   16    -56.00000            0            0      0.00000 
   17    -55.00000            0            0      0.00000 
   18    -54.00000            0            0      0.00000 
   19    -53.00000            0            0      0.00000 
   20    -52.00000            0            0      0.00000 
   21    -51.00000            1            1      1.00000 
   22    -50.00000          273          273      1.00000 
   23    -49.00000          612          609      0.99754 
   24    -48.00000         1079         1064      0.99300 
   25    -47.00000         1334         1307      0.98978 
   26    -46.00000         1600         1554      0.98542 
   27    -45.00000         1788         1739      0.97363 
   28    -44.00000         1884         1836      0.96505 
   29    -43.00000         1989         1962      0.96128 
   30    -42.00000         2047         2044      0.96065 
   31    -41.00000         2102         2113      0.96275 
   32    -40.00000         2132         2164      0.96276 
   33    -39.00000         2159         2211      0.96476 
   34    -38.00000         2172         2261      0.96503 
   35    -37.00000         2116         2237      0.95980 
   36    -36.00000         2100         2243      0.95832 
   37    -35.00000         2060         2235      0.95413 
   38    -34.00000         1997         2203      0.94238 
   39    -33.00000         1941         2165      0.92645 
   40    -32.00000         2270         2495      0.90073 
   41    -31.00000         2466         2701      0.90614 
   42    -30.00000         2562         2793      0.90831 
   43    -29.00000         2599         2836      0.90561 
   44    -28.00000         2561         2857      0.90255 
   45    -27.00000         2586         2864      0.90495 
   46    -26.00000         2657         2882      0.90630 
   47    -25.00000         2744         2892      0.90561 
   48    -24.00000         2740         2816      0.90209 
   49    -23.00000         2714         2626      0.88577 
   50    -22.00000         2761         2434      0.84658 
   51    -21.00000         2911         2569      0.85036 
   52    -20.00000         3007         2661      0.85603 
   53    -19.00000         2985         2621      0.85016 
   54    -18.00000         2910         2523      0.84263 
   55    -17.00000         2784         2424      0.84524 
   56    -16.00000         2770         2427      0.84433 
   57    -15.00000         2759         2460      0.84461 
   58    -14.00000         2677         2507      0.84336 
   59    -13.00000         2579         2505      0.85877 
   60    -12.00000         2434         2559      0.88163 
   61    -11.00000         2530         2709      0.87421 
   62    -10.00000         2609         2828      0.86849 
   63     -9.00000         2614         2879      0.85964 
   64     -8.00000         2598         2891      0.84351 
   65     -7.00000         2693         2931      0.84602 
   66     -6.00000         2824         2989      0.86049 
   67     -5.00000         2933         3074      0.86699 
   68     -4.00000         2956         3079      0.86794 
   69     -3.00000         2979         3087      0.87570 
   70     -2.00000         3045         3233      0.88085 
   71     -1.00000         3138         3354      0.88601 
   72      0.00000         3200         3424      0.88798 
   73      1.00000         3139         3388      0.88433 
   74      2.00000         3076         3350      0.87488 
   75      3.00000         3031         3336      0.85849 
   76      4.00000         3072         3381      0.85356 
   77      5.00000         3097         3415      0.85319 
   78      6.00000         3012         3309      0.85651 
   79      7.00000         2924         3176      0.86000 
   80      8.00000         2843         3099      0.85695 
   81      9.00000         2820         3125      0.84844 
   82     10.00000         2762         3132      0.84221 
   83     11.00000         2633         3022      0.83466 
   84     12.00000         2484         2897      0.82736 
   85     13.00000         2305         2794      0.82722 
   86     14.00000         2361         2860      0.82360 
   87     15.00000         2428         2896      0.82194 
   88     16.00000         2394         2808      0.81661 
   89     17.00000         2414         2749      0.81232 
   90     18.00000         2464         2724      0.80956 
   91     19.00000         2490         2688      0.81383 
   92     20.00000         2495         2620      0.81564 
   93     21.00000         2420         2453      0.80854 
   94     22.00000         2295         2210      0.78535 
   95     23.00000         2123         1974      0.77520 
   96     24.00000         2035         1904      0.79309 
   97     25.00000         1961         1866      0.80690 
   98     26.00000         1831         1782      0.81484 
   99     27.00000         1697         1700      0.82367 
  100     28.00000         1594         1659      0.83923 
  101     29.00000         1534         1625      0.84710 
  102     30.00000         1486         1610      0.85917 
  103     31.00000         1411         1562      0.86579 
  104     32.00000         1357         1530      0.87011 
  105     33.00000         1358         1544      0.86492 
  106     34.00000         1361         1558      0.86125 
  107     35.00000         1352         1545      0.85606 
  108     36.00000         1334         1511      0.85835 
  109     37.00000         1312         1463      0.85045 
  110     38.00000         1294         1433      0.85882 
  111     39.00000         1237         1356      0.85924 
  112     40.00000         1180         1286      0.85807 
  113     41.00000         1097         1170      0.85576 
  114     42.00000          979         1033      0.85487 
  115     43.00000          882          938      0.87473 
  116     44.00000          816          871      0.85477 
  117     45.00000          765          824      0.83575 
  118     46.00000          701          765      0.83765 
  119     47.00000          647          714      0.83762 
  120     48.00000          567          638      0.83651 
  121     49.00000          470          548      0.82515 
  122     50.00000          366          443      0.79604 
  123     51.00000          260          341      0.74542 
  124     52.00000          175          272      0.73378 
  125     53.00000          112          223      0.65672 
  126     54.00000           57          155      0.53774 
  127     55.00000           23          120      0.32168 
  128     56.00000            0           49      0.00000 
  129     57.00000            0            0      0.00000 
  130     58.00000            0            0      0.00000 
  131     59.00000            0            0      0.00000 
  132     60.00000            0            0      0.00000 
  133     61.00000            0            0      0.00000 
  134     62.00000            0            0      0.00000 
  135     63.00000            0            0      0.00000 
  136     64.00000            0            0      0.00000 
  137     65.00000            0            0      0.00000 
  138     66.00000            0            0      0.00000 
  139     67.00000            0            0      0.00000 
  140     68.00000            0            0      0.00000 
  141     69.00000            0            0      0.00000 
  142     70.00000            0            0      0.00000 
  143     71.00000            0            0      0.00000 
  144     72.00000            0            0      0.00000 
  145     73.00000            0            0      0.00000 
  146     74.00000            0            0      0.00000 
  147     75.00000            0            0      0.00000 
  148     76.00000            0            0      0.00000 
  149     77.00000            0            0      0.00000 
  150     78.00000            0            0      0.00000 
  151     79.00000            0            0      0.00000 
  152     80.00000            0            0      0.00000 
  153     81.00000            0            0      0.00000 
  154     82.00000            0            0      0.00000 
  155     83.00000            0            0      0.00000 
  156     84.00000            0            0      0.00000 
  157     85.00000            0            0      0.00000 
  158     86.00000            0            0      0.00000 
