# 3dSliceNDice -insetA 6m_5min_s1_m1_binary+orig -insetB 6m_5min_s2_m1_binary+orig -prefix 6m_5min_split_m1_binary
    0    134.00000            0            0      0.00000 
    1    133.00000            0            0      0.00000 
    2    132.00000            0            0      0.00000 
    3    131.00000            0            0      0.00000 
    4    130.00000            0            0      0.00000 
    5    129.00000            0            0      0.00000 
    6    128.00000            0            0      0.00000 
    7    127.00000            0            0      0.00000 
    8    126.00000            0            0      0.00000 
    9    125.00000            0            0      0.00000 
   10    124.00000            0            0      0.00000 
   11    123.00000            0            0      0.00000 
   12    122.00000            0            0      0.00000 
   13    121.00000            0            0      0.00000 
   14    120.00000            0            0      0.00000 
   15    119.00000            0            0      0.00000 
   16    118.00000            0            0      0.00000 
   17    117.00000            0            0      0.00000 
   18    116.00000            0            0      0.00000 
   19    115.00000            0            0      0.00000 
   20    114.00000            0            0      0.00000 
   21    113.00000            0            0      0.00000 
   22    112.00000            0            0      0.00000 
   23    111.00000            0            0      0.00000 
   24    110.00000            0            0      0.00000 
   25    109.00000            0            0      0.00000 
   26    108.00000            0            0      0.00000 
   27    107.00000            0            0      0.00000 
   28    106.00000            0            0      0.00000 
   29    105.00000            0            0      0.00000 
   30    104.00000            0            0      0.00000 
   31    103.00000            0            0      0.00000 
   32    102.00000            0            0      0.00000 
   33    101.00000            0            0      0.00000 
   34    100.00000            0            0      0.00000 
   35     99.00000            0            0      0.00000 
   36     98.00000            0            0      0.00000 
   37     97.00000            0            0      0.00000 
   38     96.00000            0            0      0.00000 
   39     95.00000            0            0      0.00000 
   40     94.00000            0            0      0.00000 
   41     93.00000            0            0      0.00000 
   42     92.00000            0            0      0.00000 
   43     91.00000            0            0      0.00000 
   44     90.00000            0            0      0.00000 
   45     89.00000            0            0      0.00000 
   46     88.00000            0            0      0.00000 
   47     87.00000            0            0      0.00000 
   48     86.00000            0            0      0.00000 
   49     85.00000            0            0      0.00000 
   50     84.00000            6            6      1.00000 
   51     83.00000          139          139      1.00000 
   52     82.00000          301          301      1.00000 
   53     81.00000          460          460      1.00000 
   54     80.00000          634          628      0.99525 
   55     79.00000          780          766      0.99094 
   56     78.00000          914          884      0.98331 
   57     77.00000         1050         1010      0.98058 
   58     76.00000         1238         1171      0.96389 
   59     75.00000         1371         1310      0.95188 
   60     74.00000         1507         1473      0.93087 
   61     73.00000         1617         1617      0.91280 
   62     72.00000         1739         1800      0.89743 
   63     71.00000         1890         2022      0.90082 
   64     70.00000         2075         2264      0.89652 
   65     69.00000         2191         2421      0.88465 
   66     68.00000         2245         2523      0.87374 
   67     67.00000         2327         2588      0.86267 
   68     66.00000         2445         2649      0.85395 
   69     65.00000         2560         2727      0.85266 
   70     64.00000         2616         2745      0.85171 
   71     63.00000         2678         2729      0.84927 
   72     62.00000         2664         2754      0.84496 
   73     61.00000         2634         2849      0.83093 
   74     60.00000         2576         2917      0.81522 
   75     59.00000         2455         2889      0.80277 
   76     58.00000         2378         2881      0.78494 
   77     57.00000         2608         3004      0.79508 
   78     56.00000         2835         3238      0.80619 
   79     55.00000         2940         3370      0.81395 
   80     54.00000         2951         3389      0.81987 
   81     53.00000         2954         3361      0.82787 
   82     52.00000         2906         3318      0.84447 
   83     51.00000         2963         3383      0.84872 
   84     50.00000         3034         3474      0.86325 
   85     49.00000         3011         3429      0.87484 
   86     48.00000         2986         3332      0.88477 
   87     47.00000         2963         3250      0.89715 
   88     46.00000         3047         3295      0.90098 
   89     45.00000         3134         3335      0.90029 
   90     44.00000         3167         3333      0.90338 
   91     43.00000         3142         3279      0.90609 
   92     42.00000         3035         3165      0.91323 
   93     41.00000         3070         3195      0.92195 
   94     40.00000         3137         3257      0.92962 
   95     39.00000         3139         3277      0.93173 
   96     38.00000         3158         3301      0.92925 
   97     37.00000         3269         3414      0.91217 
   98     36.00000         3310         3487      0.91246 
   99     35.00000         3319         3513      0.90984 
  100     34.00000         3242         3446      0.90580 
  101     33.00000         3139         3383      0.89880 
  102     32.00000         3047         3281      0.89159 
  103     31.00000         3036         3203      0.89630 
  104     30.00000         3037         3116      0.90102 
  105     29.00000         2985         2976      0.90656 
  106     28.00000         2934         2834      0.91644 
  107     27.00000         2839         2679      0.92497 
  108     26.00000         2759         2615      0.92929 
  109     25.00000         2671         2532      0.93177 
  110     24.00000         2511         2398      0.92279 
  111     23.00000         2364         2286      0.91355 
  112     22.00000         2199         2159      0.90408 
  113     21.00000         2035         2015      0.89630 
  114     20.00000         1828         1833      0.88009 
  115     19.00000         1604         1592      0.85544 
  116     18.00000         1376         1344      0.82794 
  117     17.00000         1153         1057      0.79367 
  118     16.00000         1058          928      0.76939 
  119     15.00000          962          793      0.73732 
  120     14.00000          856          648      0.69947 
  121     13.00000          702          432      0.62081 
  122     12.00000          512          200      0.56180 
  123     11.00000          467          182      0.56086 
  124     10.00000          417          158      0.54957 
  125      9.00000          330          113      0.51016 
  126      8.00000          250           74      0.45679 
  127      7.00000           85           27      0.48214 
  128      6.00000           37           14      0.54902 
  129      5.00000           18            8      0.61538 
  130      4.00000            2            0      0.00000 
  131      3.00000            0            0      0.00000 
  132      2.00000            0            0      0.00000 
  133      1.00000            0            0      0.00000 
  134      0.00000            0            0      0.00000 
  135     -1.00000            0            0      0.00000 
  136     -2.00000            0            0      0.00000 
  137     -3.00000          120          228      0.68966 
  138     -4.00000          257          426      0.75256 
  139     -5.00000          357          560      0.77863 
  140     -6.00000          431          658      0.79155 
  141     -7.00000          491          736      0.80033 
  142     -8.00000          623          882      0.82791 
  143     -9.00000          736          981      0.85381 
  144    -10.00000          850         1082      0.87267 
  145    -11.00000          923         1130      0.88553 
  146    -12.00000          985         1173      0.89342 
  147    -13.00000         1080         1223      0.91185 
  148    -14.00000         1161         1239      0.92417 
  149    -15.00000         1227         1275      0.92486 
  150    -16.00000         1265         1283      0.91994 
  151    -17.00000         1303         1293      0.91988 
  152    -18.00000         1356         1302      0.91798 
  153    -19.00000         1373         1272      0.92628 
  154    -20.00000         1403         1269      0.91991 
  155    -21.00000         1385         1234      0.90951 
  156    -22.00000         1382         1222      0.89708 
  157    -23.00000         1334         1179      0.87226 
  158    -24.00000         1273         1126      0.85035 
  159    -25.00000         1206         1089      0.82440 
  160    -26.00000         1092         1019      0.78257 
  161    -27.00000          934          951      0.72255 
  162    -28.00000          818          979      0.67001 
  163    -29.00000          895         1080      0.66532 
  164    -30.00000          970         1153      0.68205 
  165    -31.00000         1003         1162      0.69838 
  166    -32.00000         1028         1133      0.72466 
  167    -33.00000         1086         1155      0.74520 
  168    -34.00000         1151         1234      0.77149 
  169    -35.00000         1222         1306      0.79984 
  170    -36.00000         1222         1332      0.81441 
  171    -37.00000         1200         1359      0.82454 
  172    -38.00000         1172         1372      0.82783 
  173    -39.00000         1171         1360      0.83524 
  174    -40.00000         1190         1358      0.84615 
  175    -41.00000         1158         1308      0.85320 
  176    -42.00000         1130         1256      0.85080 
  177    -43.00000         1094         1191      0.84289 
  178    -44.00000         1050         1144      0.84686 
  179    -45.00000          995         1092      0.84811 
  180    -46.00000          918         1017      0.84238 
  181    -47.00000          853          973      0.84337 
  182    -48.00000          795          888      0.86275 
  183    -49.00000          740          799      0.87589 
  184    -50.00000          661          682      0.89501 
  185    -51.00000          584          573      0.91271 
  186    -52.00000          500          485      0.95025 
  187    -53.00000          398          389      0.97078 
  188    -54.00000          291          285      0.97222 
  189    -55.00000          214          213      0.98829 
  190    -56.00000          140          141      0.99644 
  191    -57.00000           83           84      0.99401 
  192    -58.00000           12           12      1.00000 
  193    -59.00000            0            0      0.00000 
  194    -60.00000            0            0      0.00000 
  195    -61.00000            0            0      0.00000 
  196    -62.00000            0            0      0.00000 
  197    -63.00000            0            0      0.00000 
  198    -64.00000            0            0      0.00000 
  199    -65.00000            0            0      0.00000 
  200    -66.00000            0            0      0.00000 
  201    -67.00000            0            0      0.00000 
  202    -68.00000            0            0      0.00000 
  203    -69.00000            0            0      0.00000 
  204    -70.00000            0            0      0.00000 
  205    -71.00000            0            0      0.00000 
  206    -72.00000            0            0      0.00000 
  207    -73.00000            0            0      0.00000 
  208    -74.00000            0            0      0.00000 
  209    -75.00000            0            0      0.00000 
  210    -76.00000            0            0      0.00000 
  211    -77.00000            0            0      0.00000 
  212    -78.00000            0            0      0.00000 
  213    -79.00000            0            0      0.00000 
  214    -80.00000            0            0      0.00000 
  215    -81.00000            0            0      0.00000 
  216    -82.00000            0            0      0.00000 
  217    -83.00000            0            0      0.00000 
  218    -84.00000            0            0      0.00000 
  219    -85.00000            0            0      0.00000 
  220    -86.00000            0            0      0.00000 
  221    -87.00000            0            0      0.00000 
  222    -88.00000            0            0      0.00000 
  223    -89.00000            0            0      0.00000 
  224    -90.00000            0            0      0.00000 
  225    -91.00000            0            0      0.00000 
  226    -92.00000            0            0      0.00000 
  227    -93.00000            0            0      0.00000 
  228    -94.00000            0            0      0.00000 
  229    -95.00000            0            0      0.00000 
  230    -96.00000            0            0      0.00000 
  231    -97.00000            0            0      0.00000 
  232    -98.00000            0            0      0.00000 
