# 3dSliceNDice -insetA 6m_5min_s1_m4_binary+orig -insetB 6m_5min_s2_m4_binary+orig -prefix 6m_5min_split_m4_binary
    0    -72.00000            0            0      0.00000 
    1    -71.00000            0            0      0.00000 
    2    -70.00000            0            0      0.00000 
    3    -69.00000            0            0      0.00000 
    4    -68.00000            0            0      0.00000 
    5    -67.00000            0            0      0.00000 
    6    -66.00000            0            0      0.00000 
    7    -65.00000            0            0      0.00000 
    8    -64.00000            0            0      0.00000 
    9    -63.00000            0            0      0.00000 
   10    -62.00000            0            0      0.00000 
   11    -61.00000            0            0      0.00000 
   12    -60.00000            0            0      0.00000 
   13    -59.00000            0            0      0.00000 
   14    -58.00000            0            0      0.00000 
   15    -57.00000            0            0      0.00000 
   16    -56.00000            0            0      0.00000 
   17    -55.00000            0            0      0.00000 
   18    -54.00000            0            0      0.00000 
   19    -53.00000            0            0      0.00000 
   20    -52.00000            0            0      0.00000 
   21    -51.00000            0            1      0.00000 
   22    -50.00000           11          129      0.15714 
   23    -49.00000           69          292      0.38227 
   24    -48.00000          173          474      0.53478 
   25    -47.00000          229          554      0.58493 
   26    -46.00000          266          619      0.60113 
   27    -45.00000          295          651      0.62368 
   28    -44.00000          307          676      0.62462 
   29    -43.00000          316          717      0.61181 
   30    -42.00000          316          737      0.60019 
   31    -41.00000          308          750      0.58223 
   32    -40.00000          300          753      0.56980 
   33    -39.00000          276          745      0.54065 
   34    -38.00000          256          748      0.50996 
   35    -37.00000          228          717      0.48254 
   36    -36.00000          260          751      0.51434 
   37    -35.00000          282          769      0.53663 
   38    -34.00000          286          754      0.55000 
   39    -33.00000          285          702      0.57751 
   40    -32.00000          654          965      0.70290 
   41    -31.00000          980         1169      0.74639 
   42    -30.00000         1233         1314      0.78916 
   43    -29.00000         1478         1455      0.82850 
   44    -28.00000         1661         1522      0.86019 
   45    -27.00000         1870         1642      0.89066 
   46    -26.00000         2056         1797      0.89541 
   47    -25.00000         2253         1970      0.90410 
   48    -24.00000         2395         2106      0.90691 
   49    -23.00000         2544         2243      0.90495 
   50    -22.00000         2771         2461      0.90405 
   51    -21.00000         3020         2659      0.90051 
   52    -20.00000         3268         2885      0.89940 
   53    -19.00000         3441         3036      0.89980 
   54    -18.00000         3594         3134      0.89804 
   55    -17.00000         3674         3168      0.89535 
   56    -16.00000         3681         3167      0.89544 
   57    -15.00000         3679         3131      0.89280 
   58    -14.00000         3600         3033      0.88889 
   59    -13.00000         3476         2972      0.88741 
   60    -12.00000         3232         2823      0.87927 
   61    -11.00000         3110         2684      0.87677 
   62    -10.00000         2939         2494      0.87134 
   63     -9.00000         2678         2222      0.85878 
   64     -8.00000         2329         1864      0.84283 
   65     -7.00000         1746         1324      0.80456 
   66     -6.00000         1638         1254      0.80498 
   67     -5.00000         1507         1160      0.80240 
   68     -4.00000         1339         1030      0.79865 
   69     -3.00000         1129          865      0.80241 
   70     -2.00000          950          705      0.80846 
   71     -1.00000          924          686      0.80621 
   72      0.00000          895          667      0.80282 
   73      1.00000          830          644      0.80326 
   74      2.00000          796          628      0.80056 
   75      3.00000          770          589      0.75791 
   76      4.00000          821          560      0.69804 
   77      5.00000          844          522      0.63543 
   78      6.00000          811          470      0.56831 
   79      7.00000          704          437      0.42068 
   80      8.00000          773          545      0.14568 
   81      9.00000         1075          758      0.29133 
   82     10.00000         1307          924      0.39265 
   83     11.00000         1458         1021      0.45825 
   84     12.00000         1579         1057      0.51442 
   85     13.00000         1706         1196      0.66092 
   86     14.00000         1811         1435      0.72212 
   87     15.00000         1938         1624      0.74846 
   88     16.00000         1991         1747      0.76137 
   89     17.00000         2040         1847      0.76923 
   90     18.00000         2097         1960      0.78925 
   91     19.00000         2114         2024      0.80280 
   92     20.00000         2169         2145      0.82429 
   93     21.00000         2165         2202      0.84452 
   94     22.00000         2135         2247      0.86079 
   95     23.00000         2127         2309      0.87015 
   96     24.00000         2122         2357      0.86359 
   97     25.00000         2130         2424      0.86122 
   98     26.00000         2109         2450      0.85545 
   99     27.00000         2059         2452      0.85170 
  100     28.00000         2036         2494      0.86004 
  101     29.00000         2068         2551      0.86296 
  102     30.00000         2155         2623      0.85977 
  103     31.00000         2206         2647      0.85267 
  104     32.00000         2274         2671      0.84975 
  105     33.00000         2361         2695      0.83584 
  106     34.00000         2424         2708      0.82541 
  107     35.00000         2516         2730      0.82234 
  108     36.00000         2539         2708      0.81609 
  109     37.00000         2526         2688      0.81166 
  110     38.00000         2533         2677      0.81190 
  111     39.00000         2539         2679      0.82254 
  112     40.00000         2579         2690      0.84494 
  113     41.00000         2554         2626      0.86795 
  114     42.00000         2548         2579      0.88161 
  115     43.00000         2488         2513      0.90702 
  116     44.00000         2385         2416      0.92814 
  117     45.00000         2291         2365      0.94631 
  118     46.00000         2211         2285      0.95685 
  119     47.00000         2141         2197      0.96404 
  120     48.00000         2029         2037      0.97000 
  121     49.00000         1899         1859      0.97445 
  122     50.00000         1810         1733      0.97770 
  123     51.00000         1722         1614      0.96763 
  124     52.00000         1587         1468      0.96105 
  125     53.00000         1423         1327      0.96509 
  126     54.00000         1220         1150      0.97046 
  127     55.00000          985          934      0.97342 
  128     56.00000          617          594      0.98101 
  129     57.00000          300          294      0.98990 
  130     58.00000           66           66      1.00000 
  131     59.00000            0            0      0.00000 
  132     60.00000            0            0      0.00000 
  133     61.00000            0            0      0.00000 
  134     62.00000            0            0      0.00000 
  135     63.00000            0            0      0.00000 
  136     64.00000            0            0      0.00000 
  137     65.00000            0            0      0.00000 
  138     66.00000            0            0      0.00000 
  139     67.00000            0            0      0.00000 
  140     68.00000            0            0      0.00000 
  141     69.00000            0            0      0.00000 
  142     70.00000            0            0      0.00000 
  143     71.00000            0            0      0.00000 
  144     72.00000            0            0      0.00000 
  145     73.00000            0            0      0.00000 
  146     74.00000            0            0      0.00000 
  147     75.00000            0            0      0.00000 
  148     76.00000            0            0      0.00000 
  149     77.00000            0            0      0.00000 
  150     78.00000            0            0      0.00000 
  151     79.00000            0            0      0.00000 
  152     80.00000            0            0      0.00000 
  153     81.00000            0            0      0.00000 
  154     82.00000            0            0      0.00000 
  155     83.00000            0            0      0.00000 
  156     84.00000            0            0      0.00000 
  157     85.00000            0            0      0.00000 
  158     86.00000            0            0      0.00000 
