# 3dSliceNDice -insetA 6m_5min_s1_m4_binary+orig -insetB 6m_5min_s2_m4_binary+orig -prefix 6m_5min_split_m4_binary
    0     96.00000            0            0      0.00000 
    1     95.00000            0            0      0.00000 
    2     94.00000            0            0      0.00000 
    3     93.00000            0            0      0.00000 
    4     92.00000            0            0      0.00000 
    5     91.00000            0            0      0.00000 
    6     90.00000            0            0      0.00000 
    7     89.00000            0            0      0.00000 
    8     88.00000            0            0      0.00000 
    9     87.00000            0            0      0.00000 
   10     86.00000            0            0      0.00000 
   11     85.00000            0            0      0.00000 
   12     84.00000            0            0      0.00000 
   13     83.00000            0            0      0.00000 
   14     82.00000            0            0      0.00000 
   15     81.00000            0            0      0.00000 
   16     80.00000            0            0      0.00000 
   17     79.00000            0            0      0.00000 
   18     78.00000            0            0      0.00000 
   19     77.00000            0            0      0.00000 
   20     76.00000            0            0      0.00000 
   21     75.00000            0            0      0.00000 
   22     74.00000            0            0      0.00000 
   23     73.00000            0            0      0.00000 
   24     72.00000            0            0      0.00000 
   25     71.00000            0            0      0.00000 
   26     70.00000            0            0      0.00000 
   27     69.00000            0            0      0.00000 
   28     68.00000            0            0      0.00000 
   29     67.00000            0            0      0.00000 
   30     66.00000            0            0      0.00000 
   31     65.00000            0            0      0.00000 
   32     64.00000            0            0      0.00000 
   33     63.00000            0            0      0.00000 
   34     62.00000            0            0      0.00000 
   35     61.00000            0            0      0.00000 
   36     60.00000            0            0      0.00000 
   37     59.00000            0            0      0.00000 
   38     58.00000            0            0      0.00000 
   39     57.00000            0            0      0.00000 
   40     56.00000           10           10      1.00000 
   41     55.00000           58           58      1.00000 
   42     54.00000           96           96      1.00000 
   43     53.00000          149          149      1.00000 
   44     52.00000          212          212      1.00000 
   45     51.00000          268          262      0.98868 
   46     50.00000          331          316      0.97682 
   47     49.00000          384          358      0.96496 
   48     48.00000          429          391      0.95366 
   49     47.00000          470          416      0.93905 
   50     46.00000          497          433      0.92903 
   51     45.00000          532          464      0.88956 
   52     44.00000          552          495      0.85578 
   53     43.00000          621          561      0.82572 
   54     42.00000          702          626      0.77861 
   55     41.00000          786          683      0.74881 
   56     40.00000          825          707      0.71802 
   57     39.00000          828          715      0.69994 
   58     38.00000          850          725      0.68317 
   59     37.00000          837          706      0.66235 
   60     36.00000          820          679      0.64443 
   61     35.00000          803          657      0.61781 
   62     34.00000          757          611      0.59649 
   63     33.00000          728          580      0.58410 
   64     32.00000          698          544      0.58293 
   65     31.00000          662          505      0.58269 
   66     30.00000          626          453      0.58943 
   67     29.00000          562          370      0.60515 
   68     28.00000          512          288      0.64000 
   69     27.00000          432          216      0.66667 
   70     26.00000          360          180      0.66667 
   71     25.00000          280          140      0.66667 
   72     24.00000          176           88      0.66667 
   73     23.00000           64           32      0.66667 
   74     22.00000          441          257      0.55301 
   75     21.00000          604          503      0.59259 
   76     20.00000          711          694      0.60498 
   77     19.00000          788          832      0.60741 
   78     18.00000          847          944      0.60748 
   79     17.00000         1320         1385      0.83771 
   80     16.00000         1671         1628      0.88875 
   81     15.00000         1922         1824      0.90657 
   82     14.00000         2098         1965      0.91607 
   83     13.00000         2230         2068      0.92043 
   84     12.00000         2375         2356      0.91609 
   85     11.00000         2474         2515      0.90439 
   86     10.00000         2609         2682      0.90077 
   87      9.00000         2677         2787      0.89898 
   88      8.00000         2716         2860      0.89670 
   89      7.00000         2984         3057      0.92236 
   90      6.00000         3101         3155      0.93446 
   91      5.00000         3194         3235      0.94074 
   92      4.00000         3229         3248      0.94118 
   93      3.00000         3210         3209      0.93971 
   94      2.00000         3146         3224      0.93878 
   95      1.00000         3008         3099      0.93401 
   96      0.00000         2918         2995      0.93286 
   97     -1.00000         2993         3070      0.93485 
   98     -2.00000         3183         3257      0.93634 
   99     -3.00000         3391         3549      0.92680 
  100     -4.00000         3503         3781      0.91159 
  101     -5.00000         3606         3942      0.90488 
  102     -6.00000         3626         3997      0.90096 
  103     -7.00000         3617         4041      0.89449 
  104     -8.00000         3544         3984      0.87566 
  105     -9.00000         3507         3931      0.86018 
  106    -10.00000         3430         3848      0.84199 
  107    -11.00000         3292         3718      0.82168 
  108    -12.00000         3067         3496      0.80299 
  109    -13.00000         2495         2921      0.75000 
  110    -14.00000         2511         2874      0.74763 
  111    -15.00000         2500         2805      0.74496 
  112    -16.00000         2381         2666      0.73628 
  113    -17.00000         2261         2487      0.73589 
  114    -18.00000         2122         2118      0.76651 
  115    -19.00000         2079         2067      0.77328 
  116    -20.00000         2023         2028      0.77512 
  117    -21.00000         1882         1935      0.77181 
  118    -22.00000         1733         1832      0.77251 
  119    -23.00000         1684         1867      0.75810 
  120    -24.00000         1851         2029      0.76340 
  121    -25.00000         1934         2134      0.76450 
  122    -26.00000         1933         2158      0.76705 
  123    -27.00000         1900         2177      0.76625 
  124    -28.00000         1906         2181      0.76340 
  125    -29.00000         1891         2134      0.75925 
  126    -30.00000         1910         2105      0.75666 
  127    -31.00000         1828         1972      0.74947 
  128    -32.00000         1712         1768      0.74023 
  129    -33.00000         1604         1482      0.77511 
  130    -34.00000         1630         1445      0.77724 
  131    -35.00000         1669         1422      0.77451 
  132    -36.00000         1660         1357      0.77030 
  133    -37.00000         1664         1305      0.76794 
  134    -38.00000         1676         1237      0.76141 
  135    -39.00000         1685         1225      0.77457 
  136    -40.00000         1677         1186      0.79008 
  137    -41.00000         1601         1105      0.80044 
  138    -42.00000         1538         1049      0.81098 
  139    -43.00000         1582         1101      0.82072 
  140    -44.00000         1597         1119      0.82032 
  141    -45.00000         1647         1166      0.82119 
  142    -46.00000         1642         1185      0.82561 
  143    -47.00000         1631         1210      0.83562 
  144    -48.00000         1607         1213      0.83759 
  145    -49.00000         1527         1185      0.84808 
  146    -50.00000         1439         1152      0.85990 
  147    -51.00000         1302         1059      0.86573 
  148    -52.00000         1170          963      0.87764 
  149    -53.00000         1014          867      0.89952 
  150    -54.00000          859          752      0.90379 
  151    -55.00000          754          633      0.89690 
  152    -56.00000          584          469      0.89079 
  153    -57.00000          415          307      0.85042 
  154    -58.00000           61           24      0.56471 
  155    -59.00000            0            0      0.00000 
  156    -60.00000            0            0      0.00000 
  157    -61.00000            0            0      0.00000 
  158    -62.00000            0            0      0.00000 
  159    -63.00000            0            0      0.00000 
  160    -64.00000            0            0      0.00000 
  161    -65.00000            0            0      0.00000 
  162    -66.00000            0            0      0.00000 
  163    -67.00000            0            0      0.00000 
  164    -68.00000            0            0      0.00000 
  165    -69.00000            0            0      0.00000 
  166    -70.00000            0            0      0.00000 
  167    -71.00000            0            0      0.00000 
  168    -72.00000            0            0      0.00000 
  169    -73.00000            0            0      0.00000 
  170    -74.00000            0            0      0.00000 
  171    -75.00000            0            0      0.00000 
  172    -76.00000            0            0      0.00000 
  173    -77.00000            0            0      0.00000 
  174    -78.00000            0            0      0.00000 
  175    -79.00000            0            0      0.00000 
  176    -80.00000            0            0      0.00000 
  177    -81.00000            0            0      0.00000 
  178    -82.00000            0            0      0.00000 
  179    -83.00000            0            0      0.00000 
  180    -84.00000            0            0      0.00000 
  181    -85.00000            0            0      0.00000 
  182    -86.00000            0            0      0.00000 
  183    -87.00000            0            0      0.00000 
  184    -88.00000            0            0      0.00000 
  185    -89.00000            0            0      0.00000 
  186    -90.00000            0            0      0.00000 
  187    -91.00000            0            0      0.00000 
  188    -92.00000            0            0      0.00000 
  189    -93.00000            0            0      0.00000 
  190    -94.00000            0            0      0.00000 
  191    -95.00000            0            0      0.00000 
  192    -96.00000            0            0      0.00000 
  193    -97.00000            0            0      0.00000 
  194    -98.00000            0            0      0.00000 
