# 3dSliceNDice -insetA 6m_5min_s1_m5_binary+orig -insetB 6m_5min_s2_m5_binary+orig -prefix 6m_5min_split_m5_binary
    0    -72.00000            0            0      0.00000 
    1    -71.00000            0            0      0.00000 
    2    -70.00000            0            0      0.00000 
    3    -69.00000            0            0      0.00000 
    4    -68.00000            0            0      0.00000 
    5    -67.00000            0            0      0.00000 
    6    -66.00000            0            0      0.00000 
    7    -65.00000            0            0      0.00000 
    8    -64.00000            0            0      0.00000 
    9    -63.00000            0            0      0.00000 
   10    -62.00000            0            0      0.00000 
   11    -61.00000            0            0      0.00000 
   12    -60.00000            0            0      0.00000 
   13    -59.00000            0            0      0.00000 
   14    -58.00000            0            0      0.00000 
   15    -57.00000            0            0      0.00000 
   16    -56.00000            0            0      0.00000 
   17    -55.00000            0            0      0.00000 
   18    -54.00000            0            0      0.00000 
   19    -53.00000            0            0      0.00000 
   20    -52.00000            0            0      0.00000 
   21    -51.00000            1            1      1.00000 
   22    -50.00000          273          273      1.00000 
   23    -49.00000          612          612      1.00000 
   24    -48.00000         1074         1079      0.99768 
   25    -47.00000         1330         1337      0.99738 
   26    -46.00000         1588         1606      0.99436 
   27    -45.00000         1788         1823      0.98865 
   28    -44.00000         1904         1956      0.98083 
   29    -43.00000         2032         2102      0.97194 
   30    -42.00000         2123         2216      0.96704 
   31    -41.00000         2217         2306      0.96927 
   32    -40.00000         2284         2376      0.96953 
   33    -39.00000         2339         2445      0.96781 
   34    -38.00000         2451         2511      0.95526 
   35    -37.00000         2447         2500      0.94279 
   36    -36.00000         2504         2514      0.92387 
   37    -35.00000         2522         2489      0.90202 
   38    -34.00000         2501         2429      0.87830 
   39    -33.00000         2425         2374      0.84393 
   40    -32.00000         2248         2305      0.79816 
   41    -31.00000         2182         2260      0.79784 
   42    -30.00000         2070         2173      0.79613 
   43    -29.00000         1889         2033      0.78837 
   44    -28.00000         1693         1855      0.77678 
   45    -27.00000         1464         1601      0.76476 
   46    -26.00000         1383         1519      0.76154 
   47    -25.00000         1266         1408      0.75393 
   48    -24.00000         1082         1243      0.73548 
   49    -23.00000          808          946      0.67617 
   50    -22.00000          468          216      0.38889 
   51    -21.00000          415          180      0.33277 
   52    -20.00000          347          140      0.25462 
   53    -19.00000          245           88      0.11411 
   54    -18.00000           96           32      0.00000 
   55    -17.00000            0            0      0.00000 
   56    -16.00000            0            0      0.00000 
   57    -15.00000            0            0      0.00000 
   58    -14.00000            0            0      0.00000 
   59    -13.00000            0            0      0.00000 
   60    -12.00000            0            0      0.00000 
   61    -11.00000            0            0      0.00000 
   62    -10.00000            0            0      0.00000 
   63     -9.00000            0            0      0.00000 
   64     -8.00000            0            0      0.00000 
   65     -7.00000            0            0      0.00000 
   66     -6.00000            0            0      0.00000 
   67     -5.00000            0            0      0.00000 
   68     -4.00000            0            0      0.00000 
   69     -3.00000            0            0      0.00000 
   70     -2.00000           60           96      0.51282 
   71     -1.00000          138          226      0.72527 
   72      0.00000          204          314      0.77220 
   73      1.00000          254          378      0.79114 
   74      2.00000          296          434      0.80548 
   75      3.00000          839          545      0.52168 
   76      4.00000         1255          725      0.51313 
   77      5.00000         1570          900      0.54818 
   78      6.00000         1794         1033      0.57234 
   79      7.00000         1958         1147      0.58808 
   80      8.00000         2165         1794      0.78959 
   81      9.00000         2299         2098      0.83557 
   82     10.00000         2483         2349      0.85762 
   83     11.00000         2599         2509      0.87236 
   84     12.00000         2699         2640      0.88406 
   85     13.00000         2832         2819      0.88798 
   86     14.00000         2958         3004      0.89131 
   87     15.00000         3110         3207      0.89220 
   88     16.00000         3223         3336      0.89373 
   89     17.00000         3325         3449      0.89844 
   90     18.00000         3420         3542      0.90319 
   91     19.00000         3452         3557      0.90626 
   92     20.00000         3488         3581      0.91045 
   93     21.00000         3470         3543      0.91145 
   94     22.00000         3465         3510      0.91039 
   95     23.00000         3411         3458      0.90697 
   96     24.00000         3331         3362      0.90483 
   97     25.00000         3238         3255      0.90189 
   98     26.00000         3095         3123      0.90447 
   99     27.00000         2994         3021      0.90873 
  100     28.00000         2894         2893      0.89131 
  101     29.00000         2821         2789      0.87950 
  102     30.00000         2742         2675      0.86948 
  103     31.00000         2597         2498      0.85613 
  104     32.00000         2504         2399      0.84724 
  105     33.00000         2380         2243      0.84318 
  106     34.00000         2238         2126      0.85197 
  107     35.00000         2090         1997      0.86616 
  108     36.00000         1900         1811      0.88224 
  109     37.00000         1741         1662      0.87511 
  110     38.00000         1572         1532      0.87113 
  111     39.00000         1462         1437      0.87616 
  112     40.00000         1339         1341      0.87463 
  113     41.00000         1190         1198      0.86432 
  114     42.00000         1051         1075      0.86359 
  115     43.00000          911          957      0.84797 
  116     44.00000          822          869      0.81963 
  117     45.00000          755          805      0.78590 
  118     46.00000          680          731      0.77250 
  119     47.00000          625          706      0.78287 
  120     48.00000          560          654      0.81713 
  121     49.00000          516          596      0.85432 
  122     50.00000          457          533      0.88081 
  123     51.00000          426          500      0.92009 
  124     52.00000          398          455      0.93318 
  125     53.00000          370          405      0.95484 
  126     54.00000          323          345      0.96707 
  127     55.00000          257          265      0.98467 
  128     56.00000          157          158      0.99683 
  129     57.00000           75           75      1.00000 
  130     58.00000            3            3      1.00000 
  131     59.00000            0            0      0.00000 
  132     60.00000            0            0      0.00000 
  133     61.00000            0            0      0.00000 
  134     62.00000            0            0      0.00000 
  135     63.00000            0            0      0.00000 
  136     64.00000            0            0      0.00000 
  137     65.00000            0            0      0.00000 
  138     66.00000            0            0      0.00000 
  139     67.00000            0            0      0.00000 
  140     68.00000            0            0      0.00000 
  141     69.00000            0            0      0.00000 
  142     70.00000            0            0      0.00000 
  143     71.00000            0            0      0.00000 
  144     72.00000            0            0      0.00000 
  145     73.00000            0            0      0.00000 
  146     74.00000            0            0      0.00000 
  147     75.00000            0            0      0.00000 
  148     76.00000            0            0      0.00000 
  149     77.00000            0            0      0.00000 
  150     78.00000            0            0      0.00000 
  151     79.00000            0            0      0.00000 
  152     80.00000            0            0      0.00000 
  153     81.00000            0            0      0.00000 
  154     82.00000            0            0      0.00000 
  155     83.00000            0            0      0.00000 
  156     84.00000            0            0      0.00000 
  157     85.00000            0            0      0.00000 
  158     86.00000            0            0      0.00000 
