# 3dSliceNDice -insetA 9m_1min_s1_m4_binary+orig -insetB 9m_1min_s2_m4_binary+orig -prefix 9m_1min_split_m4_binary
    0     96.00000            0            0      0.00000 
    1     95.00000            0            0      0.00000 
    2     94.00000            0            0      0.00000 
    3     93.00000            0            0      0.00000 
    4     92.00000            0            0      0.00000 
    5     91.00000            0            0      0.00000 
    6     90.00000            0            0      0.00000 
    7     89.00000            0            0      0.00000 
    8     88.00000            0            0      0.00000 
    9     87.00000            0            0      0.00000 
   10     86.00000            0            0      0.00000 
   11     85.00000            0            0      0.00000 
   12     84.00000            0            0      0.00000 
   13     83.00000            0            0      0.00000 
   14     82.00000            0            0      0.00000 
   15     81.00000            0            0      0.00000 
   16     80.00000            0            0      0.00000 
   17     79.00000            0            0      0.00000 
   18     78.00000            0            0      0.00000 
   19     77.00000            0            0      0.00000 
   20     76.00000            0            0      0.00000 
   21     75.00000            0            0      0.00000 
   22     74.00000            0            0      0.00000 
   23     73.00000            0            0      0.00000 
   24     72.00000            0            0      0.00000 
   25     71.00000            0            0      0.00000 
   26     70.00000            0            0      0.00000 
   27     69.00000            0            0      0.00000 
   28     68.00000            0            0      0.00000 
   29     67.00000            0            0      0.00000 
   30     66.00000            0            0      0.00000 
   31     65.00000            0            0      0.00000 
   32     64.00000            0            0      0.00000 
   33     63.00000            0            0      0.00000 
   34     62.00000            0            0      0.00000 
   35     61.00000            0            0      0.00000 
   36     60.00000            0            0      0.00000 
   37     59.00000            0            0      0.00000 
   38     58.00000            0           85      0.00000 
   39     57.00000            0          155      0.00000 
   40     56.00000            0          183      0.00000 
   41     55.00000            0          214      0.00000 
   42     54.00000            0          253      0.00000 
   43     53.00000            0          288      0.00000 
   44     52.00000            0          302      0.00000 
   45     51.00000            0          306      0.00000 
   46     50.00000            0          300      0.00000 
   47     49.00000            0          276      0.00000 
   48     48.00000            0          256      0.00000 
   49     47.00000            0          216      0.00000 
   50     46.00000            0          180      0.00000 
   51     45.00000            0          140      0.00000 
   52     44.00000            0           88      0.00000 
   53     43.00000            0           32      0.00000 
   54     42.00000           43          109      0.52632 
   55     41.00000          144          244      0.65464 
   56     40.00000          235          360      0.70924 
   57     39.00000          306          450      0.72751 
   58     38.00000          379          541      0.74565 
   59     37.00000          485          642      0.79326 
   60     36.00000          592          734      0.82051 
   61     35.00000          730          862      0.84171 
   62     34.00000          832          956      0.85123 
   63     33.00000          931         1039      0.85888 
   64     32.00000         1025         1119      0.86287 
   65     31.00000         1090         1176      0.87114 
   66     30.00000         1156         1221      0.87253 
   67     29.00000         1193         1253      0.88144 
   68     28.00000         1232         1291      0.88942 
   69     27.00000         1261         1306      0.90222 
   70     26.00000         1295         1308      0.90511 
   71     25.00000         1352         1352      0.91272 
   72     24.00000         1397         1384      0.92269 
   73     23.00000         1452         1428      0.93056 
   74     22.00000         1551         1507      0.94572 
   75     21.00000         1608         1577      0.95699 
   76     20.00000         1667         1626      0.96143 
   77     19.00000         1689         1642      0.96488 
   78     18.00000         1724         1689      0.97099 
   79     17.00000         1772         1749      0.98040 
   80     16.00000         1818         1788      0.98225 
   81     15.00000         1860         1824      0.98263 
   82     14.00000         1899         1882      0.98122 
   83     13.00000         1928         1927      0.98106 
   84     12.00000         2455         2252      0.93478 
   85     11.00000         2669         2431      0.92824 
   86     10.00000         2823         2539      0.92055 
   87      9.00000         2924         2611      0.91491 
   88      8.00000         2991         2658      0.91237 
   89      7.00000         3037         2772      0.92374 
   90      6.00000         3032         2864      0.94030 
   91      5.00000         3028         2913      0.94866 
   92      4.00000         2981         2893      0.95608 
   93      3.00000         2914         2841      0.96299 
   94      2.00000         2792         2739      0.97017 
   95      1.00000         2636         2597      0.97458 
   96      0.00000         2553         2520      0.97970 
   97     -1.00000         2627         2600      0.97456 
   98     -2.00000         2781         2753      0.97145 
   99     -3.00000         2897         2861      0.96978 
  100     -4.00000         2982         2915      0.97202 
  101     -5.00000         3049         2933      0.96891 
  102     -6.00000         3047         2884      0.96240 
  103     -7.00000         3071         2874      0.95408 
  104     -8.00000         3011         2771      0.94811 
  105     -9.00000         2948         2679      0.94189 
  106    -10.00000         2870         2565      0.93579 
  107    -11.00000         2740         2386      0.92665 
  108    -12.00000         2585         2115      0.89106 
  109    -13.00000         2038         1747      0.87081 
  110    -14.00000         1979         1686      0.86821 
  111    -15.00000         1920         1617      0.86401 
  112    -16.00000         1820         1518      0.85980 
  113    -17.00000         1694         1350      0.82392 
  114    -18.00000         1415         1348      0.74774 
  115    -19.00000         1410         1442      0.78261 
  116    -20.00000         1384         1467      0.82357 
  117    -21.00000         1338         1452      0.86308 
  118    -22.00000         1294         1418      0.91003 
  119    -23.00000         1310         1451      0.93082 
  120    -24.00000         1318         1514      0.91667 
  121    -25.00000         1332         1574      0.90502 
  122    -26.00000         1324         1606      0.89488 
  123    -27.00000         1323         1639      0.88656 
  124    -28.00000         1297         1646      0.87666 
  125    -29.00000         1258         1619      0.87035 
  126    -30.00000         1205         1580      0.86248 
  127    -31.00000         1146         1508      0.85004 
  128    -32.00000         1090         1442      0.83570 
  129    -33.00000         1058         1344      0.80849 
  130    -34.00000         1045         1243      0.77448 
  131    -35.00000         1025         1133      0.73679 
  132    -36.00000          965          977      0.69825 
  133    -37.00000          924          847      0.66177 
  134    -38.00000          901          713      0.61586 
  135    -39.00000          901          607      0.56631 
  136    -40.00000          893          487      0.50290 
  137    -41.00000          827          345      0.43857 
  138    -42.00000          717          195      0.35746 
  139    -43.00000          641          116      0.30647 
  140    -44.00000          637          148      0.36178 
  141    -45.00000          641          181      0.39659 
  142    -46.00000          607          194      0.40449 
  143    -47.00000          585          216      0.42447 
  144    -48.00000          550          256      0.47146 
  145    -49.00000          509          276      0.49936 
  146    -50.00000          455          300      0.53510 
  147    -51.00000          386          308      0.56484 
  148    -52.00000          327          316      0.59098 
  149    -53.00000          252          316      0.59859 
  150    -54.00000          205          308      0.57700 
  151    -55.00000          142          297      0.55581 
  152    -56.00000           88          268      0.46067 
  153    -57.00000           32          231      0.24335 
  154    -58.00000            0           95      0.00000 
  155    -59.00000            0            0      0.00000 
  156    -60.00000            0            0      0.00000 
  157    -61.00000            0            0      0.00000 
  158    -62.00000            0            0      0.00000 
  159    -63.00000            0            0      0.00000 
  160    -64.00000            0            0      0.00000 
  161    -65.00000            0            0      0.00000 
  162    -66.00000            0            0      0.00000 
  163    -67.00000            0            0      0.00000 
  164    -68.00000            0            0      0.00000 
  165    -69.00000            0            0      0.00000 
  166    -70.00000            0            0      0.00000 
  167    -71.00000            0            0      0.00000 
  168    -72.00000            0            0      0.00000 
  169    -73.00000            0            0      0.00000 
  170    -74.00000            0            0      0.00000 
  171    -75.00000            0            0      0.00000 
  172    -76.00000            0            0      0.00000 
  173    -77.00000            0            0      0.00000 
  174    -78.00000            0            0      0.00000 
  175    -79.00000            0            0      0.00000 
  176    -80.00000            0            0      0.00000 
  177    -81.00000            0            0      0.00000 
  178    -82.00000            0            0      0.00000 
  179    -83.00000            0            0      0.00000 
  180    -84.00000            0            0      0.00000 
  181    -85.00000            0            0      0.00000 
  182    -86.00000            0            0      0.00000 
  183    -87.00000            0            0      0.00000 
  184    -88.00000            0            0      0.00000 
  185    -89.00000            0            0      0.00000 
  186    -90.00000            0            0      0.00000 
  187    -91.00000            0            0      0.00000 
  188    -92.00000            0            0      0.00000 
  189    -93.00000            0            0      0.00000 
  190    -94.00000            0            0      0.00000 
  191    -95.00000            0            0      0.00000 
  192    -96.00000            0            0      0.00000 
  193    -97.00000            0            0      0.00000 
  194    -98.00000            0            0      0.00000 
