# 3dSliceNDice -insetA 9m_1min_s1_m1_binary+orig -insetB 9m_1min_s2_m1_binary+orig -prefix 9m_1min_split_m1_binary
    0     96.00000            0            0      0.00000 
    1     95.00000            0            0      0.00000 
    2     94.00000            0            0      0.00000 
    3     93.00000            0            0      0.00000 
    4     92.00000            0            0      0.00000 
    5     91.00000            0            0      0.00000 
    6     90.00000            0            0      0.00000 
    7     89.00000            0            0      0.00000 
    8     88.00000            0            0      0.00000 
    9     87.00000            0            0      0.00000 
   10     86.00000            0            0      0.00000 
   11     85.00000            0            0      0.00000 
   12     84.00000            0            0      0.00000 
   13     83.00000            0            0      0.00000 
   14     82.00000            0            0      0.00000 
   15     81.00000            0            0      0.00000 
   16     80.00000            0            0      0.00000 
   17     79.00000            0            0      0.00000 
   18     78.00000            0            0      0.00000 
   19     77.00000            0            0      0.00000 
   20     76.00000            0            0      0.00000 
   21     75.00000            0            0      0.00000 
   22     74.00000            0            0      0.00000 
   23     73.00000            0            0      0.00000 
   24     72.00000            0            0      0.00000 
   25     71.00000            0            0      0.00000 
   26     70.00000            0            0      0.00000 
   27     69.00000            0            0      0.00000 
   28     68.00000            0            0      0.00000 
   29     67.00000            0            0      0.00000 
   30     66.00000            0            0      0.00000 
   31     65.00000            0            0      0.00000 
   32     64.00000            0            0      0.00000 
   33     63.00000            0            0      0.00000 
   34     62.00000            0            0      0.00000 
   35     61.00000            0            0      0.00000 
   36     60.00000            0            0      0.00000 
   37     59.00000            0            0      0.00000 
   38     58.00000            0          137      0.00000 
   39     57.00000           52          260      0.14744 
   40     56.00000          186          388      0.37631 
   41     55.00000          269          506      0.43871 
   42     54.00000          343          615      0.47808 
   43     53.00000          417          727      0.52448 
   44     52.00000          465          780      0.54297 
   45     51.00000          536          847      0.57990 
   46     50.00000          586          930      0.59631 
   47     49.00000          638         1018      0.60507 
   48     48.00000          701         1118      0.62122 
   49     47.00000          741         1192      0.62804 
   50     46.00000          767         1239      0.63410 
   51     45.00000          836         1362      0.64695 
   52     44.00000          925         1560      0.65755 
   53     43.00000         1024         1772      0.66452 
   54     42.00000         1137         2011      0.67154 
   55     41.00000         1294         2200      0.69491 
   56     40.00000         1449         2343      0.72152 
   57     39.00000         1502         2349      0.73955 
   58     38.00000         1577         2402      0.76049 
   59     37.00000         1641         2405      0.78003 
   60     36.00000         1724         2429      0.79557 
   61     35.00000         1830         2494      0.80342 
   62     34.00000         1879         2496      0.81143 
   63     33.00000         1934         2520      0.81679 
   64     32.00000         2238         2731      0.82874 
   65     31.00000         2472         2859      0.84637 
   66     30.00000         2663         2894      0.86342 
   67     29.00000         2807         2903      0.87356 
   68     28.00000         2911         2886      0.88046 
   69     27.00000         3024         2866      0.89338 
   70     26.00000         3114         2910      0.89973 
   71     25.00000         3243         2960      0.90118 
   72     24.00000         3323         3022      0.89740 
   73     23.00000         3432         3123      0.89794 
   74     22.00000         3490         3170      0.89459 
   75     21.00000         3509         3191      0.89224 
   76     20.00000         3516         3192      0.88730 
   77     19.00000         3516         3171      0.87663 
   78     18.00000         3517         3185      0.86691 
   79     17.00000         3482         3144      0.86387 
   80     16.00000         3439         3090      0.86568 
   81     15.00000         3396         3033      0.86328 
   82     14.00000         3258         2953      0.85944 
   83     13.00000         3068         2744      0.85891 
   84     12.00000         2828         2446      0.86121 
   85     11.00000         2794         2447      0.86968 
   86     10.00000         2730         2428      0.87049 
   87      9.00000         2600         2361      0.86797 
   88      8.00000         2437         2253      0.87420 
   89      7.00000         2326         2214      0.88326 
   90      6.00000         2374         2308      0.87698 
   91      5.00000         2416         2377      0.87920 
   92      4.00000         2415         2384      0.88227 
   93      3.00000         2414         2371      0.88903 
   94      2.00000         2389         2339      0.88536 
   95      1.00000         2283         2232      0.88151 
   96      0.00000         2214         2184      0.87176 
   97     -1.00000         2210         2197      0.86953 
   98     -2.00000         2284         2302      0.87876 
   99     -3.00000         2347         2362      0.86855 
  100     -4.00000         2438         2459      0.86379 
  101     -5.00000         2503         2542      0.86898 
  102     -6.00000         2549         2586      0.87517 
  103     -7.00000         2610         2642      0.88233 
  104     -8.00000         2683         2708      0.89074 
  105     -9.00000         2729         2784      0.88699 
  106    -10.00000         2785         2824      0.87324 
  107    -11.00000         2778         2811      0.85704 
  108    -12.00000         2784         2796      0.84265 
  109    -13.00000         2794         2793      0.83837 
  110    -14.00000         2811         2821      0.83665 
  111    -15.00000         2877         2876      0.83713 
  112    -16.00000         2922         2913      0.83942 
  113    -17.00000         2970         2938      0.83988 
  114    -18.00000         3002         2978      0.84649 
  115    -19.00000         2977         2969      0.85503 
  116    -20.00000         2973         2967      0.86263 
  117    -21.00000         2931         2941      0.86240 
  118    -22.00000         2894         2932      0.86646 
  119    -23.00000         2815         2858      0.86445 
  120    -24.00000         2733         2797      0.86763 
  121    -25.00000         2656         2755      0.87488 
  122    -26.00000         2541         2677      0.88080 
  123    -27.00000         2434         2617      0.88577 
  124    -28.00000         2274         2521      0.87216 
  125    -29.00000         2209         2437      0.85923 
  126    -30.00000         2148         2390      0.85104 
  127    -31.00000         2056         2289      0.84051 
  128    -32.00000         1963         2173      0.82930 
  129    -33.00000         1886         2106      0.82214 
  130    -34.00000         1830         2040      0.82171 
  131    -35.00000         1782         1960      0.82523 
  132    -36.00000         1692         1855      0.82379 
  133    -37.00000         1608         1737      0.82930 
  134    -38.00000         1563         1734      0.81043 
  135    -39.00000         1526         1740      0.78751 
  136    -40.00000         1469         1702      0.76064 
  137    -41.00000         1359         1568      0.73864 
  138    -42.00000         1223         1416      0.71466 
  139    -43.00000         1091         1295      0.68734 
  140    -44.00000          967         1208      0.65655 
  141    -45.00000          830         1144      0.60892 
  142    -46.00000          659         1035      0.54664 
  143    -47.00000          503          948      0.47967 
  144    -48.00000          385          869      0.38118 
  145    -49.00000          300          806      0.30018 
  146    -50.00000          204          740      0.17797 
  147    -51.00000          124          694      0.06601 
  148    -52.00000           71          679      0.00000 
  149    -53.00000           36          679      0.00000 
  150    -54.00000           25          667      0.00000 
  151    -55.00000            2          647      0.00000 
  152    -56.00000            0          587      0.00000 
  153    -57.00000            0          481      0.00000 
  154    -58.00000            0          227      0.00000 
  155    -59.00000            0           39      0.00000 
  156    -60.00000            0            0      0.00000 
  157    -61.00000            0            0      0.00000 
  158    -62.00000            0            0      0.00000 
  159    -63.00000            0            0      0.00000 
  160    -64.00000            0            0      0.00000 
  161    -65.00000            0            0      0.00000 
  162    -66.00000            0            0      0.00000 
  163    -67.00000            0            0      0.00000 
  164    -68.00000            0            0      0.00000 
  165    -69.00000            0            0      0.00000 
  166    -70.00000            0            0      0.00000 
  167    -71.00000            0            0      0.00000 
  168    -72.00000            0            0      0.00000 
  169    -73.00000            0            0      0.00000 
  170    -74.00000            0            0      0.00000 
  171    -75.00000            0            0      0.00000 
  172    -76.00000            0            0      0.00000 
  173    -77.00000            0            0      0.00000 
  174    -78.00000            0            0      0.00000 
  175    -79.00000            0            0      0.00000 
  176    -80.00000            0            0      0.00000 
  177    -81.00000            0            0      0.00000 
  178    -82.00000            0            0      0.00000 
  179    -83.00000            0            0      0.00000 
  180    -84.00000            0            0      0.00000 
  181    -85.00000            0            0      0.00000 
  182    -86.00000            0            0      0.00000 
  183    -87.00000            0            0      0.00000 
  184    -88.00000            0            0      0.00000 
  185    -89.00000            0            0      0.00000 
  186    -90.00000            0            0      0.00000 
  187    -91.00000            0            0      0.00000 
  188    -92.00000            0            0      0.00000 
  189    -93.00000            0            0      0.00000 
  190    -94.00000            0            0      0.00000 
  191    -95.00000            0            0      0.00000 
  192    -96.00000            0            0      0.00000 
  193    -97.00000            0            0      0.00000 
  194    -98.00000            0            0      0.00000 
