# 3dSliceNDice -insetA 9m_1min_s1_m2_binary+orig -insetB 9m_1min_s2_m2_binary+orig -prefix 9m_1min_split_m2_binary
    0    134.00000            0            0      0.00000 
    1    133.00000            0            0      0.00000 
    2    132.00000            0            0      0.00000 
    3    131.00000            0            0      0.00000 
    4    130.00000            0            0      0.00000 
    5    129.00000            0            0      0.00000 
    6    128.00000            0            0      0.00000 
    7    127.00000            0            0      0.00000 
    8    126.00000            0            0      0.00000 
    9    125.00000            0            0      0.00000 
   10    124.00000            0            0      0.00000 
   11    123.00000            0            0      0.00000 
   12    122.00000            0            0      0.00000 
   13    121.00000            0            0      0.00000 
   14    120.00000            0            0      0.00000 
   15    119.00000            0            0      0.00000 
   16    118.00000            0            0      0.00000 
   17    117.00000            0            0      0.00000 
   18    116.00000            0            0      0.00000 
   19    115.00000            0            0      0.00000 
   20    114.00000            0            0      0.00000 
   21    113.00000            0            0      0.00000 
   22    112.00000            0            0      0.00000 
   23    111.00000            0            0      0.00000 
   24    110.00000            0            0      0.00000 
   25    109.00000            0            0      0.00000 
   26    108.00000            0            0      0.00000 
   27    107.00000            0            0      0.00000 
   28    106.00000            0            0      0.00000 
   29    105.00000            0            0      0.00000 
   30    104.00000            0            0      0.00000 
   31    103.00000            0            0      0.00000 
   32    102.00000            0            0      0.00000 
   33    101.00000            0            0      0.00000 
   34    100.00000            0            0      0.00000 
   35     99.00000            0            0      0.00000 
   36     98.00000            0            0      0.00000 
   37     97.00000            0            0      0.00000 
   38     96.00000            0            0      0.00000 
   39     95.00000            0            0      0.00000 
   40     94.00000            0            0      0.00000 
   41     93.00000            0            0      0.00000 
   42     92.00000            0            0      0.00000 
   43     91.00000            0            0      0.00000 
   44     90.00000            0            0      0.00000 
   45     89.00000            0            0      0.00000 
   46     88.00000            0            0      0.00000 
   47     87.00000            0            0      0.00000 
   48     86.00000            0            0      0.00000 
   49     85.00000            0            0      0.00000 
   50     84.00000            0           23      0.00000 
   51     83.00000            0           77      0.00000 
   52     82.00000            8          144      0.09211 
   53     81.00000           39          220      0.23166 
   54     80.00000           73          290      0.31956 
   55     79.00000          115          340      0.32527 
   56     78.00000          166          362      0.34470 
   57     77.00000          223          382      0.36033 
   58     76.00000          253          388      0.36505 
   59     75.00000          285          400      0.37080 
   60     74.00000          302          432      0.36240 
   61     73.00000          314          469      0.35504 
   62     72.00000          316          501      0.34027 
   63     71.00000          308          531      0.31704 
   64     70.00000          300          556      0.29673 
   65     69.00000          276          571      0.27627 
   66     68.00000          256          586      0.25891 
   67     67.00000          216          584      0.22750 
   68     66.00000          180          587      0.19296 
   69     65.00000          140          594      0.15804 
   70     64.00000           88          575      0.09653 
   71     63.00000           32          571      0.03317 
   72     62.00000          146          656      0.36409 
   73     61.00000          325          767      0.59524 
   74     60.00000          464          830      0.71716 
   75     59.00000          583          851      0.81311 
   76     58.00000          666          825      0.89336 
   77     57.00000          881          897      0.92576 
   78     56.00000         1087         1026      0.89541 
   79     55.00000         1258         1156      0.88650 
   80     54.00000         1397         1272      0.88348 
   81     53.00000         1524         1372      0.88052 
   82     52.00000         1652         1496      0.89009 
   83     51.00000         1765         1593      0.89875 
   84     50.00000         1880         1690      0.90420 
   85     49.00000         1975         1780      0.91079 
   86     48.00000         2084         1876      0.91263 
   87     47.00000         2189         1983      0.91755 
   88     46.00000         2266         2052      0.91802 
   89     45.00000         2384         2139      0.92019 
   90     44.00000         2464         2193      0.92291 
   91     43.00000         2530         2245      0.92691 
   92     42.00000         2584         2294      0.93153 
   93     41.00000         2626         2322      0.93694 
   94     40.00000         2665         2379      0.94330 
   95     39.00000         2647         2415      0.95417 
   96     38.00000         2626         2453      0.96594 
   97     37.00000         2612         2472      0.97246 
   98     36.00000         2577         2453      0.97535 
   99     35.00000         2574         2458      0.97695 
  100     34.00000         2539         2438      0.97770 
  101     33.00000         2532         2440      0.97949 
  102     32.00000         2640         2508      0.96037 
  103     31.00000         2723         2529      0.94059 
  104     30.00000         2790         2555      0.93209 
  105     29.00000         2833         2545      0.92414 
  106     28.00000         2842         2508      0.91813 
  107     27.00000         2806         2446      0.90937 
  108     26.00000         2689         2329      0.90434 
  109     25.00000         2593         2234      0.89621 
  110     24.00000         2461         2097      0.88767 
  111     23.00000         2353         1986      0.88269 
  112     22.00000         2249         1882      0.87679 
  113     21.00000         2134         1775      0.87030 
  114     20.00000         1989         1637      0.86376 
  115     19.00000         1827         1496      0.85585 
  116     18.00000         1728         1413      0.84623 
  117     17.00000         1581         1300      0.84137 
  118     16.00000         1460         1216      0.83483 
  119     15.00000         1338         1131      0.83111 
  120     14.00000         1168         1024      0.83120 
  121     13.00000          985          903      0.85275 
  122     12.00000          793          760      0.87315 
  123     11.00000          724          702      0.86115 
  124     10.00000          633          628      0.84853 
  125      9.00000          519          537      0.83333 
  126      8.00000          368          435      0.83686 
  127      7.00000          214          309      0.81836 
  128      6.00000          100          188      0.69444 
  129      5.00000           64          130      0.65979 
  130      4.00000           26           63      0.58427 
  131      3.00000            0            0      0.00000 
  132      2.00000            0            0      0.00000 
  133      1.00000            0            0      0.00000 
  134      0.00000            0            0      0.00000 
  135     -1.00000            0            0      0.00000 
  136     -2.00000            0            0      0.00000 
  137     -3.00000            0            0      0.00000 
  138     -4.00000            0            0      0.00000 
  139     -5.00000            0            0      0.00000 
  140     -6.00000            0            0      0.00000 
  141     -7.00000            0            0      0.00000 
  142     -8.00000            0            0      0.00000 
  143     -9.00000            0            0      0.00000 
  144    -10.00000            0            0      0.00000 
  145    -11.00000            0            0      0.00000 
  146    -12.00000            0            0      0.00000 
  147    -13.00000            0            0      0.00000 
  148    -14.00000            0            0      0.00000 
  149    -15.00000            0            0      0.00000 
  150    -16.00000            0            0      0.00000 
  151    -17.00000            0            0      0.00000 
  152    -18.00000            0            0      0.00000 
  153    -19.00000            0            0      0.00000 
  154    -20.00000            0            0      0.00000 
  155    -21.00000            0            0      0.00000 
  156    -22.00000            0            0      0.00000 
  157    -23.00000            0            0      0.00000 
  158    -24.00000            0            0      0.00000 
  159    -25.00000            0            0      0.00000 
  160    -26.00000            0            0      0.00000 
  161    -27.00000            0            0      0.00000 
  162    -28.00000            0            0      0.00000 
  163    -29.00000            0            0      0.00000 
  164    -30.00000            0            0      0.00000 
  165    -31.00000            0            0      0.00000 
  166    -32.00000            0            0      0.00000 
  167    -33.00000            0            0      0.00000 
  168    -34.00000            0            0      0.00000 
  169    -35.00000            0            0      0.00000 
  170    -36.00000            0            0      0.00000 
  171    -37.00000            0            0      0.00000 
  172    -38.00000            0            0      0.00000 
  173    -39.00000            0            0      0.00000 
  174    -40.00000            0            0      0.00000 
  175    -41.00000            0            0      0.00000 
  176    -42.00000            0            0      0.00000 
  177    -43.00000            0            0      0.00000 
  178    -44.00000            0            0      0.00000 
  179    -45.00000            0            0      0.00000 
  180    -46.00000            0            0      0.00000 
  181    -47.00000            0            0      0.00000 
  182    -48.00000            0            0      0.00000 
  183    -49.00000            0            0      0.00000 
  184    -50.00000            0            0      0.00000 
  185    -51.00000            0            0      0.00000 
  186    -52.00000            0            0      0.00000 
  187    -53.00000            0            0      0.00000 
  188    -54.00000            0            0      0.00000 
  189    -55.00000            0            0      0.00000 
  190    -56.00000            0            0      0.00000 
  191    -57.00000            0            0      0.00000 
  192    -58.00000            0            0      0.00000 
  193    -59.00000            0            0      0.00000 
  194    -60.00000            0            0      0.00000 
  195    -61.00000            0            0      0.00000 
  196    -62.00000            0            0      0.00000 
  197    -63.00000            0            0      0.00000 
  198    -64.00000            0            0      0.00000 
  199    -65.00000            0            0      0.00000 
  200    -66.00000            0            0      0.00000 
  201    -67.00000            0            0      0.00000 
  202    -68.00000            0            0      0.00000 
  203    -69.00000            0            0      0.00000 
  204    -70.00000            0            0      0.00000 
  205    -71.00000            0            0      0.00000 
  206    -72.00000            0            0      0.00000 
  207    -73.00000            0            0      0.00000 
  208    -74.00000            0            0      0.00000 
  209    -75.00000            0            0      0.00000 
  210    -76.00000            0            0      0.00000 
  211    -77.00000            0            0      0.00000 
  212    -78.00000            0            0      0.00000 
  213    -79.00000            0            0      0.00000 
  214    -80.00000            0            0      0.00000 
  215    -81.00000            0            0      0.00000 
  216    -82.00000            0            0      0.00000 
  217    -83.00000            0            0      0.00000 
  218    -84.00000            0            0      0.00000 
  219    -85.00000            0            0      0.00000 
  220    -86.00000            0            0      0.00000 
  221    -87.00000            0            0      0.00000 
  222    -88.00000            0            0      0.00000 
  223    -89.00000            0            0      0.00000 
  224    -90.00000            0            0      0.00000 
  225    -91.00000            0            0      0.00000 
  226    -92.00000            0            0      0.00000 
  227    -93.00000            0            0      0.00000 
  228    -94.00000            0            0      0.00000 
  229    -95.00000            0            0      0.00000 
  230    -96.00000            0            0      0.00000 
  231    -97.00000            0            0      0.00000 
  232    -98.00000            0            0      0.00000 
