# 3dSliceNDice -insetA 9m_1min_s1_m1_binary+orig -insetB 9m_1min_s2_m1_binary+orig -prefix 9m_1min_split_m1_binary
    0    134.00000            0            0      0.00000 
    1    133.00000            0            0      0.00000 
    2    132.00000            0            0      0.00000 
    3    131.00000            0            0      0.00000 
    4    130.00000            0            0      0.00000 
    5    129.00000            0            0      0.00000 
    6    128.00000            0            0      0.00000 
    7    127.00000            0            0      0.00000 
    8    126.00000            0            0      0.00000 
    9    125.00000            0            0      0.00000 
   10    124.00000            0            0      0.00000 
   11    123.00000            0            0      0.00000 
   12    122.00000            0            0      0.00000 
   13    121.00000            0            0      0.00000 
   14    120.00000            0            0      0.00000 
   15    119.00000            0            0      0.00000 
   16    118.00000            0            0      0.00000 
   17    117.00000            0            0      0.00000 
   18    116.00000            0            0      0.00000 
   19    115.00000            0            0      0.00000 
   20    114.00000            0            0      0.00000 
   21    113.00000            0            0      0.00000 
   22    112.00000            0            0      0.00000 
   23    111.00000            0            0      0.00000 
   24    110.00000            0            0      0.00000 
   25    109.00000            0            0      0.00000 
   26    108.00000            0            0      0.00000 
   27    107.00000            0            0      0.00000 
   28    106.00000            0            0      0.00000 
   29    105.00000            0            0      0.00000 
   30    104.00000            0            0      0.00000 
   31    103.00000            0            0      0.00000 
   32    102.00000            0            0      0.00000 
   33    101.00000            0            0      0.00000 
   34    100.00000            0            0      0.00000 
   35     99.00000            0            0      0.00000 
   36     98.00000            0            0      0.00000 
   37     97.00000            0            0      0.00000 
   38     96.00000            0            0      0.00000 
   39     95.00000            0            0      0.00000 
   40     94.00000            0            0      0.00000 
   41     93.00000            0            0      0.00000 
   42     92.00000            0            0      0.00000 
   43     91.00000            0            0      0.00000 
   44     90.00000            0            0      0.00000 
   45     89.00000            0            0      0.00000 
   46     88.00000            0            0      0.00000 
   47     87.00000            0            0      0.00000 
   48     86.00000            0            0      0.00000 
   49     85.00000            0            0      0.00000 
   50     84.00000           45           49      0.95745 
   51     83.00000          147          163      0.94839 
   52     82.00000          253          282      0.94579 
   53     81.00000          386          390      0.95619 
   54     80.00000          547          507      0.93548 
   55     79.00000          708          644      0.92604 
   56     78.00000          873          784      0.92336 
   57     77.00000         1044          974      0.93558 
   58     76.00000         1247         1197      0.93944 
   59     75.00000         1483         1479      0.94801 
   60     74.00000         1741         1769      0.95783 
   61     73.00000         2001         2061      0.96012 
   62     72.00000         2334         2425      0.96533 
   63     71.00000         2591         2702      0.96694 
   64     70.00000         2879         3016      0.96828 
   65     69.00000         3078         3232      0.96450 
   66     68.00000         3274         3435      0.96289 
   67     67.00000         3448         3642      0.95797 
   68     66.00000         3581         3819      0.95351 
   69     65.00000         3710         3973      0.95067 
   70     64.00000         3790         4100      0.94804 
   71     63.00000         3879         4218      0.94529 
   72     62.00000         3877         4227      0.94719 
   73     61.00000         3883         4290      0.94286 
   74     60.00000         3857         4317      0.93859 
   75     59.00000         3751         4282      0.92942 
   76     58.00000         3575         4202      0.91578 
   77     57.00000         3294         4015      0.89479 
   78     56.00000         3262         3997      0.89241 
   79     55.00000         3215         3964      0.88787 
   80     54.00000         3075         3828      0.88136 
   81     53.00000         2967         3743      0.87303 
   82     52.00000         2769         3531      0.85714 
   83     51.00000         2606         3310      0.84009 
   84     50.00000         2390         2977      0.81498 
   85     49.00000         2049         2488      0.77011 
   86     48.00000         1587         1864      0.67575 
   87     47.00000         1113         1085      0.45405 
   88     46.00000         1083         1124      0.46488 
   89     45.00000         1055         1163      0.47340 
   90     44.00000          965         1163      0.47462 
   91     43.00000          842         1170      0.44930 
   92     42.00000          800         1231      0.44116 
   93     41.00000          877         1273      0.45209 
   94     40.00000          967         1317      0.47110 
   95     39.00000         1029         1295      0.48881 
   96     38.00000         1089         1282      0.50865 
   97     37.00000         1131         1272      0.52851 
   98     36.00000         1134         1243      0.52587 
   99     35.00000         1156         1251      0.52929 
  100     34.00000         1113         1206      0.52436 
  101     33.00000         1084         1143      0.50921 
  102     32.00000         1032         1081      0.51207 
  103     31.00000          983         1044      0.52195 
  104     30.00000          925         1023      0.52875 
  105     29.00000          820          956      0.53716 
  106     28.00000          662          853      0.53861 
  107     27.00000          496          843      0.51083 
  108     26.00000          444          888      0.46096 
  109     25.00000          384          919      0.41443 
  110     24.00000          278          893      0.33988 
  111     23.00000          124          825      0.19389 
  112     22.00000            0          769      0.00000 
  113     21.00000            0          793      0.00000 
  114     20.00000            0          823      0.00000 
  115     19.00000            0          816      0.00000 
  116     18.00000            0          813      0.00000 
  117     17.00000            0          784      0.00000 
  118     16.00000            0          744      0.00000 
  119     15.00000            0          733      0.00000 
  120     14.00000            0          688      0.00000 
  121     13.00000            0          659      0.00000 
  122     12.00000            0          635      0.00000 
  123     11.00000            0          611      0.00000 
  124     10.00000            0          586      0.00000 
  125      9.00000            0          518      0.00000 
  126      8.00000            0          451      0.00000 
  127      7.00000            0          394      0.00000 
  128      6.00000            0          377      0.00000 
  129      5.00000            0          354      0.00000 
  130      4.00000            0          319      0.00000 
  131      3.00000            0          278      0.00000 
  132      2.00000          304          248      0.11594 
  133      1.00000          545          268      0.21648 
  134      0.00000          725          280      0.27861 
  135     -1.00000          859          268      0.31943 
  136     -2.00000          964          248      0.35644 
  137     -3.00000         1493          603      0.55630 
  138     -4.00000         1962          979      0.66372 
  139     -5.00000         2290         1253      0.70731 
  140     -6.00000         2501         1451      0.73431 
  141     -7.00000         2653         1603      0.75329 
  142     -8.00000         2846         2080      0.83313 
  143     -9.00000         3011         2440      0.86957 
  144    -10.00000         3196         2733      0.89290 
  145    -11.00000         3287         2912      0.90434 
  146    -12.00000         3372         3041      0.91252 
  147    -13.00000         3463         3220      0.92503 
  148    -14.00000         3478         3289      0.93394 
  149    -15.00000         3515         3365      0.93983 
  150    -16.00000         3521         3381      0.94436 
  151    -17.00000         3508         3373      0.94841 
  152    -18.00000         3480         3368      0.94743 
  153    -19.00000         3419         3354      0.94020 
  154    -20.00000         3400         3413      0.93909 
  155    -21.00000         3355         3424      0.93082 
  156    -22.00000         3317         3435      0.92032 
  157    -23.00000         3254         3449      0.90228 
  158    -24.00000         3173         3435      0.88317 
  159    -25.00000         3075         3384      0.86391 
  160    -26.00000         2904         3234      0.83871 
  161    -27.00000         2722         3023      0.80801 
  162    -28.00000         2455         2733      0.77255 
  163    -29.00000         2408         2597      0.77682 
  164    -30.00000         2336         2482      0.77792 
  165    -31.00000         2181         2257      0.77017 
  166    -32.00000         1976         2008      0.78665 
  167    -33.00000         1756         1789      0.84739 
  168    -34.00000         1739         1702      0.85324 
  169    -35.00000         1704         1608      0.86413 
  170    -36.00000         1603         1500      0.86561 
  171    -37.00000         1518         1420      0.87338 
  172    -38.00000         1391         1331      0.88905 
  173    -39.00000         1329         1273      0.89777 
  174    -40.00000         1289         1227      0.90779 
  175    -41.00000         1204         1160      0.91032 
  176    -42.00000         1150         1120      0.91366 
  177    -43.00000         1085         1075      0.92037 
  178    -44.00000         1018         1007      0.92642 
  179    -45.00000          961          950      0.94296 
  180    -46.00000          890          875      0.94504 
  181    -47.00000          831          816      0.95811 
  182    -48.00000          747          736      0.96696 
  183    -49.00000          666          659      0.97509 
  184    -50.00000          569          565      0.98236 
  185    -51.00000          457          454      0.99451 
  186    -52.00000          385          383      0.99219 
  187    -53.00000          292          288      0.99310 
  188    -54.00000          240          236      0.99160 
  189    -55.00000          182          178      0.98889 
  190    -56.00000          110          108      0.99083 
  191    -57.00000           48           44      0.95652 
  192    -58.00000           12           10      0.90909 
  193    -59.00000            0            0      0.00000 
  194    -60.00000            0            0      0.00000 
  195    -61.00000            0            0      0.00000 
  196    -62.00000            0            0      0.00000 
  197    -63.00000            0            0      0.00000 
  198    -64.00000            0            0      0.00000 
  199    -65.00000            0            0      0.00000 
  200    -66.00000            0            0      0.00000 
  201    -67.00000            0            0      0.00000 
  202    -68.00000            0            0      0.00000 
  203    -69.00000            0            0      0.00000 
  204    -70.00000            0            0      0.00000 
  205    -71.00000            0            0      0.00000 
  206    -72.00000            0            0      0.00000 
  207    -73.00000            0            0      0.00000 
  208    -74.00000            0            0      0.00000 
  209    -75.00000            0            0      0.00000 
  210    -76.00000            0            0      0.00000 
  211    -77.00000            0            0      0.00000 
  212    -78.00000            0            0      0.00000 
  213    -79.00000            0            0      0.00000 
  214    -80.00000            0            0      0.00000 
  215    -81.00000            0            0      0.00000 
  216    -82.00000            0            0      0.00000 
  217    -83.00000            0            0      0.00000 
  218    -84.00000            0            0      0.00000 
  219    -85.00000            0            0      0.00000 
  220    -86.00000            0            0      0.00000 
  221    -87.00000            0            0      0.00000 
  222    -88.00000            0            0      0.00000 
  223    -89.00000            0            0      0.00000 
  224    -90.00000            0            0      0.00000 
  225    -91.00000            0            0      0.00000 
  226    -92.00000            0            0      0.00000 
  227    -93.00000            0            0      0.00000 
  228    -94.00000            0            0      0.00000 
  229    -95.00000            0            0      0.00000 
  230    -96.00000            0            0      0.00000 
  231    -97.00000            0            0      0.00000 
  232    -98.00000            0            0      0.00000 
