# 3dSliceNDice -insetA 9m_1min_s1_m3_binary+orig -insetB 9m_1min_s2_m3_binary+orig -prefix 9m_1min_split_m3_binary
    0    -72.00000            0            0      0.00000 
    1    -71.00000            0            0      0.00000 
    2    -70.00000            0            0      0.00000 
    3    -69.00000            0            0      0.00000 
    4    -68.00000            0            0      0.00000 
    5    -67.00000            0            0      0.00000 
    6    -66.00000            0            0      0.00000 
    7    -65.00000            0            0      0.00000 
    8    -64.00000            0            0      0.00000 
    9    -63.00000            0            0      0.00000 
   10    -62.00000            0            0      0.00000 
   11    -61.00000            0            0      0.00000 
   12    -60.00000            0            0      0.00000 
   13    -59.00000            0            0      0.00000 
   14    -58.00000            0            0      0.00000 
   15    -57.00000            0            0      0.00000 
   16    -56.00000            0            0      0.00000 
   17    -55.00000            0            0      0.00000 
   18    -54.00000            0            0      0.00000 
   19    -53.00000            0            0      0.00000 
   20    -52.00000            0            0      0.00000 
   21    -51.00000            6            6      1.00000 
   22    -50.00000          107          136      0.87243 
   23    -49.00000          581          622      0.90441 
   24    -48.00000          924          988      0.91736 
   25    -47.00000         1092         1169      0.91110 
   26    -46.00000         1267         1349      0.90749 
   27    -45.00000         1424         1511      0.90903 
   28    -44.00000         1497         1590      0.90768 
   29    -43.00000         1576         1674      0.90338 
   30    -42.00000         1629         1719      0.90442 
   31    -41.00000         1650         1731      0.90979 
   32    -40.00000         1683         1752      0.91237 
   33    -39.00000         1700         1757      0.91409 
   34    -38.00000         1714         1761      0.91856 
   35    -37.00000         1711         1753      0.92263 
   36    -36.00000         1724         1761      0.92396 
   37    -35.00000         1749         1771      0.92670 
   38    -34.00000         1774         1768      0.92603 
   39    -33.00000         1810         1766      0.92002 
   40    -32.00000         1827         1749      0.91219 
   41    -31.00000         1819         1715      0.90889 
   42    -30.00000         1819         1672      0.90518 
   43    -29.00000         1796         1602      0.90288 
   44    -28.00000         1793         1550      0.89022 
   45    -27.00000         1861         1505      0.86156 
   46    -26.00000         1942         1526      0.85179 
   47    -25.00000         2005         1560      0.85217 
   48    -24.00000         2021         1554      0.85203 
   49    -23.00000         2056         1551      0.84946 
   50    -22.00000         2072         1685      0.88422 
   51    -21.00000         2093         1830      0.91410 
   52    -20.00000         2134         1957      0.92593 
   53    -19.00000         2162         2051      0.93188 
   54    -18.00000         2184         2138      0.93290 
   55    -17.00000         2210         2268      0.92541 
   56    -16.00000         2276         2371      0.92318 
   57    -15.00000         2394         2509      0.92719 
   58    -14.00000         2474         2649      0.92290 
   59    -13.00000         2521         2743      0.91603 
   60    -12.00000         2560         2798      0.92049 
   61    -11.00000         2551         2809      0.92276 
   62    -10.00000         2572         2841      0.92740 
   63     -9.00000         2533         2828      0.92707 
   64     -8.00000         2501         2828      0.92700 
   65     -7.00000         2452         2789      0.92463 
   66     -6.00000         2415         2729      0.92613 
   67     -5.00000         2384         2678      0.92612 
   68     -4.00000         2310         2590      0.92245 
   69     -3.00000         2264         2518      0.92388 
   70     -2.00000         2165         2401      0.92072 
   71     -1.00000         2070         2280      0.91954 
   72      0.00000         1958         2133      0.91762 
   73      1.00000         1809         1933      0.91769 
   74      2.00000         1671         1692      0.91466 
   75      3.00000         1536         1436      0.89367 
   76      4.00000         1437         1338      0.88793 
   77      5.00000         1314         1214      0.87896 
   78      6.00000         1141         1046      0.86511 
   79      7.00000          871          841      0.80958 
   80      8.00000          363          580      0.35419 
   81      9.00000          371          506      0.29647 
   82     10.00000          369          408      0.22651 
   83     11.00000          337          264      0.12646 
   84     12.00000          280           96      0.02128 
   85     13.00000          338          228      0.58657 
   86     14.00000          470          442      0.71711 
   87     15.00000          586          604      0.76134 
   88     16.00000          668          721      0.78906 
   89     17.00000          738          814      0.80928 
   90     18.00000          828          941      0.81967 
   91     19.00000          921         1056      0.82752 
   92     20.00000         1025         1197      0.83798 
   93     21.00000         1096         1288      0.84648 
   94     22.00000         1156         1373      0.85014 
   95     23.00000         1270         1454      0.87665 
   96     24.00000         1361         1507      0.89888 
   97     25.00000         1443         1558      0.91170 
   98     26.00000         1468         1556      0.91667 
   99     27.00000         1486         1551      0.91933 
  100     28.00000         1611         1606      0.91327 
  101     29.00000         1645         1607      0.90959 
  102     30.00000         1668         1600      0.91004 
  103     31.00000         1648         1572      0.91180 
  104     32.00000         1633         1569      0.92067 
  105     33.00000         1601         1550      0.92796 
  106     34.00000         1508         1478      0.92699 
  107     35.00000         1439         1444      0.93097 
  108     36.00000         1347         1391      0.93499 
  109     37.00000         1306         1344      0.93358 
  110     38.00000         1227         1307      0.91634 
  111     39.00000         1125         1266      0.89251 
  112     40.00000         1014         1217      0.86508 
  113     41.00000          912         1144      0.83852 
  114     42.00000          812         1083      0.80739 
  115     43.00000          720         1034      0.76967 
  116     44.00000          611          942      0.73278 
  117     45.00000          519          860      0.69181 
  118     46.00000          397          737      0.63845 
  119     47.00000          263          594      0.53909 
  120     48.00000          131          423      0.40794 
  121     49.00000           63          304      0.29973 
  122     50.00000           30          233      0.22814 
  123     51.00000            7          140      0.09524 
  124     52.00000            0           83      0.00000 
  125     53.00000            0           36      0.00000 
  126     54.00000            0           10      0.00000 
  127     55.00000            0            0      0.00000 
  128     56.00000            0            0      0.00000 
  129     57.00000            0            0      0.00000 
  130     58.00000            0            0      0.00000 
  131     59.00000            0            0      0.00000 
  132     60.00000            0            0      0.00000 
  133     61.00000            0            0      0.00000 
  134     62.00000            0            0      0.00000 
  135     63.00000            0            0      0.00000 
  136     64.00000            0            0      0.00000 
  137     65.00000            0            0      0.00000 
  138     66.00000            0            0      0.00000 
  139     67.00000            0            0      0.00000 
  140     68.00000            0            0      0.00000 
  141     69.00000            0            0      0.00000 
  142     70.00000            0            0      0.00000 
  143     71.00000            0            0      0.00000 
  144     72.00000            0            0      0.00000 
  145     73.00000            0            0      0.00000 
  146     74.00000            0            0      0.00000 
  147     75.00000            0            0      0.00000 
  148     76.00000            0            0      0.00000 
  149     77.00000            0            0      0.00000 
  150     78.00000            0            0      0.00000 
  151     79.00000            0            0      0.00000 
  152     80.00000            0            0      0.00000 
  153     81.00000            0            0      0.00000 
  154     82.00000            0            0      0.00000 
  155     83.00000            0            0      0.00000 
  156     84.00000            0            0      0.00000 
  157     85.00000            0            0      0.00000 
  158     86.00000            0            0      0.00000 
