# 3dSliceNDice -insetA 9m_1min_s1_m3_binary+orig -insetB 9m_1min_s2_m3_binary+orig -prefix 9m_1min_split_m3_binary
    0    134.00000            0            0      0.00000 
    1    133.00000            0            0      0.00000 
    2    132.00000            0            0      0.00000 
    3    131.00000            0            0      0.00000 
    4    130.00000            0            0      0.00000 
    5    129.00000            0            0      0.00000 
    6    128.00000            0            0      0.00000 
    7    127.00000            0            0      0.00000 
    8    126.00000            0            0      0.00000 
    9    125.00000            0            0      0.00000 
   10    124.00000            0            0      0.00000 
   11    123.00000            0            0      0.00000 
   12    122.00000            0            0      0.00000 
   13    121.00000            0            0      0.00000 
   14    120.00000            0            0      0.00000 
   15    119.00000            0            0      0.00000 
   16    118.00000            0            0      0.00000 
   17    117.00000            0            0      0.00000 
   18    116.00000            0            0      0.00000 
   19    115.00000            0            0      0.00000 
   20    114.00000            0            0      0.00000 
   21    113.00000            0            0      0.00000 
   22    112.00000            0            0      0.00000 
   23    111.00000            0            0      0.00000 
   24    110.00000            0            0      0.00000 
   25    109.00000            0            0      0.00000 
   26    108.00000            0            0      0.00000 
   27    107.00000            0            0      0.00000 
   28    106.00000            0            0      0.00000 
   29    105.00000            0            0      0.00000 
   30    104.00000            0            0      0.00000 
   31    103.00000            0            0      0.00000 
   32    102.00000            0            0      0.00000 
   33    101.00000            0            0      0.00000 
   34    100.00000            0            0      0.00000 
   35     99.00000            0            0      0.00000 
   36     98.00000            0            0      0.00000 
   37     97.00000            0            0      0.00000 
   38     96.00000            0            0      0.00000 
   39     95.00000            0            0      0.00000 
   40     94.00000            0            0      0.00000 
   41     93.00000            0            0      0.00000 
   42     92.00000            0            0      0.00000 
   43     91.00000            0            0      0.00000 
   44     90.00000            0            0      0.00000 
   45     89.00000            0            0      0.00000 
   46     88.00000            0            0      0.00000 
   47     87.00000            0            0      0.00000 
   48     86.00000            0            0      0.00000 
   49     85.00000            0            0      0.00000 
   50     84.00000            0            0      0.00000 
   51     83.00000            0            0      0.00000 
   52     82.00000            0            0      0.00000 
   53     81.00000            0            0      0.00000 
   54     80.00000            0            0      0.00000 
   55     79.00000            0            0      0.00000 
   56     78.00000            0            0      0.00000 
   57     77.00000            0            0      0.00000 
   58     76.00000            0            0      0.00000 
   59     75.00000           14            0      0.00000 
   60     74.00000           65            0      0.00000 
   61     73.00000          122            0      0.00000 
   62     72.00000          188           14      0.13861 
   63     71.00000          242           83      0.51077 
   64     70.00000          314          160      0.67511 
   65     69.00000          352          217      0.76274 
   66     68.00000          387          264      0.80799 
   67     67.00000          465          333      0.82206 
   68     66.00000          562          399      0.81165 
   69     65.00000          649          479      0.80674 
   70     64.00000          720          559      0.78342 
   71     63.00000          783          638      0.75862 
   72     62.00000          860          742      0.76904 
   73     61.00000          909          839      0.78833 
   74     60.00000          986          953      0.80557 
   75     59.00000         1020         1019      0.81314 
   76     58.00000         1057         1073      0.82347 
   77     57.00000         1251         1216      0.82205 
   78     56.00000         1454         1400      0.83602 
   79     55.00000         1635         1576      0.85456 
   80     54.00000         1780         1725      0.86163 
   81     53.00000         1900         1836      0.86724 
   82     52.00000         2117         2006      0.86539 
   83     51.00000         2306         2149      0.86061 
   84     50.00000         2433         2276      0.85878 
   85     49.00000         2494         2343      0.85301 
   86     48.00000         2580         2434      0.85002 
   87     47.00000         2651         2573      0.86907 
   88     46.00000         2750         2709      0.88258 
   89     45.00000         2865         2833      0.89259 
   90     44.00000         2892         2869      0.89672 
   91     43.00000         2901         2834      0.90148 
   92     42.00000         2874         2803      0.90188 
   93     41.00000         2905         2877      0.90246 
   94     40.00000         2965         2962      0.90872 
   95     39.00000         2956         2978      0.91439 
   96     38.00000         2922         2991      0.92204 
   97     37.00000         2886         3014      0.93153 
   98     36.00000         2895         3037      0.93358 
   99     35.00000         2925         3078      0.93387 
  100     34.00000         2912         3063      0.93456 
  101     33.00000         2928         3067      0.93678 
  102     32.00000         2918         3044      0.93559 
  103     31.00000         2873         2974      0.93039 
  104     30.00000         2854         2929      0.92789 
  105     29.00000         2815         2880      0.92713 
  106     28.00000         2785         2845      0.92114 
  107     27.00000         2715         2779      0.91591 
  108     26.00000         2620         2710      0.91407 
  109     25.00000         2528         2668      0.91378 
  110     24.00000         2441         2592      0.91754 
  111     23.00000         2377         2534      0.92038 
  112     22.00000         2309         2445      0.92427 
  113     21.00000         2227         2338      0.92837 
  114     20.00000         2098         2206      0.93123 
  115     19.00000         1978         2098      0.93817 
  116     18.00000         1889         2018      0.94446 
  117     17.00000         1800         2002      0.93214 
  118     16.00000         1733         2039      0.90774 
  119     15.00000         1671         2067      0.88657 
  120     14.00000         1613         2056      0.87108 
  121     13.00000         1591         2071      0.85800 
  122     12.00000         1606         2064      0.85722 
  123     11.00000         1622         2031      0.86285 
  124     10.00000         1604         1982      0.85945 
  125      9.00000         1529         1861      0.85546 
  126      8.00000         1445         1733      0.84141 
  127      7.00000         1307         1553      0.82797 
  128      6.00000         1154         1384      0.81481 
  129      5.00000         1044         1266      0.80693 
  130      4.00000          875         1101      0.79150 
  131      3.00000          589          906      0.71304 
  132      2.00000          280          666      0.59197 
  133      1.00000          266          583      0.62662 
  134      0.00000          253          521      0.65375 
  135     -1.00000          230          437      0.68966 
  136     -2.00000          211          357      0.74296 
  137     -3.00000          302          419      0.83773 
  138     -4.00000          442          539      0.90112 
  139     -5.00000          532          611      0.93088 
  140     -6.00000          587          657      0.94373 
  141     -7.00000          620          690      0.94656 
  142     -8.00000          651          718      0.95106 
  143     -9.00000          649          721      0.94745 
  144    -10.00000          660          735      0.94624 
  145    -11.00000          662          740      0.94437 
  146    -12.00000          660          745      0.93950 
  147    -13.00000          665          754      0.93728 
  148    -14.00000          650          728      0.94340 
  149    -15.00000          653          720      0.95120 
  150    -16.00000          659          721      0.95507 
  151    -17.00000          666          716      0.96382 
  152    -18.00000          668          710      0.96952 
  153    -19.00000          647          679      0.97587 
  154    -20.00000          629          653      0.98128 
  155    -21.00000          596          597      0.96731 
  156    -22.00000          568          559      0.95120 
  157    -23.00000          520          486      0.92644 
  158    -24.00000          479          427      0.90066 
  159    -25.00000          427          349      0.85309 
  160    -26.00000          355          251      0.77558 
  161    -27.00000          277          123      0.54000 
  162    -28.00000          179            0      0.00000 
  163    -29.00000          141            0      0.00000 
  164    -30.00000           92            0      0.00000 
  165    -31.00000           43            0      0.00000 
  166    -32.00000            1            0      0.00000 
  167    -33.00000            0            0      0.00000 
  168    -34.00000            0            0      0.00000 
  169    -35.00000            0            0      0.00000 
  170    -36.00000            0            0      0.00000 
  171    -37.00000            0            0      0.00000 
  172    -38.00000            0            0      0.00000 
  173    -39.00000            0            0      0.00000 
  174    -40.00000            0            0      0.00000 
  175    -41.00000            0            0      0.00000 
  176    -42.00000            0            0      0.00000 
  177    -43.00000            0            0      0.00000 
  178    -44.00000            0            0      0.00000 
  179    -45.00000            0            0      0.00000 
  180    -46.00000            0            0      0.00000 
  181    -47.00000            0            0      0.00000 
  182    -48.00000            0            0      0.00000 
  183    -49.00000            0            0      0.00000 
  184    -50.00000            0            0      0.00000 
  185    -51.00000            0            0      0.00000 
  186    -52.00000            0            0      0.00000 
  187    -53.00000            0            0      0.00000 
  188    -54.00000            0            0      0.00000 
  189    -55.00000            0            0      0.00000 
  190    -56.00000            0            0      0.00000 
  191    -57.00000            0            0      0.00000 
  192    -58.00000            0            0      0.00000 
  193    -59.00000            0            0      0.00000 
  194    -60.00000            0            0      0.00000 
  195    -61.00000            0            0      0.00000 
  196    -62.00000            0            0      0.00000 
  197    -63.00000            0            0      0.00000 
  198    -64.00000            0            0      0.00000 
  199    -65.00000            0            0      0.00000 
  200    -66.00000            0            0      0.00000 
  201    -67.00000            0            0      0.00000 
  202    -68.00000            0            0      0.00000 
  203    -69.00000            0            0      0.00000 
  204    -70.00000            0            0      0.00000 
  205    -71.00000            0            0      0.00000 
  206    -72.00000            0            0      0.00000 
  207    -73.00000            0            0      0.00000 
  208    -74.00000            0            0      0.00000 
  209    -75.00000            0            0      0.00000 
  210    -76.00000            0            0      0.00000 
  211    -77.00000            0            0      0.00000 
  212    -78.00000            0            0      0.00000 
  213    -79.00000            0            0      0.00000 
  214    -80.00000            0            0      0.00000 
  215    -81.00000            0            0      0.00000 
  216    -82.00000            0            0      0.00000 
  217    -83.00000            0            0      0.00000 
  218    -84.00000            0            0      0.00000 
  219    -85.00000            0            0      0.00000 
  220    -86.00000            0            0      0.00000 
  221    -87.00000            0            0      0.00000 
  222    -88.00000            0            0      0.00000 
  223    -89.00000            0            0      0.00000 
  224    -90.00000            0            0      0.00000 
  225    -91.00000            0            0      0.00000 
  226    -92.00000            0            0      0.00000 
  227    -93.00000            0            0      0.00000 
  228    -94.00000            0            0      0.00000 
  229    -95.00000            0            0      0.00000 
  230    -96.00000            0            0      0.00000 
  231    -97.00000            0            0      0.00000 
  232    -98.00000            0            0      0.00000 
