# 3dSliceNDice -insetA 9m_1min_s1_m4_binary+orig -insetB 9m_1min_s2_m4_binary+orig -prefix 9m_1min_split_m4_binary
    0    134.00000            0            0      0.00000 
    1    133.00000            0            0      0.00000 
    2    132.00000            0            0      0.00000 
    3    131.00000            0            0      0.00000 
    4    130.00000            0            0      0.00000 
    5    129.00000            0            0      0.00000 
    6    128.00000            0            0      0.00000 
    7    127.00000            0            0      0.00000 
    8    126.00000            0            0      0.00000 
    9    125.00000            0            0      0.00000 
   10    124.00000            0            0      0.00000 
   11    123.00000            0            0      0.00000 
   12    122.00000            0            0      0.00000 
   13    121.00000            0            0      0.00000 
   14    120.00000            0            0      0.00000 
   15    119.00000            0            0      0.00000 
   16    118.00000            0            0      0.00000 
   17    117.00000            0            0      0.00000 
   18    116.00000            0            0      0.00000 
   19    115.00000            0            0      0.00000 
   20    114.00000            0            0      0.00000 
   21    113.00000            0            0      0.00000 
   22    112.00000            0            0      0.00000 
   23    111.00000            0            0      0.00000 
   24    110.00000            0            0      0.00000 
   25    109.00000            0            0      0.00000 
   26    108.00000            0            0      0.00000 
   27    107.00000            0            0      0.00000 
   28    106.00000            0            0      0.00000 
   29    105.00000            0            0      0.00000 
   30    104.00000            0            0      0.00000 
   31    103.00000            0            0      0.00000 
   32    102.00000            0            0      0.00000 
   33    101.00000            0            0      0.00000 
   34    100.00000            0            0      0.00000 
   35     99.00000            0            0      0.00000 
   36     98.00000            0            0      0.00000 
   37     97.00000            0            0      0.00000 
   38     96.00000            0            0      0.00000 
   39     95.00000            0            0      0.00000 
   40     94.00000            0            0      0.00000 
   41     93.00000            0            0      0.00000 
   42     92.00000            0            0      0.00000 
   43     91.00000            0            0      0.00000 
   44     90.00000            0            0      0.00000 
   45     89.00000            0            0      0.00000 
   46     88.00000            0            0      0.00000 
   47     87.00000            0            0      0.00000 
   48     86.00000            0            0      0.00000 
   49     85.00000            0            0      0.00000 
   50     84.00000            0            0      0.00000 
   51     83.00000            0            0      0.00000 
   52     82.00000            0            0      0.00000 
   53     81.00000            0            0      0.00000 
   54     80.00000            0            0      0.00000 
   55     79.00000            0            0      0.00000 
   56     78.00000            0            0      0.00000 
   57     77.00000           20            0      0.00000 
   58     76.00000           58            0      0.00000 
   59     75.00000           99            0      0.00000 
   60     74.00000          146            9      0.10323 
   61     73.00000          213           35      0.26613 
   62     72.00000          362          102      0.42241 
   63     71.00000          453          159      0.51307 
   64     70.00000          538          217      0.56689 
   65     69.00000          573          244      0.58996 
   66     68.00000          611          280      0.61728 
   67     67.00000          628          297      0.62919 
   68     66.00000          629          303      0.63519 
   69     65.00000          623          300      0.63489 
   70     64.00000          583          276      0.63329 
   71     63.00000          551          256      0.61462 
   72     62.00000          487          216      0.60313 
   73     61.00000          423          180      0.57048 
   74     60.00000          349          140      0.53988 
   75     59.00000          245           88      0.45646 
   76     58.00000           96           32      0.12500 
   77     57.00000           89           60      0.48322 
   78     56.00000          205          139      0.64535 
   79     55.00000          303          217      0.71154 
   80     54.00000          376          277      0.74119 
   81     53.00000          452          338      0.76709 
   82     52.00000          623          537      0.85517 
   83     51.00000          784          680      0.87842 
   84     50.00000          928          816      0.88991 
   85     49.00000         1048          933      0.90560 
   86     48.00000         1146         1025      0.91755 
   87     47.00000         1285         1195      0.93306 
   88     46.00000         1424         1337      0.94169 
   89     45.00000         1556         1482      0.94931 
   90     44.00000         1636         1579      0.95054 
   91     43.00000         1695         1656      0.95076 
   92     42.00000         1787         1763      0.93521 
   93     41.00000         1916         1874      0.91768 
   94     40.00000         2022         1966      0.90772 
   95     39.00000         2109         2035      0.90058 
   96     38.00000         2204         2122      0.89598 
   97     37.00000         2297         2178      0.89162 
   98     36.00000         2364         2234      0.88734 
   99     35.00000         2430         2295      0.88127 
  100     34.00000         2442         2300      0.87558 
  101     33.00000         2480         2313      0.87169 
  102     32.00000         2506         2325      0.86111 
  103     31.00000         2534         2350      0.84848 
  104     30.00000         2581         2376      0.84527 
  105     29.00000         2577         2359      0.84238 
  106     28.00000         2499         2278      0.83902 
  107     27.00000         2398         2239      0.84451 
  108     26.00000         2360         2279      0.83337 
  109     25.00000         2322         2306      0.82887 
  110     24.00000         2219         2255      0.82611 
  111     23.00000         2074         2156      0.83546 
  112     22.00000         2109         2271      0.85982 
  113     21.00000         2217         2354      0.86064 
  114     20.00000         2274         2423      0.85842 
  115     19.00000         2293         2430      0.85666 
  116     18.00000         2325         2447      0.85792 
  117     17.00000         2453         2637      0.88802 
  118     16.00000         2487         2704      0.90464 
  119     15.00000         2508         2740      0.91387 
  120     14.00000         2513         2740      0.92252 
  121     13.00000         2500         2714      0.93901 
  122     12.00000         2498         2672      0.95667 
  123     11.00000         2499         2636      0.96047 
  124     10.00000         2494         2595      0.96365 
  125      9.00000         2465         2541      0.96524 
  126      8.00000         2439         2483      0.96952 
  127      7.00000         2396         2428      0.97139 
  128      6.00000         2347         2400      0.96777 
  129      5.00000         2298         2372      0.96531 
  130      4.00000         2260         2353      0.96423 
  131      3.00000         2237         2343      0.96245 
  132      2.00000         2195         2321      0.96103 
  133      1.00000         2137         2274      0.95851 
  134      0.00000         2086         2231      0.95622 
  135     -1.00000         2014         2181      0.95209 
  136     -2.00000         1966         2145      0.94819 
  137     -3.00000         1903         2117      0.93930 
  138     -4.00000         1823         2087      0.92634 
  139     -5.00000         1715         2022      0.91357 
  140     -6.00000         1558         1912      0.89568 
  141     -7.00000         1367         1760      0.87176 
  142     -8.00000         1005         1367      0.84401 
  143     -9.00000          969         1333      0.83840 
  144    -10.00000          919         1293      0.83092 
  145    -11.00000          903         1247      0.82791 
  146    -12.00000          874         1205      0.82828 
  147    -13.00000          852         1150      0.83317 
  148    -14.00000          840         1127      0.83274 
  149    -15.00000          818         1097      0.83238 
  150    -16.00000          809         1029      0.81937 
  151    -17.00000          801          986      0.81701 
  152    -18.00000          779          884      0.80337 
  153    -19.00000          757          802      0.79795 
  154    -20.00000          727          712      0.79500 
  155    -21.00000          690          592      0.78627 
  156    -22.00000          661          487      0.79268 
  157    -23.00000          622          416      0.80154 
  158    -24.00000          594          394      0.79757 
  159    -25.00000          553          360      0.78861 
  160    -26.00000          497          314      0.77435 
  161    -27.00000          464          285      0.76101 
  162    -28.00000          412          246      0.74772 
  163    -29.00000          362          205      0.72310 
  164    -30.00000          306          161      0.68951 
  165    -31.00000          228          102      0.61818 
  166    -32.00000          121           32      0.41830 
  167    -33.00000            0            0      0.00000 
  168    -34.00000            0            0      0.00000 
  169    -35.00000            0            0      0.00000 
  170    -36.00000            0            0      0.00000 
  171    -37.00000            0            0      0.00000 
  172    -38.00000            0            0      0.00000 
  173    -39.00000            0            0      0.00000 
  174    -40.00000            0            0      0.00000 
  175    -41.00000            0            0      0.00000 
  176    -42.00000            0            0      0.00000 
  177    -43.00000            0            0      0.00000 
  178    -44.00000            0            0      0.00000 
  179    -45.00000            0            0      0.00000 
  180    -46.00000            0            0      0.00000 
  181    -47.00000            0            0      0.00000 
  182    -48.00000            0            0      0.00000 
  183    -49.00000            0            0      0.00000 
  184    -50.00000            0            0      0.00000 
  185    -51.00000            0            0      0.00000 
  186    -52.00000            0            0      0.00000 
  187    -53.00000            0            0      0.00000 
  188    -54.00000            0            0      0.00000 
  189    -55.00000            0            0      0.00000 
  190    -56.00000            0            0      0.00000 
  191    -57.00000            0            0      0.00000 
  192    -58.00000            0            0      0.00000 
  193    -59.00000            0            0      0.00000 
  194    -60.00000            0            0      0.00000 
  195    -61.00000            0            0      0.00000 
  196    -62.00000            0            0      0.00000 
  197    -63.00000            0            0      0.00000 
  198    -64.00000            0            0      0.00000 
  199    -65.00000            0            0      0.00000 
  200    -66.00000            0            0      0.00000 
  201    -67.00000            0            0      0.00000 
  202    -68.00000            0            0      0.00000 
  203    -69.00000            0            0      0.00000 
  204    -70.00000            0            0      0.00000 
  205    -71.00000            0            0      0.00000 
  206    -72.00000            0            0      0.00000 
  207    -73.00000            0            0      0.00000 
  208    -74.00000            0            0      0.00000 
  209    -75.00000            0            0      0.00000 
  210    -76.00000            0            0      0.00000 
  211    -77.00000            0            0      0.00000 
  212    -78.00000            0            0      0.00000 
  213    -79.00000            0            0      0.00000 
  214    -80.00000            0            0      0.00000 
  215    -81.00000            0            0      0.00000 
  216    -82.00000            0            0      0.00000 
  217    -83.00000            0            0      0.00000 
  218    -84.00000            0            0      0.00000 
  219    -85.00000            0            0      0.00000 
  220    -86.00000            0            0      0.00000 
  221    -87.00000            0            0      0.00000 
  222    -88.00000            0            0      0.00000 
  223    -89.00000            0            0      0.00000 
  224    -90.00000            0            0      0.00000 
  225    -91.00000            0            0      0.00000 
  226    -92.00000            0            0      0.00000 
  227    -93.00000            0            0      0.00000 
  228    -94.00000            0            0      0.00000 
  229    -95.00000            0            0      0.00000 
  230    -96.00000            0            0      0.00000 
  231    -97.00000            0            0      0.00000 
  232    -98.00000            0            0      0.00000 
