# 3dSliceNDice -insetA 9m_1min_s1_m5_binary+orig -insetB 9m_1min_s2_m5_binary+orig -prefix 9m_1min_split_m5_binary
    0    -72.00000            0            0      0.00000 
    1    -71.00000            0            0      0.00000 
    2    -70.00000            0            0      0.00000 
    3    -69.00000            0            0      0.00000 
    4    -68.00000            0            0      0.00000 
    5    -67.00000            0            0      0.00000 
    6    -66.00000            0            0      0.00000 
    7    -65.00000            0            0      0.00000 
    8    -64.00000            0            0      0.00000 
    9    -63.00000            0            0      0.00000 
   10    -62.00000            0            0      0.00000 
   11    -61.00000            0            0      0.00000 
   12    -60.00000            0            0      0.00000 
   13    -59.00000            0            0      0.00000 
   14    -58.00000            0            0      0.00000 
   15    -57.00000            0            0      0.00000 
   16    -56.00000            0            0      0.00000 
   17    -55.00000            0            0      0.00000 
   18    -54.00000            0            0      0.00000 
   19    -53.00000            0            0      0.00000 
   20    -52.00000            0            0      0.00000 
   21    -51.00000            6            6      1.00000 
   22    -50.00000          137          137      1.00000 
   23    -49.00000          681          681      1.00000 
   24    -48.00000         1101         1101      1.00000 
   25    -47.00000         1342         1342      1.00000 
   26    -46.00000         1600         1600      1.00000 
   27    -45.00000         1862         1862      1.00000 
   28    -44.00000         2076         2076      1.00000 
   29    -43.00000         2294         2290      0.99869 
   30    -42.00000         2466         2465      0.99615 
   31    -41.00000         2587         2583      0.99342 
   32    -40.00000         2694         2693      0.99276 
   33    -39.00000         2761         2769      0.98879 
   34    -38.00000         2834         2831      0.98500 
   35    -37.00000         2849         2883      0.97662 
   36    -36.00000         2883         2932      0.97094 
   37    -35.00000         2877         2976      0.96395 
   38    -34.00000         2847         2999      0.95724 
   39    -33.00000         2840         3020      0.95427 
   40    -32.00000         2823         3001      0.95570 
   41    -31.00000         2795         2947      0.95716 
   42    -30.00000         2743         2867      0.95829 
   43    -29.00000         2678         2727      0.95208 
   44    -28.00000         2677         2511      0.92406 
   45    -27.00000         2664         2325      0.88876 
   46    -26.00000         2666         2284      0.88242 
   47    -25.00000         2580         2189      0.87817 
   48    -24.00000         2418         2017      0.87260 
   49    -23.00000         2200         1742      0.85997 
   50    -22.00000         2009         1419      0.82672 
   51    -21.00000         1899         1335      0.82313 
   52    -20.00000         1757         1216      0.81534 
   53    -19.00000         1556         1038      0.79568 
   54    -18.00000         1245          755      0.73800 
   55    -17.00000          706          296      0.54092 
   56    -16.00000          640          254      0.51230 
   57    -15.00000          553          204      0.47292 
   58    -14.00000          435          138      0.39442 
   59    -13.00000          252           60      0.23077 
   60    -12.00000            0            0      0.00000 
   61    -11.00000            0            0      0.00000 
   62    -10.00000            0            0      0.00000 
   63     -9.00000            0            0      0.00000 
   64     -8.00000            0            0      0.00000 
   65     -7.00000            0           32      0.00000 
   66     -6.00000            0           88      0.00000 
   67     -5.00000            0          140      0.00000 
   68     -4.00000            0          180      0.00000 
   69     -3.00000            0          216      0.00000 
   70     -2.00000          116          362      0.48536 
   71     -1.00000          232          482      0.64986 
   72      0.00000          318          581      0.70745 
   73      1.00000          382          656      0.73603 
   74      2.00000          436          722      0.75302 
   75      3.00000          514         1005      0.67676 
   76      4.00000          581         1225      0.64341 
   77      5.00000          669         1398      0.64731 
   78      6.00000          733         1516      0.65185 
   79      7.00000          799         1617      0.66142 
   80      8.00000          861         1851      0.63496 
   81      9.00000          897         2067      0.60526 
   82     10.00000          944         2311      0.58003 
   83     11.00000          977         2456      0.56569 
   84     12.00000         1012         2569      0.56074 
   85     13.00000         1226         2696      0.61295 
   86     14.00000         1508         2772      0.68084 
   87     15.00000         1732         2897      0.71851 
   88     16.00000         1891         2957      0.74340 
   89     17.00000         2026         3025      0.76262 
   90     18.00000         2149         3122      0.79074 
   91     19.00000         2211         3155      0.80656 
   92     20.00000         2290         3170      0.82198 
   93     21.00000         2311         3121      0.83284 
   94     22.00000         2340         3093      0.84079 
   95     23.00000         2327         3020      0.84571 
   96     24.00000         2278         2931      0.84661 
   97     25.00000         2233         2841      0.84588 
   98     26.00000         2125         2692      0.83704 
   99     27.00000         2058         2528      0.83733 
  100     28.00000         1981         2239      0.82512 
  101     29.00000         1930         2127      0.80552 
  102     30.00000         1873         1996      0.78470 
  103     31.00000         1744         1786      0.76147 
  104     32.00000         1625         1575      0.74375 
  105     33.00000         1528         1313      0.73988 
  106     34.00000         1501         1195      0.71736 
  107     35.00000         1484         1071      0.69589 
  108     36.00000         1416          903      0.66667 
  109     37.00000         1351          702      0.62348 
  110     38.00000         1270          450      0.49419 
  111     39.00000         1200          369      0.43850 
  112     40.00000         1126          281      0.36389 
  113     41.00000         1009          184      0.26153 
  114     42.00000          881           70      0.09464 
  115     43.00000          764            0      0.00000 
  116     44.00000          675            0      0.00000 
  117     45.00000          591            0      0.00000 
  118     46.00000          481            0      0.00000 
  119     47.00000          367            0      0.00000 
  120     48.00000          288            0      0.00000 
  121     49.00000          239            0      0.00000 
  122     50.00000          176            0      0.00000 
  123     51.00000          102            0      0.00000 
  124     52.00000           58            0      0.00000 
  125     53.00000           24            0      0.00000 
  126     54.00000            2            0      0.00000 
  127     55.00000            0            0      0.00000 
  128     56.00000            0            0      0.00000 
  129     57.00000            0            0      0.00000 
  130     58.00000            0            0      0.00000 
  131     59.00000            0            0      0.00000 
  132     60.00000            0            0      0.00000 
  133     61.00000            0            0      0.00000 
  134     62.00000            0            0      0.00000 
  135     63.00000            0            0      0.00000 
  136     64.00000            0            0      0.00000 
  137     65.00000            0            0      0.00000 
  138     66.00000            0            0      0.00000 
  139     67.00000            0            0      0.00000 
  140     68.00000            0            0      0.00000 
  141     69.00000            0            0      0.00000 
  142     70.00000            0            0      0.00000 
  143     71.00000            0            0      0.00000 
  144     72.00000            0            0      0.00000 
  145     73.00000            0            0      0.00000 
  146     74.00000            0            0      0.00000 
  147     75.00000            0            0      0.00000 
  148     76.00000            0            0      0.00000 
  149     77.00000            0            0      0.00000 
  150     78.00000            0            0      0.00000 
  151     79.00000            0            0      0.00000 
  152     80.00000            0            0      0.00000 
  153     81.00000            0            0      0.00000 
  154     82.00000            0            0      0.00000 
  155     83.00000            0            0      0.00000 
  156     84.00000            0            0      0.00000 
  157     85.00000            0            0      0.00000 
  158     86.00000            0            0      0.00000 
