# 3dSliceNDice -insetA 9m_1min_s1_m1_binary+orig -insetB 9m_1min_s2_m1_binary+orig -prefix 9m_1min_split_m1_binary
    0    -72.00000            0            0      0.00000 
    1    -71.00000            0            0      0.00000 
    2    -70.00000            0            0      0.00000 
    3    -69.00000            0            0      0.00000 
    4    -68.00000            0            0      0.00000 
    5    -67.00000            0            0      0.00000 
    6    -66.00000            0            0      0.00000 
    7    -65.00000            0            0      0.00000 
    8    -64.00000            0            0      0.00000 
    9    -63.00000            0            0      0.00000 
   10    -62.00000            0            0      0.00000 
   11    -61.00000            0            0      0.00000 
   12    -60.00000            0            0      0.00000 
   13    -59.00000            0            0      0.00000 
   14    -58.00000            0            0      0.00000 
   15    -57.00000            0            0      0.00000 
   16    -56.00000            0            0      0.00000 
   17    -55.00000            0            0      0.00000 
   18    -54.00000            0            0      0.00000 
   19    -53.00000            0            0      0.00000 
   20    -52.00000            0            0      0.00000 
   21    -51.00000            0            0      0.00000 
   22    -50.00000            0            0      0.00000 
   23    -49.00000            0           96      0.00000 
   24    -48.00000            0          172      0.00000 
   25    -47.00000            0          213      0.00000 
   26    -46.00000            0          243      0.00000 
   27    -45.00000            0          287      0.00000 
   28    -44.00000            0          302      0.00000 
   29    -43.00000            0          316      0.00000 
   30    -42.00000            0          316      0.00000 
   31    -41.00000            0          308      0.00000 
   32    -40.00000            0          300      0.00000 
   33    -39.00000            0          276      0.00000 
   34    -38.00000            0          256      0.00000 
   35    -37.00000            0          216      0.00000 
   36    -36.00000            0          180      0.00000 
   37    -35.00000            0          140      0.00000 
   38    -34.00000            0           88      0.00000 
   39    -33.00000            0           32      0.00000 
   40    -32.00000          283          434      0.75035 
   41    -31.00000          546          813      0.79470 
   42    -30.00000          705         1025      0.81040 
   43    -29.00000          841         1180      0.82632 
   44    -28.00000          989         1330      0.83829 
   45    -27.00000         1182         1485      0.85264 
   46    -26.00000         1344         1628      0.85128 
   47    -25.00000         1530         1785      0.85973 
   48    -24.00000         1647         1866      0.86479 
   49    -23.00000         1767         1969      0.87045 
   50    -22.00000         1933         2132      0.87577 
   51    -21.00000         2204         2348      0.87786 
   52    -20.00000         2643         2758      0.87836 
   53    -19.00000         2939         3080      0.87490 
   54    -18.00000         3195         3331      0.87343 
   55    -17.00000         3624         3722      0.86959 
   56    -16.00000         3986         4019      0.86546 
   57    -15.00000         4319         4272      0.86649 
   58    -14.00000         4406         4270      0.86307 
   59    -13.00000         4411         4225      0.86707 
   60    -12.00000         4592         4279      0.86507 
   61    -11.00000         4593         4317      0.87160 
   62    -10.00000         4541         4265      0.87463 
   63     -9.00000         4336         4063      0.87344 
   64     -8.00000         4012         3736      0.86939 
   65     -7.00000         3679         3196      0.88785 
   66     -6.00000         3669         3176      0.89058 
   67     -5.00000         3691         3166      0.88931 
   68     -4.00000         3653         3111      0.88291 
   69     -3.00000         3603         3103      0.87563 
   70     -2.00000         3579         3087      0.87489 
   71     -1.00000         3578         3102      0.87994 
   72      0.00000         3538         3095      0.88437 
   73      1.00000         3432         2998      0.88398 
   74      2.00000         3275         2867      0.88212 
   75      3.00000         3135         2897      0.84549 
   76      4.00000         3081         2986      0.81952 
   77      5.00000         2988         2980      0.80060 
   78      6.00000         2820         2947      0.79625 
   79      7.00000         2705         2903      0.79850 
   80      8.00000         2672         3089      0.79396 
   81      9.00000         2824         3302      0.78583 
   82     10.00000         2955         3456      0.77554 
   83     11.00000         3006         3518      0.76579 
   84     12.00000         3021         3577      0.76023 
   85     13.00000         3224         3931      0.79637 
   86     14.00000         3373         4243      0.80725 
   87     15.00000         3507         4503      0.80025 
   88     16.00000         3555         4657      0.79396 
   89     17.00000         3556         4781      0.78493 
   90     18.00000         3818         5079      0.79195 
   91     19.00000         3962         5223      0.79652 
   92     20.00000         4076         5347      0.79635 
   93     21.00000         4067         5339      0.79758 
   94     22.00000         4035         5334      0.79432 
   95     23.00000         3974         5281      0.79611 
   96     24.00000         3864         5139      0.80018 
   97     25.00000         3790         5000      0.80683 
   98     26.00000         3609         4725      0.80802 
   99     27.00000         3419         4341      0.81546 
  100     28.00000         3219         3837      0.84099 
  101     29.00000         3040         3654      0.84075 
  102     30.00000         2871         3453      0.84377 
  103     31.00000         2680         3181      0.85753 
  104     32.00000         2532         2967      0.86925 
  105     33.00000         2385         2720      0.87914 
  106     34.00000         2192         2475      0.87465 
  107     35.00000         2010         2223      0.87456 
  108     36.00000         1770         1910      0.87065 
  109     37.00000         1575         1610      0.86970 
  110     38.00000         1393         1361      0.87219 
  111     39.00000         1274         1245      0.85828 
  112     40.00000         1181         1152      0.84526 
  113     41.00000         1108         1063      0.83464 
  114     42.00000         1060          986      0.81427 
  115     43.00000          964          840      0.77605 
  116     44.00000          865          700      0.72971 
  117     45.00000          789          571      0.65882 
  118     46.00000          678          412      0.54862 
  119     47.00000          599          290      0.42295 
  120     48.00000          562          211      0.31048 
  121     49.00000          521          147      0.18862 
  122     50.00000          504          100      0.09272 
  123     51.00000          473           60      0.03377 
  124     52.00000          412            9      0.00000 
  125     53.00000          348            0      0.00000 
  126     54.00000          266            0      0.00000 
  127     55.00000          172            0      0.00000 
  128     56.00000           85            0      0.00000 
  129     57.00000           61            0      0.00000 
  130     58.00000           16            0      0.00000 
  131     59.00000            0            0      0.00000 
  132     60.00000            0            0      0.00000 
  133     61.00000            0            0      0.00000 
  134     62.00000            0            0      0.00000 
  135     63.00000            0            0      0.00000 
  136     64.00000            0            0      0.00000 
  137     65.00000            0            0      0.00000 
  138     66.00000            0            0      0.00000 
  139     67.00000            0            0      0.00000 
  140     68.00000            0            0      0.00000 
  141     69.00000            0            0      0.00000 
  142     70.00000            0            0      0.00000 
  143     71.00000            0            0      0.00000 
  144     72.00000            0            0      0.00000 
  145     73.00000            0            0      0.00000 
  146     74.00000            0            0      0.00000 
  147     75.00000            0            0      0.00000 
  148     76.00000            0            0      0.00000 
  149     77.00000            0            0      0.00000 
  150     78.00000            0            0      0.00000 
  151     79.00000            0            0      0.00000 
  152     80.00000            0            0      0.00000 
  153     81.00000            0            0      0.00000 
  154     82.00000            0            0      0.00000 
  155     83.00000            0            0      0.00000 
  156     84.00000            0            0      0.00000 
  157     85.00000            0            0      0.00000 
  158     86.00000            0            0      0.00000 
