# 3dSliceNDice -insetA 9m_1min_s1_m2_binary+orig -insetB 9m_1min_s2_m2_binary+orig -prefix 9m_1min_split_m2_binary
    0     96.00000            0            0      0.00000 
    1     95.00000            0            0      0.00000 
    2     94.00000            0            0      0.00000 
    3     93.00000            0            0      0.00000 
    4     92.00000            0            0      0.00000 
    5     91.00000            0            0      0.00000 
    6     90.00000            0            0      0.00000 
    7     89.00000            0            0      0.00000 
    8     88.00000            0            0      0.00000 
    9     87.00000            0            0      0.00000 
   10     86.00000            0            0      0.00000 
   11     85.00000            0            0      0.00000 
   12     84.00000            0            0      0.00000 
   13     83.00000            0            0      0.00000 
   14     82.00000            0            0      0.00000 
   15     81.00000            0            0      0.00000 
   16     80.00000            0            0      0.00000 
   17     79.00000            0            0      0.00000 
   18     78.00000            0            0      0.00000 
   19     77.00000            0            0      0.00000 
   20     76.00000            0            0      0.00000 
   21     75.00000            0            0      0.00000 
   22     74.00000            0            0      0.00000 
   23     73.00000            0            0      0.00000 
   24     72.00000            0            0      0.00000 
   25     71.00000            0            0      0.00000 
   26     70.00000            0            0      0.00000 
   27     69.00000            0            0      0.00000 
   28     68.00000            0            0      0.00000 
   29     67.00000            0            0      0.00000 
   30     66.00000            0            0      0.00000 
   31     65.00000            0            0      0.00000 
   32     64.00000            0            0      0.00000 
   33     63.00000            0            0      0.00000 
   34     62.00000            0            0      0.00000 
   35     61.00000            0            0      0.00000 
   36     60.00000            0            0      0.00000 
   37     59.00000            0            0      0.00000 
   38     58.00000            0            0      0.00000 
   39     57.00000            0            0      0.00000 
   40     56.00000            0            0      0.00000 
   41     55.00000            0            0      0.00000 
   42     54.00000           35            0      0.00000 
   43     53.00000           73            0      0.00000 
   44     52.00000          100            0      0.00000 
   45     51.00000          144            0      0.00000 
   46     50.00000          198            0      0.00000 
   47     49.00000          233            0      0.00000 
   48     48.00000          266            0      0.00000 
   49     47.00000          286            0      0.00000 
   50     46.00000          296            0      0.00000 
   51     45.00000          299            0      0.00000 
   52     44.00000          308            7      0.04444 
   53     43.00000          314           23      0.13650 
   54     42.00000          305           57      0.30939 
   55     41.00000          312          114      0.52582 
   56     40.00000          330          185      0.67184 
   57     39.00000          325          237      0.79715 
   58     38.00000          317          285      0.91362 
   59     37.00000          337          337      0.98516 
   60     36.00000          386          386      1.00000 
   61     35.00000          468          468      1.00000 
   62     34.00000          537          537      1.00000 
   63     33.00000          587          587      1.00000 
   64     32.00000          647          647      1.00000 
   65     31.00000          705          690      0.98925 
   66     30.00000          772          739      0.97816 
   67     29.00000          832          778      0.96646 
   68     28.00000          891          824      0.96093 
   69     27.00000          954          867      0.95222 
   70     26.00000         1011          898      0.94081 
   71     25.00000         1068          936      0.93313 
   72     24.00000         1115          978      0.93072 
   73     23.00000         1145         1008      0.92987 
   74     22.00000         1191         1172      0.88362 
   75     21.00000         1215         1330      0.85894 
   76     20.00000         1258         1463      0.84234 
   77     19.00000         1293         1564      0.83304 
   78     18.00000         1314         1632      0.82485 
   79     17.00000         1337         1716      0.81494 
   80     16.00000         1349         1773      0.80653 
   81     15.00000         1406         1863      0.79474 
   82     14.00000         1444         1920      0.79073 
   83     13.00000         1484         1980      0.79042 
   84     12.00000         1548         2023      0.80034 
   85     11.00000         1602         2022      0.82340 
   86     10.00000         1658         2028      0.84265 
   87      9.00000         1705         2018      0.87080 
   88      8.00000         1767         2034      0.89555 
   89      7.00000         1845         2036      0.92708 
   90      6.00000         1872         1999      0.94808 
   91      5.00000         1897         1952      0.96545 
   92      4.00000         1894         1867      0.96730 
   93      3.00000         1877         1732      0.93766 
   94      2.00000         1828         1575      0.90567 
   95      1.00000         1758         1534      0.91130 
   96      0.00000         1722         1533      0.92104 
   97     -1.00000         1706         1530      0.92831 
   98     -2.00000         1741         1536      0.92524 
   99     -3.00000         1740         1526      0.92652 
  100     -4.00000         1741         1536      0.93195 
  101     -5.00000         1690         1506      0.94055 
  102     -6.00000         1621         1497      0.95446 
  103     -7.00000         1530         1479      0.96976 
  104     -8.00000         1477         1464      0.97790 
  105     -9.00000         1473         1452      0.97641 
  106    -10.00000         1469         1444      0.97425 
  107    -11.00000         1464         1447      0.97286 
  108    -12.00000         1471         1451      0.97194 
  109    -13.00000         1438         1430      0.97071 
  110    -14.00000         1401         1401      0.97145 
  111    -15.00000         1368         1380      0.97162 
  112    -16.00000         1314         1352      0.96699 
  113    -17.00000         1278         1337      0.96214 
  114    -18.00000         1235         1308      0.95556 
  115    -19.00000         1196         1273      0.95099 
  116    -20.00000         1148         1225      0.94142 
  117    -21.00000         1099         1164      0.93151 
  118    -22.00000         1094         1108      0.92916 
  119    -23.00000         1152         1082      0.90958 
  120    -24.00000         1222         1069      0.87735 
  121    -25.00000         1268         1045      0.85171 
  122    -26.00000         1259          989      0.82740 
  123    -27.00000         1252          942      0.80401 
  124    -28.00000         1226          908      0.76289 
  125    -29.00000         1181          906      0.72161 
  126    -30.00000         1138          891      0.67718 
  127    -31.00000         1059          858      0.64163 
  128    -32.00000          997          820      0.62411 
  129    -33.00000          943          798      0.60540 
  130    -34.00000          901          760      0.59362 
  131    -35.00000          852          718      0.57834 
  132    -36.00000          774          635      0.54791 
  133    -37.00000          715          587      0.51152 
  134    -38.00000          633          534      0.51928 
  135    -39.00000          553          509      0.56686 
  136    -40.00000          464          467      0.61439 
  137    -41.00000          358          398      0.58730 
  138    -42.00000          282          334      0.57143 
  139    -43.00000          216          311      0.56926 
  140    -44.00000          204          298      0.65339 
  141    -45.00000          204          302      0.73518 
  142    -46.00000          204          308      0.79688 
  143    -47.00000          216          316      0.81203 
  144    -48.00000          256          316      0.89510 
  145    -49.00000          276          308      0.94521 
  146    -50.00000          300          300      1.00000 
  147    -51.00000          308          308      1.00000 
  148    -52.00000          316          316      1.00000 
  149    -53.00000          316          316      1.00000 
  150    -54.00000          308          308      1.00000 
  151    -55.00000          296          296      1.00000 
  152    -56.00000          298          298      1.00000 
  153    -57.00000          282          282      1.00000 
  154    -58.00000          201          201      1.00000 
  155    -59.00000           38           38      1.00000 
  156    -60.00000            0            0      0.00000 
  157    -61.00000            0            0      0.00000 
  158    -62.00000            0            0      0.00000 
  159    -63.00000            0            0      0.00000 
  160    -64.00000            0            0      0.00000 
  161    -65.00000            0            0      0.00000 
  162    -66.00000            0            0      0.00000 
  163    -67.00000            0            0      0.00000 
  164    -68.00000            0            0      0.00000 
  165    -69.00000            0            0      0.00000 
  166    -70.00000            0            0      0.00000 
  167    -71.00000            0            0      0.00000 
  168    -72.00000            0            0      0.00000 
  169    -73.00000            0            0      0.00000 
  170    -74.00000            0            0      0.00000 
  171    -75.00000            0            0      0.00000 
  172    -76.00000            0            0      0.00000 
  173    -77.00000            0            0      0.00000 
  174    -78.00000            0            0      0.00000 
  175    -79.00000            0            0      0.00000 
  176    -80.00000            0            0      0.00000 
  177    -81.00000            0            0      0.00000 
  178    -82.00000            0            0      0.00000 
  179    -83.00000            0            0      0.00000 
  180    -84.00000            0            0      0.00000 
  181    -85.00000            0            0      0.00000 
  182    -86.00000            0            0      0.00000 
  183    -87.00000            0            0      0.00000 
  184    -88.00000            0            0      0.00000 
  185    -89.00000            0            0      0.00000 
  186    -90.00000            0            0      0.00000 
  187    -91.00000            0            0      0.00000 
  188    -92.00000            0            0      0.00000 
  189    -93.00000            0            0      0.00000 
  190    -94.00000            0            0      0.00000 
  191    -95.00000            0            0      0.00000 
  192    -96.00000            0            0      0.00000 
  193    -97.00000            0            0      0.00000 
  194    -98.00000            0            0      0.00000 
