# 3dSliceNDice -insetA 9m_1min_s1_m2_binary+orig -insetB 9m_1min_s2_m2_binary+orig -prefix 9m_1min_split_m2_binary
    0    -72.00000            0            0      0.00000 
    1    -71.00000            0            0      0.00000 
    2    -70.00000            0            0      0.00000 
    3    -69.00000            0            0      0.00000 
    4    -68.00000            0            0      0.00000 
    5    -67.00000            0            0      0.00000 
    6    -66.00000            0            0      0.00000 
    7    -65.00000            0            0      0.00000 
    8    -64.00000            0            0      0.00000 
    9    -63.00000            0            0      0.00000 
   10    -62.00000            0            0      0.00000 
   11    -61.00000            0            0      0.00000 
   12    -60.00000            0            0      0.00000 
   13    -59.00000            0            0      0.00000 
   14    -58.00000            0            0      0.00000 
   15    -57.00000            0            0      0.00000 
   16    -56.00000            0            0      0.00000 
   17    -55.00000            0            0      0.00000 
   18    -54.00000            0            0      0.00000 
   19    -53.00000            0            0      0.00000 
   20    -52.00000            0            0      0.00000 
   21    -51.00000            6            6      1.00000 
   22    -50.00000          137          137      1.00000 
   23    -49.00000          681          681      1.00000 
   24    -48.00000         1101         1101      1.00000 
   25    -47.00000         1342         1342      1.00000 
   26    -46.00000         1600         1600      1.00000 
   27    -45.00000         1862         1862      1.00000 
   28    -44.00000         2076         2076      1.00000 
   29    -43.00000         2295         2297      0.99956 
   30    -42.00000         2475         2482      0.99859 
   31    -41.00000         2600         2618      0.99655 
   32    -40.00000         2708         2744      0.99340 
   33    -39.00000         2770         2834      0.98858 
   34    -38.00000         2844         2912      0.98819 
   35    -37.00000         2876         2957      0.98577 
   36    -36.00000         2926         3010      0.98416 
   37    -35.00000         2939         3033      0.98091 
   38    -34.00000         2925         3026      0.97765 
   39    -33.00000         2909         3033      0.96870 
   40    -32.00000         2921         3019      0.96263 
   41    -31.00000         2919         2984      0.95985 
   42    -30.00000         2908         2928      0.95785 
   43    -29.00000         2875         2856      0.95795 
   44    -28.00000         2879         2814      0.95696 
   45    -27.00000         2862         2779      0.96401 
   46    -26.00000         2879         2791      0.96332 
   47    -25.00000         2814         2721      0.96296 
   48    -24.00000         2684         2570      0.96041 
   49    -23.00000         2552         2395      0.95169 
   50    -22.00000         2420         2247      0.94793 
   51    -21.00000         2327         2158      0.94671 
   52    -20.00000         2209         2043      0.94638 
   53    -19.00000         2045         1879      0.94546 
   54    -18.00000         1845         1659      0.93664 
   55    -17.00000         1646         1424      0.90684 
   56    -16.00000         1596         1360      0.88701 
   57    -15.00000         1522         1297      0.86201 
   58    -14.00000         1359         1203      0.81967 
   59    -13.00000         1170         1080      0.76533 
   60    -12.00000         1021          956      0.73950 
   61    -11.00000          968          872      0.71630 
   62    -10.00000          891          767      0.68878 
   63     -9.00000          775          623      0.64521 
   64     -8.00000          595          400      0.54673 
   65     -7.00000          229           59      0.00000 
   66     -6.00000          231          149      0.00000 
   67     -5.00000          228          232      0.00000 
   68     -4.00000          218          295      0.00000 
   69     -3.00000          208          352      0.00000 
   70     -2.00000          214          415      0.03180 
   71     -1.00000          247          458      0.09078 
   72      0.00000          268          519      0.14740 
   73      1.00000          264          555      0.18071 
   74      2.00000          241          588      0.22195 
   75      3.00000          332          700      0.32558 
   76      4.00000          461          778      0.38095 
   77      5.00000          575          849      0.41573 
   78      6.00000          652          886      0.44083 
   79      7.00000          719          905      0.45936 
   80      8.00000          785          911      0.49057 
   81      9.00000          808          890      0.50648 
   82     10.00000          843          878      0.53109 
   83     11.00000          833          808      0.53870 
   84     12.00000          826          758      0.55051 
   85     13.00000          804          685      0.55071 
   86     14.00000          764          635      0.54182 
   87     15.00000          725          575      0.52923 
   88     16.00000          677          483      0.51897 
   89     17.00000          631          392      0.56696 
   90     18.00000          582          270      0.60094 
   91     19.00000          561          243      0.56468 
   92     20.00000          532          204      0.52174 
   93     21.00000          465          149      0.42671 
   94     22.00000          393           75      0.24359 
   95     23.00000          296            0      0.00000 
   96     24.00000          254            0      0.00000 
   97     25.00000          204            0      0.00000 
   98     26.00000          138            0      0.00000 
   99     27.00000           60            0      0.00000 
  100     28.00000            0            0      0.00000 
  101     29.00000            0            0      0.00000 
  102     30.00000            0            0      0.00000 
  103     31.00000            0            0      0.00000 
  104     32.00000            0            0      0.00000 
  105     33.00000            0            0      0.00000 
  106     34.00000            0            0      0.00000 
  107     35.00000            0            0      0.00000 
  108     36.00000            0            0      0.00000 
  109     37.00000            0            0      0.00000 
  110     38.00000            0            0      0.00000 
  111     39.00000            0            0      0.00000 
  112     40.00000            0            0      0.00000 
  113     41.00000            0            0      0.00000 
  114     42.00000            0            0      0.00000 
  115     43.00000            0            0      0.00000 
  116     44.00000            0            0      0.00000 
  117     45.00000            0            0      0.00000 
  118     46.00000            0            0      0.00000 
  119     47.00000            0            0      0.00000 
  120     48.00000            0            0      0.00000 
  121     49.00000            0            0      0.00000 
  122     50.00000            0            0      0.00000 
  123     51.00000            0            0      0.00000 
  124     52.00000            0            0      0.00000 
  125     53.00000            0            0      0.00000 
  126     54.00000            0            0      0.00000 
  127     55.00000            0            0      0.00000 
  128     56.00000            0            0      0.00000 
  129     57.00000            0            0      0.00000 
  130     58.00000            0            0      0.00000 
  131     59.00000            0            0      0.00000 
  132     60.00000            0            0      0.00000 
  133     61.00000            0            0      0.00000 
  134     62.00000            0            0      0.00000 
  135     63.00000            0            0      0.00000 
  136     64.00000            0            0      0.00000 
  137     65.00000            0            0      0.00000 
  138     66.00000            0            0      0.00000 
  139     67.00000            0            0      0.00000 
  140     68.00000            0            0      0.00000 
  141     69.00000            0            0      0.00000 
  142     70.00000            0            0      0.00000 
  143     71.00000            0            0      0.00000 
  144     72.00000            0            0      0.00000 
  145     73.00000            0            0      0.00000 
  146     74.00000            0            0      0.00000 
  147     75.00000            0            0      0.00000 
  148     76.00000            0            0      0.00000 
  149     77.00000            0            0      0.00000 
  150     78.00000            0            0      0.00000 
  151     79.00000            0            0      0.00000 
  152     80.00000            0            0      0.00000 
  153     81.00000            0            0      0.00000 
  154     82.00000            0            0      0.00000 
  155     83.00000            0            0      0.00000 
  156     84.00000            0            0      0.00000 
  157     85.00000            0            0      0.00000 
  158     86.00000            0            0      0.00000 
