# 3dSliceNDice -insetA 9m_1min_s1_m3_binary+orig -insetB 9m_1min_s2_m3_binary+orig -prefix 9m_1min_split_m3_binary
    0     96.00000            0            0      0.00000 
    1     95.00000            0            0      0.00000 
    2     94.00000            0            0      0.00000 
    3     93.00000            0            0      0.00000 
    4     92.00000            0            0      0.00000 
    5     91.00000            0            0      0.00000 
    6     90.00000            0            0      0.00000 
    7     89.00000            0            0      0.00000 
    8     88.00000            0            0      0.00000 
    9     87.00000            0            0      0.00000 
   10     86.00000            0            0      0.00000 
   11     85.00000            0            0      0.00000 
   12     84.00000            0            0      0.00000 
   13     83.00000            0            0      0.00000 
   14     82.00000            0            0      0.00000 
   15     81.00000            0            0      0.00000 
   16     80.00000            0            0      0.00000 
   17     79.00000            0            0      0.00000 
   18     78.00000            0            0      0.00000 
   19     77.00000            0            0      0.00000 
   20     76.00000            0            0      0.00000 
   21     75.00000            0            0      0.00000 
   22     74.00000            0            0      0.00000 
   23     73.00000            0            0      0.00000 
   24     72.00000            0            0      0.00000 
   25     71.00000            0            0      0.00000 
   26     70.00000            0            0      0.00000 
   27     69.00000            0            0      0.00000 
   28     68.00000            0            0      0.00000 
   29     67.00000            0            0      0.00000 
   30     66.00000            0            0      0.00000 
   31     65.00000            0            0      0.00000 
   32     64.00000            0            0      0.00000 
   33     63.00000            0            0      0.00000 
   34     62.00000            0            0      0.00000 
   35     61.00000            0            0      0.00000 
   36     60.00000            0            0      0.00000 
   37     59.00000            0            0      0.00000 
   38     58.00000            0            0      0.00000 
   39     57.00000            0            0      0.00000 
   40     56.00000            0            0      0.00000 
   41     55.00000            0            0      0.00000 
   42     54.00000            0            0      0.00000 
   43     53.00000            0            0      0.00000 
   44     52.00000            0            0      0.00000 
   45     51.00000            0            0      0.00000 
   46     50.00000            0            0      0.00000 
   47     49.00000            0            0      0.00000 
   48     48.00000            0            0      0.00000 
   49     47.00000            0            0      0.00000 
   50     46.00000            0            0      0.00000 
   51     45.00000            0            0      0.00000 
   52     44.00000            0            0      0.00000 
   53     43.00000            0            0      0.00000 
   54     42.00000            0            0      0.00000 
   55     41.00000            0            0      0.00000 
   56     40.00000            0            0      0.00000 
   57     39.00000            0            0      0.00000 
   58     38.00000            0            0      0.00000 
   59     37.00000            0           60      0.00000 
   60     36.00000            0          138      0.00000 
   61     35.00000            0          204      0.00000 
   62     34.00000            0          254      0.00000 
   63     33.00000            0          296      0.00000 
   64     32.00000          120          378      0.48193 
   65     31.00000          274          458      0.74863 
   66     30.00000          400          548      0.84388 
   67     29.00000          495          607      0.89837 
   68     28.00000          570          656      0.92985 
   69     27.00000          847          757      0.85411 
   70     26.00000         1099          874      0.81298 
   71     25.00000         1311         1034      0.81706 
   72     24.00000         1458         1152      0.82222 
   73     23.00000         1561         1248      0.83232 
   74     22.00000         1709         1447      0.86565 
   75     21.00000         1826         1649      0.89209 
   76     20.00000         1962         1831      0.90693 
   77     19.00000         2053         1952      0.91336 
   78     18.00000         2121         2045      0.91839 
   79     17.00000         2365         2407      0.88223 
   80     16.00000         2599         2637      0.87777 
   81     15.00000         2806         2799      0.88207 
   82     14.00000         2957         2889      0.88402 
   83     13.00000         3090         2977      0.88611 
   84     12.00000         3262         3043      0.89167 
   85     11.00000         3405         3071      0.89500 
   86     10.00000         3529         3165      0.90081 
   87      9.00000         3610         3260      0.90888 
   88      8.00000         3691         3359      0.91574 
   89      7.00000         3775         3481      0.92393 
   90      6.00000         3788         3532      0.93033 
   91      5.00000         3790         3570      0.93424 
   92      4.00000         3731         3556      0.93674 
   93      3.00000         3661         3531      0.93548 
   94      2.00000         3545         3463      0.93522 
   95      1.00000         3407         3355      0.93463 
   96      0.00000         3315         3308      0.93311 
   97     -1.00000         3250         3283      0.93495 
   98     -2.00000         3262         3302      0.93693 
   99     -3.00000         3217         3255      0.93943 
  100     -4.00000         3209         3206      0.94186 
  101     -5.00000         3150         3126      0.94391 
  102     -6.00000         3036         2996      0.94198 
  103     -7.00000         2838         2857      0.93556 
  104     -8.00000         2596         2723      0.90619 
  105     -9.00000         2556         2687      0.89605 
  106    -10.00000         2494         2609      0.89124 
  107    -11.00000         2379         2467      0.89352 
  108    -12.00000         2232         2295      0.89993 
  109    -13.00000         2146         2095      0.93469 
  110    -14.00000         2147         2051      0.93950 
  111    -15.00000         2126         2009      0.93785 
  112    -16.00000         2054         1931      0.93099 
  113    -17.00000         1975         1897      0.92407 
  114    -18.00000         1907         1880      0.92474 
  115    -19.00000         1823         1843      0.92526 
  116    -20.00000         1717         1807      0.92111 
  117    -21.00000         1529         1713      0.89944 
  118    -22.00000         1218         1613      0.81526 
  119    -23.00000          864         1483      0.68683 
  120    -24.00000          824         1436      0.67522 
  121    -25.00000          759         1332      0.66475 
  122    -26.00000          700         1208      0.66771 
  123    -27.00000          635         1045      0.66905 
  124    -28.00000          648          953      0.70956 
  125    -29.00000          658          987      0.70881 
  126    -30.00000          655          999      0.71221 
  127    -31.00000          619          985      0.70574 
  128    -32.00000          571          963      0.70143 
  129    -33.00000          558          989      0.71493 
  130    -34.00000          606         1012      0.74660 
  131    -35.00000          658         1004      0.79182 
  132    -36.00000          680          956      0.83130 
  133    -37.00000          701          923      0.86330 
  134    -38.00000          717          898      0.88793 
  135    -39.00000          707          878      0.89211 
  136    -40.00000          695          854      0.89735 
  137    -41.00000          653          812      0.89147 
  138    -42.00000          593          760      0.87657 
  139    -43.00000          533          714      0.85485 
  140    -44.00000          470          656      0.83481 
  141    -45.00000          408          602      0.80792 
  142    -46.00000          350          532      0.79365 
  143    -47.00000          289          447      0.78533 
  144    -48.00000          240          364      0.79470 
  145    -49.00000          191          277      0.81624 
  146    -50.00000          150          198      0.86207 
  147    -51.00000          111          135      0.90244 
  148    -52.00000           85           90      0.97143 
  149    -53.00000           54           54      1.00000 
  150    -54.00000           25           25      1.00000 
  151    -55.00000            2            2      1.00000 
  152    -56.00000            0            0      0.00000 
  153    -57.00000            0            0      0.00000 
  154    -58.00000            0            0      0.00000 
  155    -59.00000            0            0      0.00000 
  156    -60.00000            0            0      0.00000 
  157    -61.00000            0            0      0.00000 
  158    -62.00000            0            0      0.00000 
  159    -63.00000            0            0      0.00000 
  160    -64.00000            0            0      0.00000 
  161    -65.00000            0            0      0.00000 
  162    -66.00000            0            0      0.00000 
  163    -67.00000            0            0      0.00000 
  164    -68.00000            0            0      0.00000 
  165    -69.00000            0            0      0.00000 
  166    -70.00000            0            0      0.00000 
  167    -71.00000            0            0      0.00000 
  168    -72.00000            0            0      0.00000 
  169    -73.00000            0            0      0.00000 
  170    -74.00000            0            0      0.00000 
  171    -75.00000            0            0      0.00000 
  172    -76.00000            0            0      0.00000 
  173    -77.00000            0            0      0.00000 
  174    -78.00000            0            0      0.00000 
  175    -79.00000            0            0      0.00000 
  176    -80.00000            0            0      0.00000 
  177    -81.00000            0            0      0.00000 
  178    -82.00000            0            0      0.00000 
  179    -83.00000            0            0      0.00000 
  180    -84.00000            0            0      0.00000 
  181    -85.00000            0            0      0.00000 
  182    -86.00000            0            0      0.00000 
  183    -87.00000            0            0      0.00000 
  184    -88.00000            0            0      0.00000 
  185    -89.00000            0            0      0.00000 
  186    -90.00000            0            0      0.00000 
  187    -91.00000            0            0      0.00000 
  188    -92.00000            0            0      0.00000 
  189    -93.00000            0            0      0.00000 
  190    -94.00000            0            0      0.00000 
  191    -95.00000            0            0      0.00000 
  192    -96.00000            0            0      0.00000 
  193    -97.00000            0            0      0.00000 
  194    -98.00000            0            0      0.00000 
