# 3dSliceNDice -insetA 9m_1min_s1_m5_binary+orig -insetB 9m_1min_s2_m5_binary+orig -prefix 9m_1min_split_m5_binary
    0    134.00000            0            0      0.00000 
    1    133.00000            0            0      0.00000 
    2    132.00000            0            0      0.00000 
    3    131.00000            0            0      0.00000 
    4    130.00000            0            0      0.00000 
    5    129.00000            0            0      0.00000 
    6    128.00000            0            0      0.00000 
    7    127.00000            0            0      0.00000 
    8    126.00000            0            0      0.00000 
    9    125.00000            0            0      0.00000 
   10    124.00000            0            0      0.00000 
   11    123.00000            0            0      0.00000 
   12    122.00000            0            0      0.00000 
   13    121.00000            0            0      0.00000 
   14    120.00000            0            0      0.00000 
   15    119.00000            0            0      0.00000 
   16    118.00000            0            0      0.00000 
   17    117.00000            0            0      0.00000 
   18    116.00000            0            0      0.00000 
   19    115.00000            0            0      0.00000 
   20    114.00000            0            0      0.00000 
   21    113.00000            0            0      0.00000 
   22    112.00000            0            0      0.00000 
   23    111.00000            0            0      0.00000 
   24    110.00000            0            0      0.00000 
   25    109.00000            0            0      0.00000 
   26    108.00000            0            0      0.00000 
   27    107.00000            0            0      0.00000 
   28    106.00000            0            0      0.00000 
   29    105.00000            0            0      0.00000 
   30    104.00000            0            0      0.00000 
   31    103.00000            0            0      0.00000 
   32    102.00000            0            0      0.00000 
   33    101.00000            0            0      0.00000 
   34    100.00000            0            0      0.00000 
   35     99.00000            0            0      0.00000 
   36     98.00000            0            0      0.00000 
   37     97.00000            0            0      0.00000 
   38     96.00000            0            0      0.00000 
   39     95.00000            0            0      0.00000 
   40     94.00000            0            0      0.00000 
   41     93.00000            0            0      0.00000 
   42     92.00000            0            0      0.00000 
   43     91.00000            0            0      0.00000 
   44     90.00000            0            0      0.00000 
   45     89.00000            0            0      0.00000 
   46     88.00000            0            0      0.00000 
   47     87.00000            0            0      0.00000 
   48     86.00000            0            0      0.00000 
   49     85.00000            0            0      0.00000 
   50     84.00000            0            0      0.00000 
   51     83.00000            0            0      0.00000 
   52     82.00000            0            0      0.00000 
   53     81.00000            0            0      0.00000 
   54     80.00000            0            0      0.00000 
   55     79.00000            0            0      0.00000 
   56     78.00000            0            0      0.00000 
   57     77.00000            0            0      0.00000 
   58     76.00000            0           16      0.00000 
   59     75.00000           12           70      0.29268 
   60     74.00000           39          140      0.43575 
   61     73.00000           64          201      0.48302 
   62     72.00000          107          333      0.48636 
   63     71.00000          154          448      0.51163 
   64     70.00000          219          554      0.56662 
   65     69.00000          265          620      0.59887 
   66     68.00000          305          672      0.62436 
   67     67.00000          433          729      0.74527 
   68     66.00000          554          787      0.82625 
   69     65.00000          662          867      0.86593 
   70     64.00000          754          942      0.88915 
   71     63.00000          835         1013      0.90368 
   72     62.00000         1034         1294      0.87543 
   73     61.00000         1220         1546      0.87274 
   74     60.00000         1404         1742      0.87985 
   75     59.00000         1551         1879      0.88047 
   76     58.00000         1663         1988      0.87647 
   77     57.00000         1827         2086      0.88679 
   78     56.00000         1971         2161      0.89787 
   79     55.00000         2110         2260      0.89886 
   80     54.00000         2224         2334      0.90347 
   81     53.00000         2313         2407      0.90551 
   82     52.00000         2415         2475      0.91043 
   83     51.00000         2515         2518      0.91039 
   84     50.00000         2624         2573      0.91514 
   85     49.00000         2715         2605      0.91579 
   86     48.00000         2840         2666      0.91246 
   87     47.00000         2954         2713      0.90701 
   88     46.00000         3039         2728      0.89995 
   89     45.00000         3150         2786      0.89286 
   90     44.00000         3197         2791      0.88410 
   91     43.00000         3250         2823      0.87601 
   92     42.00000         3282         2845      0.86633 
   93     41.00000         3264         2842      0.85948 
   94     40.00000         3266         2853      0.85047 
   95     39.00000         3184         2807      0.84493 
   96     38.00000         3117         2796      0.84559 
   97     37.00000         3035         2762      0.83664 
   98     36.00000         2968         2722      0.82742 
   99     35.00000         2914         2695      0.80977 
  100     34.00000         2814         2665      0.78993 
  101     33.00000         2722         2670      0.76743 
  102     32.00000         2741         2720      0.74821 
  103     31.00000         2812         2781      0.75201 
  104     30.00000         2845         2853      0.75781 
  105     29.00000         2828         2856      0.76284 
  106     28.00000         2787         2841      0.76297 
  107     27.00000         2726         2769      0.76761 
  108     26.00000         2611         2663      0.76830 
  109     25.00000         2489         2575      0.76619 
  110     24.00000         2313         2426      0.76767 
  111     23.00000         2153         2312      0.77805 
  112     22.00000         2064         2188      0.78928 
  113     21.00000         2014         2137      0.80125 
  114     20.00000         1948         2073      0.80826 
  115     19.00000         1870         1992      0.80787 
  116     18.00000         1838         1950      0.80623 
  117     17.00000         1806         1954      0.80106 
  118     16.00000         1769         1950      0.79699 
  119     15.00000         1767         1940      0.80119 
  120     14.00000         1706         1908      0.80354 
  121     13.00000         1669         1883      0.80293 
  122     12.00000         1613         1835      0.80568 
  123     11.00000         1540         1763      0.80291 
  124     10.00000         1455         1701      0.80101 
  125      9.00000         1314         1610      0.79070 
  126      8.00000         1182         1535      0.77880 
  127      7.00000         1055         1406      0.76879 
  128      6.00000          979         1307      0.77253 
  129      5.00000          927         1254      0.77212 
  130      4.00000          827         1180      0.76134 
  131      3.00000          742         1103      0.72954 
  132      2.00000          647         1016      0.68190 
  133      1.00000          584          956      0.67662 
  134      0.00000          513          885      0.66953 
  135     -1.00000          416          798      0.64580 
  136     -2.00000          303          721      0.58203 
  137     -3.00000          219          628      0.51712 
  138     -4.00000          222          575      0.55709 
  139     -5.00000          228          515      0.61373 
  140     -6.00000          221          429      0.68000 
  141     -7.00000          210          329      0.77922 
  142     -8.00000          194          256      0.86222 
  143     -9.00000          176          253      0.82051 
  144    -10.00000          160          255      0.77108 
  145    -11.00000          131          242      0.70241 
  146    -12.00000          105          229      0.62874 
  147    -13.00000           72          206      0.51799 
  148    -14.00000           52          190      0.42975 
  149    -15.00000           40          185      0.35556 
  150    -16.00000           23          179      0.22772 
  151    -17.00000            4          162      0.04819 
  152    -18.00000            0          136      0.00000 
  153    -19.00000            0          112      0.00000 
  154    -20.00000            0           92      0.00000 
  155    -21.00000            0           61      0.00000 
  156    -22.00000            0           27      0.00000 
  157    -23.00000            0            0      0.00000 
  158    -24.00000            0            0      0.00000 
  159    -25.00000            0            0      0.00000 
  160    -26.00000            0            0      0.00000 
  161    -27.00000            0            0      0.00000 
  162    -28.00000            0            0      0.00000 
  163    -29.00000            0            0      0.00000 
  164    -30.00000            0            0      0.00000 
  165    -31.00000            0            0      0.00000 
  166    -32.00000            0            0      0.00000 
  167    -33.00000            0            0      0.00000 
  168    -34.00000            0            0      0.00000 
  169    -35.00000            0            0      0.00000 
  170    -36.00000            0            0      0.00000 
  171    -37.00000            0            0      0.00000 
  172    -38.00000            0            0      0.00000 
  173    -39.00000            0            0      0.00000 
  174    -40.00000            0            0      0.00000 
  175    -41.00000            0            0      0.00000 
  176    -42.00000            0            0      0.00000 
  177    -43.00000            0            0      0.00000 
  178    -44.00000            0            0      0.00000 
  179    -45.00000            0            0      0.00000 
  180    -46.00000            0            0      0.00000 
  181    -47.00000            0            0      0.00000 
  182    -48.00000            0            0      0.00000 
  183    -49.00000            0            0      0.00000 
  184    -50.00000            0            0      0.00000 
  185    -51.00000            0            0      0.00000 
  186    -52.00000            0            0      0.00000 
  187    -53.00000            0            0      0.00000 
  188    -54.00000            0            0      0.00000 
  189    -55.00000            0            0      0.00000 
  190    -56.00000            0            0      0.00000 
  191    -57.00000            0            0      0.00000 
  192    -58.00000            0            0      0.00000 
  193    -59.00000            0            0      0.00000 
  194    -60.00000            0            0      0.00000 
  195    -61.00000            0            0      0.00000 
  196    -62.00000            0            0      0.00000 
  197    -63.00000            0            0      0.00000 
  198    -64.00000            0            0      0.00000 
  199    -65.00000            0            0      0.00000 
  200    -66.00000            0            0      0.00000 
  201    -67.00000            0            0      0.00000 
  202    -68.00000            0            0      0.00000 
  203    -69.00000            0            0      0.00000 
  204    -70.00000            0            0      0.00000 
  205    -71.00000            0            0      0.00000 
  206    -72.00000            0            0      0.00000 
  207    -73.00000            0            0      0.00000 
  208    -74.00000            0            0      0.00000 
  209    -75.00000            0            0      0.00000 
  210    -76.00000            0            0      0.00000 
  211    -77.00000            0            0      0.00000 
  212    -78.00000            0            0      0.00000 
  213    -79.00000            0            0      0.00000 
  214    -80.00000            0            0      0.00000 
  215    -81.00000            0            0      0.00000 
  216    -82.00000            0            0      0.00000 
  217    -83.00000            0            0      0.00000 
  218    -84.00000            0            0      0.00000 
  219    -85.00000            0            0      0.00000 
  220    -86.00000            0            0      0.00000 
  221    -87.00000            0            0      0.00000 
  222    -88.00000            0            0      0.00000 
  223    -89.00000            0            0      0.00000 
  224    -90.00000            0            0      0.00000 
  225    -91.00000            0            0      0.00000 
  226    -92.00000            0            0      0.00000 
  227    -93.00000            0            0      0.00000 
  228    -94.00000            0            0      0.00000 
  229    -95.00000            0            0      0.00000 
  230    -96.00000            0            0      0.00000 
  231    -97.00000            0            0      0.00000 
  232    -98.00000            0            0      0.00000 
