# 3dSliceNDice -insetA 9m_2min_s1_m1_binary+orig -insetB 9m_2min_s2_m1_binary+orig -prefix 9m_2min_split_m1_binary
    0    134.00000            0            0      0.00000 
    1    133.00000            0            0      0.00000 
    2    132.00000            0            0      0.00000 
    3    131.00000            0            0      0.00000 
    4    130.00000            0            0      0.00000 
    5    129.00000            0            0      0.00000 
    6    128.00000            0            0      0.00000 
    7    127.00000            0            0      0.00000 
    8    126.00000            0            0      0.00000 
    9    125.00000            0            0      0.00000 
   10    124.00000            0            0      0.00000 
   11    123.00000            0            0      0.00000 
   12    122.00000            0            0      0.00000 
   13    121.00000            0            0      0.00000 
   14    120.00000            0            0      0.00000 
   15    119.00000            0            0      0.00000 
   16    118.00000            0            0      0.00000 
   17    117.00000            0            0      0.00000 
   18    116.00000            0            0      0.00000 
   19    115.00000            0            0      0.00000 
   20    114.00000            0            0      0.00000 
   21    113.00000            0            0      0.00000 
   22    112.00000            0            0      0.00000 
   23    111.00000            0            0      0.00000 
   24    110.00000            0            0      0.00000 
   25    109.00000            0            0      0.00000 
   26    108.00000            0            0      0.00000 
   27    107.00000            0            0      0.00000 
   28    106.00000            0            0      0.00000 
   29    105.00000            0            0      0.00000 
   30    104.00000            0            0      0.00000 
   31    103.00000            0            0      0.00000 
   32    102.00000            0            0      0.00000 
   33    101.00000            0            0      0.00000 
   34    100.00000            0            0      0.00000 
   35     99.00000            0            0      0.00000 
   36     98.00000            0            0      0.00000 
   37     97.00000            0            0      0.00000 
   38     96.00000            0            0      0.00000 
   39     95.00000            0            0      0.00000 
   40     94.00000            0            0      0.00000 
   41     93.00000            0            0      0.00000 
   42     92.00000            0            0      0.00000 
   43     91.00000            0            0      0.00000 
   44     90.00000            0            0      0.00000 
   45     89.00000            0            0      0.00000 
   46     88.00000            0            0      0.00000 
   47     87.00000            0            0      0.00000 
   48     86.00000            0            0      0.00000 
   49     85.00000            0            0      0.00000 
   50     84.00000           88           43      0.65649 
   51     83.00000          203          134      0.79525 
   52     82.00000          316          226      0.83395 
   53     81.00000          433          336      0.87386 
   54     80.00000          553          465      0.91356 
   55     79.00000          680          593      0.93166 
   56     78.00000          816          721      0.93819 
   57     77.00000         1006          915      0.95263 
   58     76.00000         1231         1120      0.95279 
   59     75.00000         1499         1383      0.95906 
   60     74.00000         1778         1660      0.96510 
   61     73.00000         2053         1930      0.96811 
   62     72.00000         2424         2277      0.96873 
   63     71.00000         2698         2532      0.96826 
   64     70.00000         3026         2826      0.96582 
   65     69.00000         3245         3006      0.96113 
   66     68.00000         3443         3167      0.95703 
   67     67.00000         3635         3311      0.95220 
   68     66.00000         3790         3438      0.95019 
   69     65.00000         3912         3531      0.94774 
   70     64.00000         3992         3597      0.94479 
   71     63.00000         4083         3681      0.94462 
   72     62.00000         4084         3692      0.94393 
   73     61.00000         4124         3714      0.93927 
   74     60.00000         4122         3703      0.93470 
   75     59.00000         4062         3589      0.92459 
   76     58.00000         3944         3444      0.91337 
   77     57.00000         3727         3225      0.89988 
   78     56.00000         3685         3129      0.88758 
   79     55.00000         3630         3009      0.87242 
   80     54.00000         3446         2761      0.85194 
   81     53.00000         3294         2515      0.83044 
   82     52.00000         3054         2215      0.80964 
   83     51.00000         2882         2101      0.80714 
   84     50.00000         2646         1942      0.80384 
   85     49.00000         2277         1680      0.79303 
   86     48.00000         1762         1310      0.74089 
   87     47.00000         1316          937      0.68265 
   88     46.00000         1306          868      0.64305 
   89     45.00000         1270          771      0.60559 
   90     44.00000         1167          621      0.55481 
   91     43.00000         1037          416      0.46111 
   92     42.00000          975          217      0.36409 
   93     41.00000         1019          233      0.37220 
   94     40.00000         1068          264      0.39640 
   95     39.00000         1087          295      0.42692 
   96     38.00000         1094          323      0.45589 
   97     37.00000         1115          414      0.46305 
   98     36.00000         1121          495      0.44183 
   99     35.00000         1147          590      0.44444 
  100     34.00000         1115          649      0.44785 
  101     33.00000         1102          699      0.44753 
  102     32.00000         1167          780      0.53210 
  103     31.00000         1210          820      0.59606 
  104     30.00000         1214          869      0.64138 
  105     29.00000         1144          882      0.69003 
  106     28.00000         1032          880      0.74477 
  107     27.00000          930          864      0.79599 
  108     26.00000          873          829      0.81434 
  109     25.00000          822          805      0.83835 
  110     24.00000          704          721      0.86456 
  111     23.00000          553          613      0.89365 
  112     22.00000          430          501      0.92374 
  113     21.00000          428          486      0.93654 
  114     20.00000          424          465      0.95388 
  115     19.00000          404          427      0.97232 
  116     18.00000          385          390      0.99355 
  117     17.00000          348          348      1.00000 
  118     16.00000          307          307      1.00000 
  119     15.00000          272          272      1.00000 
  120     14.00000          228          228      1.00000 
  121     13.00000          209          209      1.00000 
  122     12.00000          185          185      1.00000 
  123     11.00000          160          160      1.00000 
  124     10.00000          134          134      1.00000 
  125      9.00000           88           88      1.00000 
  126      8.00000           32           32      1.00000 
  127      7.00000            0            0      0.00000 
  128      6.00000            0            0      0.00000 
  129      5.00000            0            0      0.00000 
  130      4.00000            0            0      0.00000 
  131      3.00000            0            0      0.00000 
  132      2.00000          176          256      0.55556 
  133      1.00000          389          495      0.62443 
  134      0.00000          550          655      0.65892 
  135     -1.00000          667          769      0.68245 
  136     -2.00000          765          857      0.70284 
  137     -3.00000         1173         1424      0.75780 
  138     -4.00000         1487         1908      0.77644 
  139     -5.00000         1715         2254      0.78609 
  140     -6.00000         1854         2487      0.79244 
  141     -7.00000         1947         2660      0.79748 
  142     -8.00000         2312         2855      0.86201 
  143     -9.00000         2545         2957      0.89931 
  144    -10.00000         2741         3094      0.91620 
  145    -11.00000         2857         3150      0.92925 
  146    -12.00000         2946         3186      0.93999 
  147    -13.00000         3036         3223      0.94903 
  148    -14.00000         3026         3216      0.94970 
  149    -15.00000         3047         3227      0.95633 
  150    -16.00000         3034         3214      0.95967 
  151    -17.00000         3002         3178      0.96052 
  152    -18.00000         2935         3100      0.96239 
  153    -19.00000         2869         3014      0.95835 
  154    -20.00000         2871         2989      0.95631 
  155    -21.00000         2831         2936      0.95023 
  156    -22.00000         2814         2908      0.94198 
  157    -23.00000         2750         2903      0.92765 
  158    -24.00000         2691         2924      0.91077 
  159    -25.00000         2609         2900      0.89127 
  160    -26.00000         2459         2777      0.86898 
  161    -27.00000         2258         2632      0.83599 
  162    -28.00000         1971         2378      0.80478 
  163    -29.00000         1945         2385      0.80554 
  164    -30.00000         1921         2406      0.80055 
  165    -31.00000         1816         2353      0.79012 
  166    -32.00000         1652         2263      0.77037 
  167    -33.00000         1496         2173      0.75388 
  168    -34.00000         1492         2163      0.76115 
  169    -35.00000         1477         2143      0.77238 
  170    -36.00000         1419         2078      0.76237 
  171    -37.00000         1343         2028      0.73865 
  172    -38.00000         1277         1971      0.71675 
  173    -39.00000         1243         1880      0.72430 
  174    -40.00000         1227         1817      0.72865 
  175    -41.00000         1197         1701      0.74327 
  176    -42.00000         1174         1618      0.76218 
  177    -43.00000         1134         1538      0.78817 
  178    -44.00000         1084         1477      0.79110 
  179    -45.00000         1035         1421      0.79886 
  180    -46.00000          973         1325      0.79809 
  181    -47.00000          904         1245      0.79107 
  182    -48.00000          824         1116      0.78969 
  183    -49.00000          743          998      0.79035 
  184    -50.00000          651          865      0.80739 
  185    -51.00000          541          702      0.84634 
  186    -52.00000          468          549      0.92035 
  187    -53.00000          369          383      0.98138 
  188    -54.00000          309          318      0.98565 
  189    -55.00000          247          250      0.99396 
  190    -56.00000          176          176      1.00000 
  191    -57.00000          105          105      1.00000 
  192    -58.00000           47           47      1.00000 
  193    -59.00000           17           17      1.00000 
  194    -60.00000            0            0      0.00000 
  195    -61.00000            0            0      0.00000 
  196    -62.00000            0            0      0.00000 
  197    -63.00000            0            0      0.00000 
  198    -64.00000            0            0      0.00000 
  199    -65.00000            0            0      0.00000 
  200    -66.00000            0            0      0.00000 
  201    -67.00000            0            0      0.00000 
  202    -68.00000            0            0      0.00000 
  203    -69.00000            0            0      0.00000 
  204    -70.00000            0            0      0.00000 
  205    -71.00000            0            0      0.00000 
  206    -72.00000            0            0      0.00000 
  207    -73.00000            0            0      0.00000 
  208    -74.00000            0            0      0.00000 
  209    -75.00000            0            0      0.00000 
  210    -76.00000            0            0      0.00000 
  211    -77.00000            0            0      0.00000 
  212    -78.00000            0            0      0.00000 
  213    -79.00000            0            0      0.00000 
  214    -80.00000            0            0      0.00000 
  215    -81.00000            0            0      0.00000 
  216    -82.00000            0            0      0.00000 
  217    -83.00000            0            0      0.00000 
  218    -84.00000            0            0      0.00000 
  219    -85.00000            0            0      0.00000 
  220    -86.00000            0            0      0.00000 
  221    -87.00000            0            0      0.00000 
  222    -88.00000            0            0      0.00000 
  223    -89.00000            0            0      0.00000 
  224    -90.00000            0            0      0.00000 
  225    -91.00000            0            0      0.00000 
  226    -92.00000            0            0      0.00000 
  227    -93.00000            0            0      0.00000 
  228    -94.00000            0            0      0.00000 
  229    -95.00000            0            0      0.00000 
  230    -96.00000            0            0      0.00000 
  231    -97.00000            0            0      0.00000 
  232    -98.00000            0            0      0.00000 
