# 3dSliceNDice -insetA 9m_2min_s1_m4_binary+orig -insetB 9m_2min_s2_m4_binary+orig -prefix 9m_2min_split_m4_binary
    0     96.00000            0            0      0.00000 
    1     95.00000            0            0      0.00000 
    2     94.00000            0            0      0.00000 
    3     93.00000            0            0      0.00000 
    4     92.00000            0            0      0.00000 
    5     91.00000            0            0      0.00000 
    6     90.00000            0            0      0.00000 
    7     89.00000            0            0      0.00000 
    8     88.00000            0            0      0.00000 
    9     87.00000            0            0      0.00000 
   10     86.00000            0            0      0.00000 
   11     85.00000            0            0      0.00000 
   12     84.00000            0            0      0.00000 
   13     83.00000            0            0      0.00000 
   14     82.00000            0            0      0.00000 
   15     81.00000            0            0      0.00000 
   16     80.00000            0            0      0.00000 
   17     79.00000            0            0      0.00000 
   18     78.00000            0            0      0.00000 
   19     77.00000            0            0      0.00000 
   20     76.00000            0            0      0.00000 
   21     75.00000            0            0      0.00000 
   22     74.00000            0            0      0.00000 
   23     73.00000            0            0      0.00000 
   24     72.00000            0            0      0.00000 
   25     71.00000            0            0      0.00000 
   26     70.00000            0            0      0.00000 
   27     69.00000            0            0      0.00000 
   28     68.00000            0            0      0.00000 
   29     67.00000            0            0      0.00000 
   30     66.00000            0            0      0.00000 
   31     65.00000            0            0      0.00000 
   32     64.00000            0            0      0.00000 
   33     63.00000            0            0      0.00000 
   34     62.00000            0            0      0.00000 
   35     61.00000            0            0      0.00000 
   36     60.00000            0            0      0.00000 
   37     59.00000            0            0      0.00000 
   38     58.00000            0           85      0.00000 
   39     57.00000            0          155      0.00000 
   40     56.00000            0          183      0.00000 
   41     55.00000            0          214      0.00000 
   42     54.00000            0          253      0.00000 
   43     53.00000            0          288      0.00000 
   44     52.00000            0          302      0.00000 
   45     51.00000            0          306      0.00000 
   46     50.00000            0          300      0.00000 
   47     49.00000            0          276      0.00000 
   48     48.00000            0          256      0.00000 
   49     47.00000            0          216      0.00000 
   50     46.00000            0          180      0.00000 
   51     45.00000            0          140      0.00000 
   52     44.00000            0           88      0.00000 
   53     43.00000            0           32      0.00000 
   54     42.00000          115          117      0.56897 
   55     41.00000          245          261      0.69960 
   56     40.00000          358          388      0.74531 
   57     39.00000          444          489      0.76527 
   58     38.00000          533          582      0.78565 
   59     37.00000          637          726      0.79090 
   60     36.00000          740          876      0.79455 
   61     35.00000          885         1072      0.80225 
   62     34.00000          991         1217      0.80525 
   63     33.00000         1087         1343      0.80823 
   64     32.00000         1180         1477      0.80994 
   65     31.00000         1235         1565      0.81286 
   66     30.00000         1290         1669      0.81649 
   67     29.00000         1314         1734      0.81955 
   68     28.00000         1340         1798      0.81899 
   69     27.00000         1341         1874      0.81244 
   70     26.00000         1369         1931      0.81212 
   71     25.00000         1415         2003      0.82212 
   72     24.00000         1432         2014      0.82937 
   73     23.00000         1462         2041      0.83357 
   74     22.00000         1515         2098      0.82591 
   75     21.00000         1598         2154      0.82889 
   76     20.00000         1683         2185      0.83713 
   77     19.00000         1746         2165      0.85247 
   78     18.00000         1832         2155      0.86882 
   79     17.00000         1913         2181      0.87201 
   80     16.00000         1976         2256      0.87807 
   81     15.00000         2018         2333      0.88026 
   82     14.00000         2060         2383      0.88859 
   83     13.00000         2093         2418      0.89382 
   84     12.00000         2524         2658      0.90351 
   85     11.00000         2665         2810      0.92128 
   86     10.00000         2747         2899      0.93128 
   87      9.00000         2794         2977      0.93121 
   88      8.00000         2815         3023      0.93114 
   89      7.00000         2820         3076      0.93351 
   90      6.00000         2818         3101      0.93631 
   91      5.00000         2796         3085      0.93283 
   92      4.00000         2738         3013      0.93166 
   93      3.00000         2660         2934      0.93171 
   94      2.00000         2619         2806      0.94562 
   95      1.00000         2544         2655      0.95788 
   96      0.00000         2518         2574      0.96583 
   97     -1.00000         2623         2625      0.96608 
   98     -2.00000         2803         2775      0.96665 
   99     -3.00000         2942         2859      0.96604 
  100     -4.00000         3015         2895      0.96447 
  101     -5.00000         3053         2899      0.96337 
  102     -6.00000         3030         2873      0.96222 
  103     -7.00000         3043         2862      0.95919 
  104     -8.00000         2970         2768      0.95434 
  105     -9.00000         2900         2682      0.95127 
  106    -10.00000         2815         2571      0.94504 
  107    -11.00000         2668         2444      0.94092 
  108    -12.00000         2491         2259      0.92716 
  109    -13.00000         1970         1931      0.95001 
  110    -14.00000         1900         1871      0.94139 
  111    -15.00000         1831         1811      0.92971 
  112    -16.00000         1725         1731      0.91262 
  113    -17.00000         1551         1595      0.87730 
  114    -18.00000         1326         1453      0.83771 
  115    -19.00000         1447         1519      0.86851 
  116    -20.00000         1513         1542      0.88707 
  117    -21.00000         1536         1521      0.89892 
  118    -22.00000         1546         1518      0.90927 
  119    -23.00000         1537         1517      0.91421 
  120    -24.00000         1504         1483      0.91865 
  121    -25.00000         1464         1453      0.92492 
  122    -26.00000         1410         1404      0.93746 
  123    -27.00000         1373         1352      0.95046 
  124    -28.00000         1320         1293      0.97512 
  125    -29.00000         1276         1252      0.98101 
  126    -30.00000         1216         1194      0.99087 
  127    -31.00000         1151         1153      0.99045 
  128    -32.00000         1084         1103      0.99131 
  129    -33.00000         1042         1071      0.98628 
  130    -34.00000         1023         1059      0.98271 
  131    -35.00000          991         1031      0.98022 
  132    -36.00000          915          958      0.97704 
  133    -37.00000          866          913      0.97358 
  134    -38.00000          841          860      0.95121 
  135    -39.00000          847          816      0.91281 
  136    -40.00000          843          768      0.87275 
  137    -41.00000          783          675      0.82716 
  138    -42.00000          689          556      0.75984 
  139    -43.00000          641          495      0.73415 
  140    -44.00000          637          519      0.77682 
  141    -45.00000          641          543      0.81250 
  142    -46.00000          607          526      0.84554 
  143    -47.00000          585          506      0.88909 
  144    -48.00000          550          490      0.94231 
  145    -49.00000          509          477      0.96755 
  146    -50.00000          455          455      1.00000 
  147    -51.00000          418          418      1.00000 
  148    -52.00000          387          387      1.00000 
  149    -53.00000          352          352      1.00000 
  150    -54.00000          333          333      1.00000 
  151    -55.00000          301          301      1.00000 
  152    -56.00000          269          269      1.00000 
  153    -57.00000          207          207      1.00000 
  154    -58.00000           38           38      1.00000 
  155    -59.00000            0            0      0.00000 
  156    -60.00000            0            0      0.00000 
  157    -61.00000            0            0      0.00000 
  158    -62.00000            0            0      0.00000 
  159    -63.00000            0            0      0.00000 
  160    -64.00000            0            0      0.00000 
  161    -65.00000            0            0      0.00000 
  162    -66.00000            0            0      0.00000 
  163    -67.00000            0            0      0.00000 
  164    -68.00000            0            0      0.00000 
  165    -69.00000            0            0      0.00000 
  166    -70.00000            0            0      0.00000 
  167    -71.00000            0            0      0.00000 
  168    -72.00000            0            0      0.00000 
  169    -73.00000            0            0      0.00000 
  170    -74.00000            0            0      0.00000 
  171    -75.00000            0            0      0.00000 
  172    -76.00000            0            0      0.00000 
  173    -77.00000            0            0      0.00000 
  174    -78.00000            0            0      0.00000 
  175    -79.00000            0            0      0.00000 
  176    -80.00000            0            0      0.00000 
  177    -81.00000            0            0      0.00000 
  178    -82.00000            0            0      0.00000 
  179    -83.00000            0            0      0.00000 
  180    -84.00000            0            0      0.00000 
  181    -85.00000            0            0      0.00000 
  182    -86.00000            0            0      0.00000 
  183    -87.00000            0            0      0.00000 
  184    -88.00000            0            0      0.00000 
  185    -89.00000            0            0      0.00000 
  186    -90.00000            0            0      0.00000 
  187    -91.00000            0            0      0.00000 
  188    -92.00000            0            0      0.00000 
  189    -93.00000            0            0      0.00000 
  190    -94.00000            0            0      0.00000 
  191    -95.00000            0            0      0.00000 
  192    -96.00000            0            0      0.00000 
  193    -97.00000            0            0      0.00000 
  194    -98.00000            0            0      0.00000 
