# 3dSliceNDice -insetA 9m_2min_s1_m5_binary+orig -insetB 9m_2min_s2_m5_binary+orig -prefix 9m_2min_split_m5_binary
    0    134.00000            0            0      0.00000 
    1    133.00000            0            0      0.00000 
    2    132.00000            0            0      0.00000 
    3    131.00000            0            0      0.00000 
    4    130.00000            0            0      0.00000 
    5    129.00000            0            0      0.00000 
    6    128.00000            0            0      0.00000 
    7    127.00000            0            0      0.00000 
    8    126.00000            0            0      0.00000 
    9    125.00000            0            0      0.00000 
   10    124.00000            0            0      0.00000 
   11    123.00000            0            0      0.00000 
   12    122.00000            0            0      0.00000 
   13    121.00000            0            0      0.00000 
   14    120.00000            0            0      0.00000 
   15    119.00000            0            0      0.00000 
   16    118.00000            0            0      0.00000 
   17    117.00000            0            0      0.00000 
   18    116.00000            0            0      0.00000 
   19    115.00000            0            0      0.00000 
   20    114.00000            0            0      0.00000 
   21    113.00000            0            0      0.00000 
   22    112.00000            0            0      0.00000 
   23    111.00000            0            0      0.00000 
   24    110.00000            0            0      0.00000 
   25    109.00000            0            0      0.00000 
   26    108.00000            0            0      0.00000 
   27    107.00000            0            0      0.00000 
   28    106.00000            0            0      0.00000 
   29    105.00000            0            0      0.00000 
   30    104.00000            0            0      0.00000 
   31    103.00000            0            0      0.00000 
   32    102.00000            0            0      0.00000 
   33    101.00000            0            0      0.00000 
   34    100.00000            0            0      0.00000 
   35     99.00000            0            0      0.00000 
   36     98.00000            0            0      0.00000 
   37     97.00000            0            0      0.00000 
   38     96.00000            0            0      0.00000 
   39     95.00000            0            0      0.00000 
   40     94.00000            0            0      0.00000 
   41     93.00000            0            0      0.00000 
   42     92.00000            0            0      0.00000 
   43     91.00000            0            0      0.00000 
   44     90.00000            0            0      0.00000 
   45     89.00000            0            0      0.00000 
   46     88.00000            0            0      0.00000 
   47     87.00000            0            0      0.00000 
   48     86.00000            0            0      0.00000 
   49     85.00000            0            0      0.00000 
   50     84.00000            0            0      0.00000 
   51     83.00000            0            0      0.00000 
   52     82.00000            0            0      0.00000 
   53     81.00000            0            0      0.00000 
   54     80.00000            0            0      0.00000 
   55     79.00000            0            0      0.00000 
   56     78.00000            0            0      0.00000 
   57     77.00000            0            0      0.00000 
   58     76.00000            0            0      0.00000 
   59     75.00000            0            0      0.00000 
   60     74.00000            0            0      0.00000 
   61     73.00000            0            0      0.00000 
   62     72.00000           47           47      1.00000 
   63     71.00000          128          135      0.97338 
   64     70.00000          200          213      0.96852 
   65     69.00000          256          273      0.96786 
   66     68.00000          300          318      0.97087 
   67     67.00000          445          404      0.85041 
   68     66.00000          605          489      0.84278 
   69     65.00000          711          587      0.82743 
   70     64.00000          787          679      0.81173 
   71     63.00000          857          772      0.80049 
   72     62.00000         1043          944      0.81631 
   73     61.00000         1213         1141      0.83942 
   74     60.00000         1380         1321      0.85598 
   75     59.00000         1517         1467      0.87198 
   76     58.00000         1619         1583      0.88382 
   77     57.00000         1793         1734      0.90672 
   78     56.00000         1965         1885      0.91429 
   79     55.00000         2118         2037      0.92467 
   80     54.00000         2237         2162      0.93203 
   81     53.00000         2333         2271      0.93788 
   82     52.00000         2421         2380      0.94522 
   83     51.00000         2486         2450      0.95259 
   84     50.00000         2555         2543      0.96038 
   85     49.00000         2612         2612      0.96401 
   86     48.00000         2687         2685      0.96538 
   87     47.00000         2753         2812      0.95957 
   88     46.00000         2792         2896      0.94585 
   89     45.00000         2872         3022      0.93655 
   90     44.00000         2894         3089      0.92562 
   91     43.00000         2918         3159      0.91723 
   92     42.00000         2924         3219      0.90510 
   93     41.00000         2887         3226      0.89939 
   94     40.00000         2877         3281      0.89412 
   95     39.00000         2820         3285      0.89435 
   96     38.00000         2797         3320      0.89815 
   97     37.00000         2768         3316      0.90204 
   98     36.00000         2711         3243      0.90259 
   99     35.00000         2676         3203      0.90594 
  100     34.00000         2608         3118      0.89941 
  101     33.00000         2567         3046      0.88972 
  102     32.00000         2498         3125      0.85862 
  103     31.00000         2405         3164      0.83139 
  104     30.00000         2317         3180      0.80917 
  105     29.00000         2210         3146      0.79350 
  106     28.00000         2072         3087      0.77224 
  107     27.00000         2009         3036      0.76511 
  108     26.00000         2024         2944      0.78543 
  109     25.00000         2017         2858      0.79590 
  110     24.00000         1969         2700      0.80745 
  111     23.00000         1927         2557      0.82070 
  112     22.00000         1917         2470      0.82972 
  113     21.00000         1893         2394      0.83228 
  114     20.00000         1854         2303      0.82896 
  115     19.00000         1803         2212      0.82242 
  116     18.00000         1798         2159      0.81779 
  117     17.00000         1791         2118      0.81914 
  118     16.00000         1773         2082      0.81401 
  119     15.00000         1775         2046      0.80974 
  120     14.00000         1728         1958      0.80684 
  121     13.00000         1681         1897      0.79877 
  122     12.00000         1599         1805      0.79965 
  123     11.00000         1540         1710      0.79508 
  124     10.00000         1481         1589      0.78046 
  125      9.00000         1391         1397      0.74247 
  126      8.00000         1304         1214      0.70612 
  127      7.00000         1189          977      0.62881 
  128      6.00000         1100          839      0.56524 
  129      5.00000         1059          729      0.50224 
  130      4.00000          974          570      0.40544 
  131      3.00000          914          394      0.28135 
  132      2.00000          862          216      0.12616 
  133      1.00000          804          180      0.09350 
  134      0.00000          744          140      0.05204 
  135     -1.00000          649           88      0.00000 
  136     -2.00000          567           32      0.00000 
  137     -3.00000          490           32      0.00000 
  138     -4.00000          438           88      0.00000 
  139     -5.00000          383          140      0.00000 
  140     -6.00000          314          172      0.00000 
  141     -7.00000          242          197      0.00000 
  142     -8.00000          194          224      0.00000 
  143     -9.00000          176          226      0.00000 
  144    -10.00000          160          236      0.00000 
  145    -11.00000          131          224      0.00000 
  146    -12.00000          105          195      0.00000 
  147    -13.00000           72          178      0.00000 
  148    -14.00000           52          179      0.00000 
  149    -15.00000           40          177      0.00000 
  150    -16.00000           23          172      0.00000 
  151    -17.00000            4          155      0.00000 
  152    -18.00000            0          135      0.00000 
  153    -19.00000            0          106      0.00000 
  154    -20.00000            0           81      0.00000 
  155    -21.00000            0           53      0.00000 
  156    -22.00000            0           21      0.00000 
  157    -23.00000            0            0      0.00000 
  158    -24.00000            0            0      0.00000 
  159    -25.00000            0            0      0.00000 
  160    -26.00000            0            0      0.00000 
  161    -27.00000            0            0      0.00000 
  162    -28.00000            0            0      0.00000 
  163    -29.00000            0            0      0.00000 
  164    -30.00000            0            0      0.00000 
  165    -31.00000            0            0      0.00000 
  166    -32.00000            0            0      0.00000 
  167    -33.00000            0            0      0.00000 
  168    -34.00000            0            0      0.00000 
  169    -35.00000            0            0      0.00000 
  170    -36.00000            0            0      0.00000 
  171    -37.00000            0            0      0.00000 
  172    -38.00000            0            0      0.00000 
  173    -39.00000            0            0      0.00000 
  174    -40.00000            0            0      0.00000 
  175    -41.00000            0            0      0.00000 
  176    -42.00000            0            0      0.00000 
  177    -43.00000            0            0      0.00000 
  178    -44.00000            0            0      0.00000 
  179    -45.00000            0            0      0.00000 
  180    -46.00000            0            0      0.00000 
  181    -47.00000            0            0      0.00000 
  182    -48.00000            0            0      0.00000 
  183    -49.00000            0            0      0.00000 
  184    -50.00000            0            0      0.00000 
  185    -51.00000            0            0      0.00000 
  186    -52.00000            0            0      0.00000 
  187    -53.00000            0            0      0.00000 
  188    -54.00000            0            0      0.00000 
  189    -55.00000            0            0      0.00000 
  190    -56.00000            0            0      0.00000 
  191    -57.00000            0            0      0.00000 
  192    -58.00000            0            0      0.00000 
  193    -59.00000            0            0      0.00000 
  194    -60.00000            0            0      0.00000 
  195    -61.00000            0            0      0.00000 
  196    -62.00000            0            0      0.00000 
  197    -63.00000            0            0      0.00000 
  198    -64.00000            0            0      0.00000 
  199    -65.00000            0            0      0.00000 
  200    -66.00000            0            0      0.00000 
  201    -67.00000            0            0      0.00000 
  202    -68.00000            0            0      0.00000 
  203    -69.00000            0            0      0.00000 
  204    -70.00000            0            0      0.00000 
  205    -71.00000            0            0      0.00000 
  206    -72.00000            0            0      0.00000 
  207    -73.00000            0            0      0.00000 
  208    -74.00000            0            0      0.00000 
  209    -75.00000            0            0      0.00000 
  210    -76.00000            0            0      0.00000 
  211    -77.00000            0            0      0.00000 
  212    -78.00000            0            0      0.00000 
  213    -79.00000            0            0      0.00000 
  214    -80.00000            0            0      0.00000 
  215    -81.00000            0            0      0.00000 
  216    -82.00000            0            0      0.00000 
  217    -83.00000            0            0      0.00000 
  218    -84.00000            0            0      0.00000 
  219    -85.00000            0            0      0.00000 
  220    -86.00000            0            0      0.00000 
  221    -87.00000            0            0      0.00000 
  222    -88.00000            0            0      0.00000 
  223    -89.00000            0            0      0.00000 
  224    -90.00000            0            0      0.00000 
  225    -91.00000            0            0      0.00000 
  226    -92.00000            0            0      0.00000 
  227    -93.00000            0            0      0.00000 
  228    -94.00000            0            0      0.00000 
  229    -95.00000            0            0      0.00000 
  230    -96.00000            0            0      0.00000 
  231    -97.00000            0            0      0.00000 
  232    -98.00000            0            0      0.00000 
