# 3dSliceNDice -insetA 9m_2min_s1_m4_binary+orig -insetB 9m_2min_s2_m4_binary+orig -prefix 9m_2min_split_m4_binary
    0    -72.00000            0            0      0.00000 
    1    -71.00000            0            0      0.00000 
    2    -70.00000            0            0      0.00000 
    3    -69.00000            0            0      0.00000 
    4    -68.00000            0            0      0.00000 
    5    -67.00000            0            0      0.00000 
    6    -66.00000            0            0      0.00000 
    7    -65.00000            0            0      0.00000 
    8    -64.00000            0            0      0.00000 
    9    -63.00000            0            0      0.00000 
   10    -62.00000            0            0      0.00000 
   11    -61.00000            0            0      0.00000 
   12    -60.00000            0            0      0.00000 
   13    -59.00000            0            0      0.00000 
   14    -58.00000            0            0      0.00000 
   15    -57.00000            0            0      0.00000 
   16    -56.00000            0            0      0.00000 
   17    -55.00000            0            0      0.00000 
   18    -54.00000            0            0      0.00000 
   19    -53.00000            0            0      0.00000 
   20    -52.00000            0            0      0.00000 
   21    -51.00000            0            0      0.00000 
   22    -50.00000            0            0      0.00000 
   23    -49.00000            0            0      0.00000 
   24    -48.00000            0            0      0.00000 
   25    -47.00000            0            0      0.00000 
   26    -46.00000            0            0      0.00000 
   27    -45.00000            0            0      0.00000 
   28    -44.00000            0            0      0.00000 
   29    -43.00000            0            0      0.00000 
   30    -42.00000            0            0      0.00000 
   31    -41.00000            0            0      0.00000 
   32    -40.00000            0            0      0.00000 
   33    -39.00000            0            0      0.00000 
   34    -38.00000            0            0      0.00000 
   35    -37.00000            0            0      0.00000 
   36    -36.00000            0            0      0.00000 
   37    -35.00000            0            0      0.00000 
   38    -34.00000            0            0      0.00000 
   39    -33.00000            0            0      0.00000 
   40    -32.00000           35           60      0.08421 
   41    -31.00000          103          119      0.27027 
   42    -30.00000          164          162      0.33129 
   43    -29.00000          229          206      0.40460 
   44    -28.00000          293          256      0.47723 
   45    -27.00000          379          419      0.67920 
   46    -26.00000          458          561      0.79686 
   47    -25.00000          537          668      0.83485 
   48    -24.00000          585          737      0.85174 
   49    -23.00000          635          795      0.86573 
   50    -22.00000          681          862      0.87492 
   51    -21.00000          734          924      0.87817 
   52    -20.00000          843         1055      0.88830 
   53    -19.00000          910         1139      0.88726 
   54    -18.00000          968         1206      0.88868 
   55    -17.00000          995         1243      0.87131 
   56    -16.00000          973         1230      0.84884 
   57    -15.00000          928         1193      0.82603 
   58    -14.00000          827         1091      0.79458 
   59    -13.00000          729         1039      0.74434 
   60    -12.00000          602          907      0.70510 
   61    -11.00000          512          796      0.68502 
   62    -10.00000          408          656      0.65977 
   63     -9.00000          264          464      0.59615 
   64     -8.00000           96          208      0.44737 
   65     -7.00000            0            0      0.00000 
   66     -6.00000            0            0      0.00000 
   67     -5.00000            0            0      0.00000 
   68     -4.00000            0            0      0.00000 
   69     -3.00000            0            0      0.00000 
   70     -2.00000            0            0      0.00000 
   71     -1.00000            0            0      0.00000 
   72      0.00000            0            0      0.00000 
   73      1.00000            0            0      0.00000 
   74      2.00000            0            0      0.00000 
   75      3.00000            0            0      0.00000 
   76      4.00000            0            0      0.00000 
   77      5.00000            0            0      0.00000 
   78      6.00000            0            0      0.00000 
   79      7.00000            0            0      0.00000 
   80      8.00000            0           32      0.00000 
   81      9.00000            0           88      0.00000 
   82     10.00000            0          140      0.00000 
   83     11.00000            0          180      0.00000 
   84     12.00000            0          216      0.00000 
   85     13.00000          472          604      0.49814 
   86     14.00000          855          975      0.65137 
   87     15.00000         1106         1251      0.70683 
   88     16.00000         1284         1442      0.73514 
   89     17.00000         1420         1596      0.75531 
   90     18.00000         1734         1827      0.75597 
   91     19.00000         1922         2099      0.75802 
   92     20.00000         2117         2355      0.76252 
   93     21.00000         2233         2513      0.76907 
   94     22.00000         2324         2637      0.77323 
   95     23.00000         2461         2912      0.79323 
   96     24.00000         2631         3083      0.80784 
   97     25.00000         2827         3248      0.82831 
   98     26.00000         2961         3311      0.84758 
   99     27.00000         3075         3349      0.86426 
  100     28.00000         3415         3655      0.88600 
  101     29.00000         3682         3954      0.89916 
  102     30.00000         3934         4227      0.90626 
  103     31.00000         4102         4384      0.91115 
  104     32.00000         4216         4502      0.91695 
  105     33.00000         4361         4644      0.92549 
  106     34.00000         4498         4768      0.93266 
  107     35.00000         4704         4954      0.94305 
  108     36.00000         4848         5029      0.94948 
  109     37.00000         4967         5098      0.95658 
  110     38.00000         5080         5178      0.96159 
  111     39.00000         5096         5163      0.96520 
  112     40.00000         5099         5185      0.96811 
  113     41.00000         5057         5145      0.96922 
  114     42.00000         4972         5074      0.97213 
  115     43.00000         4820         4938      0.97438 
  116     44.00000         4605         4728      0.97375 
  117     45.00000         4397         4518      0.97319 
  118     46.00000         4198         4307      0.97166 
  119     47.00000         3958         4068      0.97060 
  120     48.00000         3651         3774      0.96862 
  121     49.00000         3268         3407      0.96749 
  122     50.00000         2931         3073      0.96636 
  123     51.00000         2501         2648      0.96135 
  124     52.00000         2074         2195      0.96088 
  125     53.00000         1673         1772      0.95791 
  126     54.00000         1222         1278      0.95760 
  127     55.00000          918          929      0.97564 
  128     56.00000          623          642      0.98340 
  129     57.00000          403          405      0.99752 
  130     58.00000          125          125      1.00000 
  131     59.00000            0            0      0.00000 
  132     60.00000            0            0      0.00000 
  133     61.00000            0            0      0.00000 
  134     62.00000            0            0      0.00000 
  135     63.00000            0            0      0.00000 
  136     64.00000            0            0      0.00000 
  137     65.00000            0            0      0.00000 
  138     66.00000            0            0      0.00000 
  139     67.00000            0            0      0.00000 
  140     68.00000            0            0      0.00000 
  141     69.00000            0            0      0.00000 
  142     70.00000            0            0      0.00000 
  143     71.00000            0            0      0.00000 
  144     72.00000            0            0      0.00000 
  145     73.00000            0            0      0.00000 
  146     74.00000            0            0      0.00000 
  147     75.00000            0            0      0.00000 
  148     76.00000            0            0      0.00000 
  149     77.00000            0            0      0.00000 
  150     78.00000            0            0      0.00000 
  151     79.00000            0            0      0.00000 
  152     80.00000            0            0      0.00000 
  153     81.00000            0            0      0.00000 
  154     82.00000            0            0      0.00000 
  155     83.00000            0            0      0.00000 
  156     84.00000            0            0      0.00000 
  157     85.00000            0            0      0.00000 
  158     86.00000            0            0      0.00000 
