# 3dSliceNDice -insetA 9m_2min_s1_m3_binary+orig -insetB 9m_2min_s2_m3_binary+orig -prefix 9m_2min_split_m3_binary
    0    -72.00000            0            0      0.00000 
    1    -71.00000            0            0      0.00000 
    2    -70.00000            0            0      0.00000 
    3    -69.00000            0            0      0.00000 
    4    -68.00000            0            0      0.00000 
    5    -67.00000            0            0      0.00000 
    6    -66.00000            0            0      0.00000 
    7    -65.00000            0            0      0.00000 
    8    -64.00000            0            0      0.00000 
    9    -63.00000            0            0      0.00000 
   10    -62.00000            0            0      0.00000 
   11    -61.00000            0            0      0.00000 
   12    -60.00000            0            0      0.00000 
   13    -59.00000            0            0      0.00000 
   14    -58.00000            0            0      0.00000 
   15    -57.00000            0            0      0.00000 
   16    -56.00000            0            0      0.00000 
   17    -55.00000            0            0      0.00000 
   18    -54.00000            0            0      0.00000 
   19    -53.00000            0            0      0.00000 
   20    -52.00000            0            0      0.00000 
   21    -51.00000            6            6      1.00000 
   22    -50.00000          120          136      0.93750 
   23    -49.00000          529          601      0.90265 
   24    -48.00000          789          924      0.87916 
   25    -47.00000          909         1079      0.87626 
   26    -46.00000         1051         1238      0.88510 
   27    -45.00000         1174         1389      0.88802 
   28    -44.00000         1221         1476      0.88172 
   29    -43.00000         1283         1561      0.88256 
   30    -42.00000         1327         1630      0.87927 
   31    -41.00000         1342         1665      0.87662 
   32    -40.00000         1376         1707      0.87512 
   33    -39.00000         1388         1715      0.87528 
   34    -38.00000         1417         1716      0.88477 
   35    -37.00000         1446         1687      0.89563 
   36    -36.00000         1484         1682      0.90272 
   37    -35.00000         1536         1673      0.91243 
   38    -34.00000         1570         1649      0.91830 
   39    -33.00000         1591         1615      0.90954 
   40    -32.00000         1588         1598      0.90898 
   41    -31.00000         1569         1577      0.91163 
   42    -30.00000         1547         1553      0.92000 
   43    -29.00000         1510         1503      0.93063 
   44    -28.00000         1504         1479      0.92994 
   45    -27.00000         1718         1645      0.92834 
   46    -26.00000         1845         1787      0.94273 
   47    -25.00000         1946         1897      0.96071 
   48    -24.00000         2003         1956      0.96135 
   49    -23.00000         2055         2010      0.95941 
   50    -22.00000         2213         2123      0.96079 
   51    -21.00000         2306         2231      0.96540 
   52    -20.00000         2427         2348      0.96293 
   53    -19.00000         2497         2430      0.95758 
   54    -18.00000         2556         2506      0.95219 
   55    -17.00000         2618         2576      0.94609 
   56    -16.00000         2652         2633      0.94759 
   57    -15.00000         2731         2736      0.94531 
   58    -14.00000         2794         2835      0.94368 
   59    -13.00000         2840         2921      0.94671 
   60    -12.00000         2825         2967      0.94579 
   61    -11.00000         2793         2966      0.94114 
   62    -10.00000         2768         2990      0.93678 
   63     -9.00000         2710         2965      0.93286 
   64     -8.00000         2690         2948      0.93118 
   65     -7.00000         2636         2922      0.92659 
   66     -6.00000         2576         2879      0.92282 
   67     -5.00000         2514         2836      0.91664 
   68     -4.00000         2410         2728      0.91125 
   69     -3.00000         2321         2626      0.90358 
   70     -2.00000         2214         2508      0.90512 
   71     -1.00000         2115         2417      0.90865 
   72      0.00000         2000         2309      0.91483 
   73      1.00000         1846         2145      0.91706 
   74      2.00000         1709         1990      0.91322 
   75      3.00000         1575         1840      0.90600 
   76      4.00000         1484         1733      0.90270 
   77      5.00000         1372         1605      0.89553 
   78      6.00000         1211         1422      0.88568 
   79      7.00000          988         1198      0.86093 
   80      8.00000          632          745      0.73929 
   81      9.00000          608          660      0.70662 
   82     10.00000          569          556      0.65778 
   83     11.00000          490          414      0.56637 
   84     12.00000          360          223      0.33276 
   85     13.00000          338           60      0.16080 
   86     14.00000          476          138      0.28664 
   87     15.00000          604          204      0.34653 
   88     16.00000          700          250      0.37895 
   89     17.00000          783          283      0.40525 
   90     18.00000          919          432      0.55811 
   91     19.00000         1074          564      0.65690 
   92     20.00000         1233          683      0.69102 
   93     21.00000         1327          764      0.70875 
   94     22.00000         1411          833      0.72103 
   95     23.00000         1504          933      0.74354 
   96     24.00000         1565         1035      0.77154 
   97     25.00000         1628         1129      0.79507 
   98     26.00000         1623         1185      0.81980 
   99     27.00000         1619         1229      0.83919 
  100     28.00000         1718         1369      0.86557 
  101     29.00000         1747         1446      0.88569 
  102     30.00000         1765         1496      0.90340 
  103     31.00000         1750         1513      0.91511 
  104     32.00000         1744         1537      0.92533 
  105     33.00000         1717         1539      0.93489 
  106     34.00000         1626         1494      0.94487 
  107     35.00000         1555         1462      0.95260 
  108     36.00000         1460         1420      0.95833 
  109     37.00000         1400         1389      0.96092 
  110     38.00000         1304         1329      0.95936 
  111     39.00000         1192         1240      0.95477 
  112     40.00000         1066         1154      0.95225 
  113     41.00000          955         1054      0.94774 
  114     42.00000          859          961      0.94176 
  115     43.00000          782          891      0.93485 
  116     44.00000          698          790      0.93817 
  117     45.00000          612          701      0.93222 
  118     46.00000          495          577      0.92351 
  119     47.00000          365          437      0.91022 
  120     48.00000          221          269      0.90204 
  121     49.00000          131          166      0.88215 
  122     50.00000           71          103      0.81609 
  123     51.00000           16           36      0.61538 
  124     52.00000            0            3      0.00000 
  125     53.00000            0            0      0.00000 
  126     54.00000            0            0      0.00000 
  127     55.00000            0            0      0.00000 
  128     56.00000            0            0      0.00000 
  129     57.00000            0            0      0.00000 
  130     58.00000            0            0      0.00000 
  131     59.00000            0            0      0.00000 
  132     60.00000            0            0      0.00000 
  133     61.00000            0            0      0.00000 
  134     62.00000            0            0      0.00000 
  135     63.00000            0            0      0.00000 
  136     64.00000            0            0      0.00000 
  137     65.00000            0            0      0.00000 
  138     66.00000            0            0      0.00000 
  139     67.00000            0            0      0.00000 
  140     68.00000            0            0      0.00000 
  141     69.00000            0            0      0.00000 
  142     70.00000            0            0      0.00000 
  143     71.00000            0            0      0.00000 
  144     72.00000            0            0      0.00000 
  145     73.00000            0            0      0.00000 
  146     74.00000            0            0      0.00000 
  147     75.00000            0            0      0.00000 
  148     76.00000            0            0      0.00000 
  149     77.00000            0            0      0.00000 
  150     78.00000            0            0      0.00000 
  151     79.00000            0            0      0.00000 
  152     80.00000            0            0      0.00000 
  153     81.00000            0            0      0.00000 
  154     82.00000            0            0      0.00000 
  155     83.00000            0            0      0.00000 
  156     84.00000            0            0      0.00000 
  157     85.00000            0            0      0.00000 
  158     86.00000            0            0      0.00000 
