# 3dSliceNDice -insetA 9m_2min_s1_m2_binary+orig -insetB 9m_2min_s2_m2_binary+orig -prefix 9m_2min_split_m2_binary
    0    -72.00000            0            0      0.00000 
    1    -71.00000            0            0      0.00000 
    2    -70.00000            0            0      0.00000 
    3    -69.00000            0            0      0.00000 
    4    -68.00000            0            0      0.00000 
    5    -67.00000            0            0      0.00000 
    6    -66.00000            0            0      0.00000 
    7    -65.00000            0            0      0.00000 
    8    -64.00000            0            0      0.00000 
    9    -63.00000            0            0      0.00000 
   10    -62.00000            0            0      0.00000 
   11    -61.00000            0            0      0.00000 
   12    -60.00000            0            0      0.00000 
   13    -59.00000            0            0      0.00000 
   14    -58.00000            0            0      0.00000 
   15    -57.00000            0            0      0.00000 
   16    -56.00000            0            0      0.00000 
   17    -55.00000            0            0      0.00000 
   18    -54.00000            0            0      0.00000 
   19    -53.00000            0            0      0.00000 
   20    -52.00000            0            0      0.00000 
   21    -51.00000            6            6      1.00000 
   22    -50.00000          137          137      1.00000 
   23    -49.00000          681          681      1.00000 
   24    -48.00000         1101         1101      1.00000 
   25    -47.00000         1342         1342      1.00000 
   26    -46.00000         1600         1600      1.00000 
   27    -45.00000         1862         1862      1.00000 
   28    -44.00000         2076         2076      1.00000 
   29    -43.00000         2295         2293      0.99956 
   30    -42.00000         2469         2472      0.99777 
   31    -41.00000         2589         2597      0.99614 
   32    -40.00000         2697         2712      0.99390 
   33    -39.00000         2764         2794      0.99136 
   34    -38.00000         2834         2855      0.99068 
   35    -37.00000         2864         2907      0.98735 
   36    -36.00000         2902         2963      0.98414 
   37    -35.00000         2901         2991      0.98065 
   38    -34.00000         2872         2994      0.97613 
   39    -33.00000         2875         3016      0.97607 
   40    -32.00000         2857         3009      0.97409 
   41    -31.00000         2829         2989      0.97250 
   42    -30.00000         2780         2946      0.97101 
   43    -29.00000         2714         2886      0.96929 
   44    -28.00000         2710         2865      0.96753 
   45    -27.00000         2699         2833      0.96493 
   46    -26.00000         2731         2846      0.96181 
   47    -25.00000         2679         2765      0.95959 
   48    -24.00000         2555         2608      0.95991 
   49    -23.00000         2456         2446      0.96328 
   50    -22.00000         2332         2286      0.96925 
   51    -21.00000         2250         2199      0.96876 
   52    -20.00000         2143         2083      0.96971 
   53    -19.00000         1991         1924      0.97165 
   54    -18.00000         1823         1742      0.96662 
   55    -17.00000         1632         1559      0.92385 
   56    -16.00000         1545         1468      0.92200 
   57    -15.00000         1452         1361      0.91362 
   58    -14.00000         1307         1191      0.89351 
   59    -13.00000         1135         1023      0.87025 
   60    -12.00000         1041          881      0.84391 
   61    -11.00000         1026          815      0.80826 
   62    -10.00000          995          733      0.77199 
   63     -9.00000          916          611      0.72430 
   64     -8.00000          780          414      0.59296 
   65     -7.00000          504          216      0.37778 
   66     -6.00000          544          180      0.29282 
   67     -5.00000          580          140      0.21111 
   68     -4.00000          576           88      0.11446 
   69     -3.00000          564           32      0.01342 
   70     -2.00000          604           88      0.09249 
   71     -1.00000          672          185      0.20537 
   72      0.00000          740          261      0.27972 
   73      1.00000          764          318      0.33272 
   74      2.00000          788          366      0.37435 
   75      3.00000          820          495      0.41369 
   76      4.00000          840          629      0.41389 
   77      5.00000          850          740      0.41761 
   78      6.00000          811          815      0.42681 
   79      7.00000          763          873      0.43643 
   80      8.00000          736          939      0.45731 
   81      9.00000          738          958      0.47995 
   82     10.00000          754         1009      0.50369 
   83     11.00000          742         1033      0.53070 
   84     12.00000          727         1042      0.55285 
   85     13.00000          735         1056      0.57398 
   86     14.00000          727         1048      0.58930 
   87     15.00000          725         1031      0.60592 
   88     16.00000          689          996      0.61602 
   89     17.00000          674          977      0.62992 
   90     18.00000          621          924      0.64207 
   91     19.00000          579          865      0.66066 
   92     20.00000          521          800      0.67525 
   93     21.00000          437          700      0.69129 
   94     22.00000          331          568      0.71413 
   95     23.00000          216          396      0.70588 
   96     24.00000          180          329      0.70727 
   97     25.00000          140          257      0.70529 
   98     26.00000           88          165      0.69565 
   99     27.00000           32           62      0.68085 
  100     28.00000            0            0      0.00000 
  101     29.00000            0            0      0.00000 
  102     30.00000            0            0      0.00000 
  103     31.00000            0            0      0.00000 
  104     32.00000            0            0      0.00000 
  105     33.00000            0            0      0.00000 
  106     34.00000            0            0      0.00000 
  107     35.00000            0            0      0.00000 
  108     36.00000            0            0      0.00000 
  109     37.00000            0            0      0.00000 
  110     38.00000            0            0      0.00000 
  111     39.00000            0            0      0.00000 
  112     40.00000            0            0      0.00000 
  113     41.00000            0            0      0.00000 
  114     42.00000            0            0      0.00000 
  115     43.00000            0            0      0.00000 
  116     44.00000            0            0      0.00000 
  117     45.00000            0            0      0.00000 
  118     46.00000            0            0      0.00000 
  119     47.00000            0            0      0.00000 
  120     48.00000            0            0      0.00000 
  121     49.00000            0            0      0.00000 
  122     50.00000            0            0      0.00000 
  123     51.00000            0            0      0.00000 
  124     52.00000            0            0      0.00000 
  125     53.00000            0            0      0.00000 
  126     54.00000            0            0      0.00000 
  127     55.00000            0            0      0.00000 
  128     56.00000            0            0      0.00000 
  129     57.00000            0            0      0.00000 
  130     58.00000            0            0      0.00000 
  131     59.00000            0            0      0.00000 
  132     60.00000            0            0      0.00000 
  133     61.00000            0            0      0.00000 
  134     62.00000            0            0      0.00000 
  135     63.00000            0            0      0.00000 
  136     64.00000            0            0      0.00000 
  137     65.00000            0            0      0.00000 
  138     66.00000            0            0      0.00000 
  139     67.00000            0            0      0.00000 
  140     68.00000            0            0      0.00000 
  141     69.00000            0            0      0.00000 
  142     70.00000            0            0      0.00000 
  143     71.00000            0            0      0.00000 
  144     72.00000            0            0      0.00000 
  145     73.00000            0            0      0.00000 
  146     74.00000            0            0      0.00000 
  147     75.00000            0            0      0.00000 
  148     76.00000            0            0      0.00000 
  149     77.00000            0            0      0.00000 
  150     78.00000            0            0      0.00000 
  151     79.00000            0            0      0.00000 
  152     80.00000            0            0      0.00000 
  153     81.00000            0            0      0.00000 
  154     82.00000            0            0      0.00000 
  155     83.00000            0            0      0.00000 
  156     84.00000            0            0      0.00000 
  157     85.00000            0            0      0.00000 
  158     86.00000            0            0      0.00000 
