# 3dSliceNDice -insetA 9m_2min_s1_m5_binary+orig -insetB 9m_2min_s2_m5_binary+orig -prefix 9m_2min_split_m5_binary
    0     96.00000            0            0      0.00000 
    1     95.00000            0            0      0.00000 
    2     94.00000            0            0      0.00000 
    3     93.00000            0            0      0.00000 
    4     92.00000            0            0      0.00000 
    5     91.00000            0            0      0.00000 
    6     90.00000            0            0      0.00000 
    7     89.00000            0            0      0.00000 
    8     88.00000            0            0      0.00000 
    9     87.00000            0            0      0.00000 
   10     86.00000            0            0      0.00000 
   11     85.00000            0            0      0.00000 
   12     84.00000            0            0      0.00000 
   13     83.00000            0            0      0.00000 
   14     82.00000            0            0      0.00000 
   15     81.00000            0            0      0.00000 
   16     80.00000            0            0      0.00000 
   17     79.00000            0            0      0.00000 
   18     78.00000            0            0      0.00000 
   19     77.00000            0            0      0.00000 
   20     76.00000            0            0      0.00000 
   21     75.00000            0            0      0.00000 
   22     74.00000            0            0      0.00000 
   23     73.00000            0            0      0.00000 
   24     72.00000            0            0      0.00000 
   25     71.00000            0            0      0.00000 
   26     70.00000            0            0      0.00000 
   27     69.00000            0            0      0.00000 
   28     68.00000            0            0      0.00000 
   29     67.00000            0            0      0.00000 
   30     66.00000            0            0      0.00000 
   31     65.00000            0            0      0.00000 
   32     64.00000            0            0      0.00000 
   33     63.00000            0            0      0.00000 
   34     62.00000            0            0      0.00000 
   35     61.00000            0            0      0.00000 
   36     60.00000            0            0      0.00000 
   37     59.00000            0            0      0.00000 
   38     58.00000            0            0      0.00000 
   39     57.00000            0            0      0.00000 
   40     56.00000            0            0      0.00000 
   41     55.00000            0            0      0.00000 
   42     54.00000            0            4      0.00000 
   43     53.00000            0           40      0.00000 
   44     52.00000            0           85      0.00000 
   45     51.00000            0          113      0.00000 
   46     50.00000            0          157      0.00000 
   47     49.00000            0          215      0.00000 
   48     48.00000            0          276      0.00000 
   49     47.00000            0          308      0.00000 
   50     46.00000            0          305      0.00000 
   51     45.00000            0          300      0.00000 
   52     44.00000           39          283      0.04348 
   53     43.00000           77          279      0.12921 
   54     42.00000          117          277      0.30964 
   55     41.00000          161          304      0.52903 
   56     40.00000          230          350      0.68966 
   57     39.00000          275          365      0.79062 
   58     38.00000          313          366      0.87482 
   59     37.00000          352          397      0.92390 
   60     36.00000          393          455      0.92689 
   61     35.00000          468          548      0.92126 
   62     34.00000          537          619      0.92907 
   63     33.00000          587          666      0.93695 
   64     32.00000          647          724      0.94384 
   65     31.00000          695          761      0.94093 
   66     30.00000          750          805      0.94019 
   67     29.00000          796          840      0.93643 
   68     28.00000          846          880      0.93743 
   69     27.00000          956          988      0.87551 
   70     26.00000         1075         1138      0.82784 
   71     25.00000         1175         1274      0.81584 
   72     24.00000         1252         1373      0.81295 
   73     23.00000         1315         1448      0.81216 
   74     22.00000         1387         1568      0.80677 
   75     21.00000         1446         1648      0.80478 
   76     20.00000         1519         1740      0.80945 
   77     19.00000         1581         1795      0.81517 
   78     18.00000         1633         1834      0.82088 
   79     17.00000         2038         2161      0.82972 
   80     16.00000         2301         2375      0.84260 
   81     15.00000         2509         2525      0.85658 
   82     14.00000         2648         2616      0.86664 
   83     13.00000         2773         2697      0.87422 
   84     12.00000         2880         2760      0.88191 
   85     11.00000         2924         2789      0.88745 
   86     10.00000         2993         2860      0.89663 
   87      9.00000         2999         2875      0.90364 
   88      8.00000         3024         2889      0.90851 
   89      7.00000         3048         2939      0.91431 
   90      6.00000         3015         2945      0.92114 
   91      5.00000         2985         2951      0.92588 
   92      4.00000         2914         2888      0.93037 
   93      3.00000         2830         2826      0.94130 
   94      2.00000         2709         2700      0.95101 
   95      1.00000         2600         2575      0.94841 
   96      0.00000         2511         2462      0.94551 
   97     -1.00000         2448         2354      0.94127 
   98     -2.00000         2421         2286      0.93010 
   99     -3.00000         2374         2208      0.92056 
  100     -4.00000         2350         2178      0.91299 
  101     -5.00000         2292         2103      0.90557 
  102     -6.00000         2210         2013      0.89557 
  103     -7.00000         2110         1917      0.88205 
  104     -8.00000         2006         1820      0.87245 
  105     -9.00000         1934         1735      0.87326 
  106    -10.00000         1840         1621      0.87085 
  107    -11.00000         1697         1506      0.88167 
  108    -12.00000         1493         1329      0.90220 
  109    -13.00000         1257         1101      0.93384 
  110    -14.00000         1224         1089      0.94163 
  111    -15.00000         1188         1085      0.95469 
  112    -16.00000         1140         1080      0.97297 
  113    -17.00000         1113         1084      0.98680 
  114    -18.00000         1093         1263      0.91596 
  115    -19.00000         1074         1476      0.83529 
  116    -20.00000         1049         1625      0.78235 
  117    -21.00000         1039         1740      0.74271 
  118    -22.00000         1043         1841      0.71082 
  119    -23.00000         1076         1941      0.69407 
  120    -24.00000         1123         1990      0.69836 
  121    -25.00000         1160         2042      0.69956 
  122    -26.00000         1156         2027      0.70311 
  123    -27.00000         1159         2025      0.70226 
  124    -28.00000         1148         1985      0.71050 
  125    -29.00000         1144         1911      0.72602 
  126    -30.00000         1140         1852      0.74198 
  127    -31.00000         1112         1803      0.75129 
  128    -32.00000         1094         1777      0.76210 
  129    -33.00000         1094         1738      0.77260 
  130    -34.00000         1081         1689      0.78051 
  131    -35.00000         1077         1626      0.78579 
  132    -36.00000         1017         1516      0.78247 
  133    -37.00000          982         1434      0.78146 
  134    -38.00000          931         1322      0.77408 
  135    -39.00000          885         1221      0.75783 
  136    -40.00000          831         1089      0.73958 
  137    -41.00000          745          916      0.70680 
  138    -42.00000          682          786      0.67711 
  139    -43.00000          643          643      0.59098 
  140    -44.00000          657          582      0.51977 
  141    -45.00000          675          519      0.44389 
  142    -46.00000          670          433      0.35358 
  143    -47.00000          680          336      0.26181 
  144    -48.00000          682          216      0.11581 
  145    -49.00000          670          180      0.07765 
  146    -50.00000          651          140      0.03287 
  147    -51.00000          558           88      0.00000 
  148    -52.00000          469           32      0.00000 
  149    -53.00000          365            0      0.00000 
  150    -54.00000          259            0      0.00000 
  151    -55.00000          162            0      0.00000 
  152    -56.00000           98            0      0.00000 
  153    -57.00000           47            0      0.00000 
  154    -58.00000            0            0      0.00000 
  155    -59.00000            0            0      0.00000 
  156    -60.00000            0            0      0.00000 
  157    -61.00000            0            0      0.00000 
  158    -62.00000            0            0      0.00000 
  159    -63.00000            0            0      0.00000 
  160    -64.00000            0            0      0.00000 
  161    -65.00000            0            0      0.00000 
  162    -66.00000            0            0      0.00000 
  163    -67.00000            0            0      0.00000 
  164    -68.00000            0            0      0.00000 
  165    -69.00000            0            0      0.00000 
  166    -70.00000            0            0      0.00000 
  167    -71.00000            0            0      0.00000 
  168    -72.00000            0            0      0.00000 
  169    -73.00000            0            0      0.00000 
  170    -74.00000            0            0      0.00000 
  171    -75.00000            0            0      0.00000 
  172    -76.00000            0            0      0.00000 
  173    -77.00000            0            0      0.00000 
  174    -78.00000            0            0      0.00000 
  175    -79.00000            0            0      0.00000 
  176    -80.00000            0            0      0.00000 
  177    -81.00000            0            0      0.00000 
  178    -82.00000            0            0      0.00000 
  179    -83.00000            0            0      0.00000 
  180    -84.00000            0            0      0.00000 
  181    -85.00000            0            0      0.00000 
  182    -86.00000            0            0      0.00000 
  183    -87.00000            0            0      0.00000 
  184    -88.00000            0            0      0.00000 
  185    -89.00000            0            0      0.00000 
  186    -90.00000            0            0      0.00000 
  187    -91.00000            0            0      0.00000 
  188    -92.00000            0            0      0.00000 
  189    -93.00000            0            0      0.00000 
  190    -94.00000            0            0      0.00000 
  191    -95.00000            0            0      0.00000 
  192    -96.00000            0            0      0.00000 
  193    -97.00000            0            0      0.00000 
  194    -98.00000            0            0      0.00000 
