# 3dSliceNDice -insetA 9m_2min_s1_m3_binary+orig -insetB 9m_2min_s2_m3_binary+orig -prefix 9m_2min_split_m3_binary
    0     96.00000            0            0      0.00000 
    1     95.00000            0            0      0.00000 
    2     94.00000            0            0      0.00000 
    3     93.00000            0            0      0.00000 
    4     92.00000            0            0      0.00000 
    5     91.00000            0            0      0.00000 
    6     90.00000            0            0      0.00000 
    7     89.00000            0            0      0.00000 
    8     88.00000            0            0      0.00000 
    9     87.00000            0            0      0.00000 
   10     86.00000            0            0      0.00000 
   11     85.00000            0            0      0.00000 
   12     84.00000            0            0      0.00000 
   13     83.00000            0            0      0.00000 
   14     82.00000            0            0      0.00000 
   15     81.00000            0            0      0.00000 
   16     80.00000            0            0      0.00000 
   17     79.00000            0            0      0.00000 
   18     78.00000            0            0      0.00000 
   19     77.00000            0            0      0.00000 
   20     76.00000            0            0      0.00000 
   21     75.00000            0            0      0.00000 
   22     74.00000            0            0      0.00000 
   23     73.00000            0            0      0.00000 
   24     72.00000            0            0      0.00000 
   25     71.00000            0            0      0.00000 
   26     70.00000            0            0      0.00000 
   27     69.00000            0            0      0.00000 
   28     68.00000            0            0      0.00000 
   29     67.00000            0            0      0.00000 
   30     66.00000            0            0      0.00000 
   31     65.00000            0            0      0.00000 
   32     64.00000            0            0      0.00000 
   33     63.00000            0            0      0.00000 
   34     62.00000            0            0      0.00000 
   35     61.00000            0            0      0.00000 
   36     60.00000            0            0      0.00000 
   37     59.00000            0            0      0.00000 
   38     58.00000            0            0      0.00000 
   39     57.00000            0            0      0.00000 
   40     56.00000            0            0      0.00000 
   41     55.00000            0            0      0.00000 
   42     54.00000            0            0      0.00000 
   43     53.00000            0            0      0.00000 
   44     52.00000            0            0      0.00000 
   45     51.00000            0            0      0.00000 
   46     50.00000            0            0      0.00000 
   47     49.00000            0            0      0.00000 
   48     48.00000            0            0      0.00000 
   49     47.00000            0            0      0.00000 
   50     46.00000            0            0      0.00000 
   51     45.00000            0            0      0.00000 
   52     44.00000            0            0      0.00000 
   53     43.00000            0            0      0.00000 
   54     42.00000            0            0      0.00000 
   55     41.00000            0            0      0.00000 
   56     40.00000            0            0      0.00000 
   57     39.00000            0            0      0.00000 
   58     38.00000            0            0      0.00000 
   59     37.00000           60           32      0.69565 
   60     36.00000          138           88      0.77876 
   61     35.00000          204          140      0.81395 
   62     34.00000          254          180      0.82949 
   63     33.00000          296          216      0.84375 
   64     32.00000          383          298      0.79295 
   65     31.00000          488          421      0.81628 
   66     30.00000          602          545      0.83871 
   67     29.00000          681          633      0.85540 
   68     28.00000          750          707      0.87165 
   69     27.00000          858          832      0.91361 
   70     26.00000          956          952      0.93082 
   71     25.00000         1078         1105      0.91525 
   72     24.00000         1175         1227      0.90924 
   73     23.00000         1256         1325      0.91127 
   74     22.00000         1504         1519      0.94608 
   75     21.00000         1683         1699      0.95269 
   76     20.00000         1856         1854      0.96011 
   77     19.00000         1981         1962      0.96120 
   78     18.00000         2071         2042      0.96280 
   79     17.00000         2471         2349      0.94025 
   80     16.00000         2743         2580      0.93556 
   81     15.00000         2958         2805      0.94118 
   82     14.00000         3095         2959      0.94384 
   83     13.00000         3226         3097      0.94575 
   84     12.00000         3348         3227      0.94479 
   85     11.00000         3439         3279      0.93897 
   86     10.00000         3545         3355      0.93536 
   87      9.00000         3621         3408      0.93271 
   88      8.00000         3710         3470      0.93008 
   89      7.00000         3809         3533      0.92945 
   90      6.00000         3830         3542      0.93001 
   91      5.00000         3856         3535      0.92924 
   92      4.00000         3829         3507      0.92884 
   93      3.00000         3785         3465      0.92910 
   94      2.00000         3709         3391      0.92789 
   95      1.00000         3596         3287      0.92518 
   96      0.00000         3529         3232      0.92324 
   97     -1.00000         3503         3239      0.92228 
   98     -2.00000         3536         3293      0.92224 
   99     -3.00000         3482         3291      0.92012 
  100     -4.00000         3429         3264      0.91797 
  101     -5.00000         3347         3236      0.91782 
  102     -6.00000         3195         3145      0.91703 
  103     -7.00000         3037         3046      0.91041 
  104     -8.00000         2854         2929      0.90368 
  105     -9.00000         2736         2843      0.89084 
  106    -10.00000         2581         2708      0.87881 
  107    -11.00000         2346         2553      0.86181 
  108    -12.00000         2009         2379      0.83774 
  109    -13.00000         1726         2239      0.86204 
  110    -14.00000         1794         2241      0.87881 
  111    -15.00000         1815         2242      0.88341 
  112    -16.00000         1786         2180      0.88351 
  113    -17.00000         1778         2089      0.89165 
  114    -18.00000         1768         1997      0.90305 
  115    -19.00000         1714         1912      0.90623 
  116    -20.00000         1655         1816      0.90982 
  117    -21.00000         1535         1650      0.90235 
  118    -22.00000         1374         1436      0.86690 
  119    -23.00000         1199         1216      0.80911 
  120    -24.00000         1108         1137      0.80000 
  121    -25.00000          974         1035      0.78845 
  122    -26.00000          815          903      0.75669 
  123    -27.00000          580          754      0.68966 
  124    -28.00000          443          709      0.71181 
  125    -29.00000          483          795      0.71205 
  126    -30.00000          513          852      0.71648 
  127    -31.00000          519          865      0.71965 
  128    -32.00000          522          846      0.74561 
  129    -33.00000          590          839      0.77397 
  130    -34.00000          681          881      0.78105 
  131    -35.00000          749          919      0.79137 
  132    -36.00000          787          919      0.80188 
  133    -37.00000          820          938      0.80205 
  134    -38.00000          842          926      0.81335 
  135    -39.00000          839          892      0.81802 
  136    -40.00000          831          852      0.82709 
  137    -41.00000          789          793      0.82680 
  138    -42.00000          733          712      0.82215 
  139    -43.00000          673          631      0.81902 
  140    -44.00000          606          544      0.81913 
  141    -45.00000          544          470      0.80671 
  142    -46.00000          467          399      0.77136 
  143    -47.00000          391          317      0.73729 
  144    -48.00000          320          237      0.69300 
  145    -49.00000          255          157      0.65049 
  146    -50.00000          195           82      0.57040 
  147    -51.00000          135           32      0.38323 
  148    -52.00000           90            5      0.10526 
  149    -53.00000           54            0      0.00000 
  150    -54.00000           25            0      0.00000 
  151    -55.00000            2            0      0.00000 
  152    -56.00000            0            0      0.00000 
  153    -57.00000            0            0      0.00000 
  154    -58.00000            0            0      0.00000 
  155    -59.00000            0            0      0.00000 
  156    -60.00000            0            0      0.00000 
  157    -61.00000            0            0      0.00000 
  158    -62.00000            0            0      0.00000 
  159    -63.00000            0            0      0.00000 
  160    -64.00000            0            0      0.00000 
  161    -65.00000            0            0      0.00000 
  162    -66.00000            0            0      0.00000 
  163    -67.00000            0            0      0.00000 
  164    -68.00000            0            0      0.00000 
  165    -69.00000            0            0      0.00000 
  166    -70.00000            0            0      0.00000 
  167    -71.00000            0            0      0.00000 
  168    -72.00000            0            0      0.00000 
  169    -73.00000            0            0      0.00000 
  170    -74.00000            0            0      0.00000 
  171    -75.00000            0            0      0.00000 
  172    -76.00000            0            0      0.00000 
  173    -77.00000            0            0      0.00000 
  174    -78.00000            0            0      0.00000 
  175    -79.00000            0            0      0.00000 
  176    -80.00000            0            0      0.00000 
  177    -81.00000            0            0      0.00000 
  178    -82.00000            0            0      0.00000 
  179    -83.00000            0            0      0.00000 
  180    -84.00000            0            0      0.00000 
  181    -85.00000            0            0      0.00000 
  182    -86.00000            0            0      0.00000 
  183    -87.00000            0            0      0.00000 
  184    -88.00000            0            0      0.00000 
  185    -89.00000            0            0      0.00000 
  186    -90.00000            0            0      0.00000 
  187    -91.00000            0            0      0.00000 
  188    -92.00000            0            0      0.00000 
  189    -93.00000            0            0      0.00000 
  190    -94.00000            0            0      0.00000 
  191    -95.00000            0            0      0.00000 
  192    -96.00000            0            0      0.00000 
  193    -97.00000            0            0      0.00000 
  194    -98.00000            0            0      0.00000 
