# 3dSliceNDice -insetA 9m_2min_s1_m5_binary+orig -insetB 9m_2min_s2_m5_binary+orig -prefix 9m_2min_split_m5_binary
    0    -72.00000            0            0      0.00000 
    1    -71.00000            0            0      0.00000 
    2    -70.00000            0            0      0.00000 
    3    -69.00000            0            0      0.00000 
    4    -68.00000            0            0      0.00000 
    5    -67.00000            0            0      0.00000 
    6    -66.00000            0            0      0.00000 
    7    -65.00000            0            0      0.00000 
    8    -64.00000            0            0      0.00000 
    9    -63.00000            0            0      0.00000 
   10    -62.00000            0            0      0.00000 
   11    -61.00000            0            0      0.00000 
   12    -60.00000            0            0      0.00000 
   13    -59.00000            0            0      0.00000 
   14    -58.00000            0            0      0.00000 
   15    -57.00000            0            0      0.00000 
   16    -56.00000            0            0      0.00000 
   17    -55.00000            0            0      0.00000 
   18    -54.00000            0            0      0.00000 
   19    -53.00000            0            0      0.00000 
   20    -52.00000            0            0      0.00000 
   21    -51.00000            6            6      1.00000 
   22    -50.00000          137          137      1.00000 
   23    -49.00000          681          681      1.00000 
   24    -48.00000         1101         1101      1.00000 
   25    -47.00000         1342         1342      1.00000 
   26    -46.00000         1600         1600      1.00000 
   27    -45.00000         1862         1862      1.00000 
   28    -44.00000         2076         2076      1.00000 
   29    -43.00000         2295         2294      0.99978 
   30    -42.00000         2469         2473      0.99555 
   31    -41.00000         2589         2601      0.99191 
   32    -40.00000         2697         2718      0.98947 
   33    -39.00000         2764         2800      0.98850 
   34    -38.00000         2834         2874      0.98704 
   35    -37.00000         2867         2929      0.98378 
   36    -36.00000         2923         3004      0.98093 
   37    -35.00000         2957         3054      0.97821 
   38    -34.00000         2963         3075      0.97284 
   39    -33.00000         2992         3100      0.97209 
   40    -32.00000         2996         3082      0.96808 
   41    -31.00000         2984         3050      0.96719 
   42    -30.00000         2944         2989      0.96545 
   43    -29.00000         2879         2899      0.96262 
   44    -28.00000         2803         2857      0.95866 
   45    -27.00000         2719         2785      0.95930 
   46    -26.00000         2723         2787      0.95898 
   47    -25.00000         2642         2696      0.95804 
   48    -24.00000         2478         2521      0.95619 
   49    -23.00000         2255         2252      0.94475 
   50    -22.00000         2025         1898      0.93602 
   51    -21.00000         1929         1792      0.92878 
   52    -20.00000         1797         1645      0.92040 
   53    -19.00000         1615         1434      0.90194 
   54    -18.00000         1330         1064      0.83208 
   55    -17.00000          709          216      0.46703 
   56    -16.00000          649          180      0.43426 
   57    -15.00000          577          140      0.39052 
   58    -14.00000          454           88      0.32472 
   59    -13.00000          272           32      0.21053 
   60    -12.00000            0            0      0.00000 
   61    -11.00000            0            0      0.00000 
   62    -10.00000            0            0      0.00000 
   63     -9.00000            0            0      0.00000 
   64     -8.00000            0            0      0.00000 
   65     -7.00000            0            0      0.00000 
   66     -6.00000            0            0      0.00000 
   67     -5.00000            0            0      0.00000 
   68     -4.00000            0            0      0.00000 
   69     -3.00000            0            0      0.00000 
   70     -2.00000          168           64      0.31034 
   71     -1.00000          307          176      0.52174 
   72      0.00000          407          268      0.60444 
   73      1.00000          481          332      0.63469 
   74      2.00000          541          386      0.66019 
   75      3.00000          697          649      0.61664 
   76      4.00000          829          943      0.59819 
   77      5.00000          958         1196      0.58310 
   78      6.00000         1044         1377      0.57662 
   79      7.00000         1116         1524      0.57273 
   80      8.00000         1293         1723      0.59151 
   81      9.00000         1483         1839      0.60626 
   82     10.00000         1669         1998      0.61740 
   83     11.00000         1768         2088      0.62759 
   84     12.00000         1856         2166      0.63600 
   85     13.00000         1972         2269      0.64466 
   86     14.00000         2082         2345      0.67179 
   87     15.00000         2206         2444      0.69376 
   88     16.00000         2267         2481      0.70809 
   89     17.00000         2335         2518      0.72244 
   90     18.00000         2373         2529      0.73399 
   91     19.00000         2377         2510      0.74811 
   92     20.00000         2402         2499      0.75740 
   93     21.00000         2363         2436      0.76433 
   94     22.00000         2332         2391      0.77324 
   95     23.00000         2278         2320      0.78382 
   96     24.00000         2200         2244      0.78668 
   97     25.00000         2125         2179      0.79833 
   98     26.00000         1979         2053      0.81101 
   99     27.00000         1870         1964      0.82994 
  100     28.00000         1704         1855      0.83057 
  101     29.00000         1553         1779      0.80792 
  102     30.00000         1386         1685      0.77499 
  103     31.00000         1160         1528      0.72619 
  104     32.00000          916         1368      0.67776 
  105     33.00000          680         1128      0.66150 
  106     34.00000          580         1084      0.61058 
  107     35.00000          474         1042      0.54222 
  108     36.00000          332          937      0.43656 
  109     37.00000          143          795      0.23454 
  110     38.00000            0          666      0.00000 
  111     39.00000            0          640      0.00000 
  112     40.00000            0          618      0.00000 
  113     41.00000            0          561      0.00000 
  114     42.00000            0          502      0.00000 
  115     43.00000            0          448      0.00000 
  116     44.00000            0          413      0.00000 
  117     45.00000            0          367      0.00000 
  118     46.00000            0          310      0.00000 
  119     47.00000            0          266      0.00000 
  120     48.00000            0          224      0.00000 
  121     49.00000            0          182      0.00000 
  122     50.00000            0          133      0.00000 
  123     51.00000            0           73      0.00000 
  124     52.00000            0           25      0.00000 
  125     53.00000            0            0      0.00000 
  126     54.00000            0            0      0.00000 
  127     55.00000            0            0      0.00000 
  128     56.00000            0            0      0.00000 
  129     57.00000            0            0      0.00000 
  130     58.00000            0            0      0.00000 
  131     59.00000            0            0      0.00000 
  132     60.00000            0            0      0.00000 
  133     61.00000            0            0      0.00000 
  134     62.00000            0            0      0.00000 
  135     63.00000            0            0      0.00000 
  136     64.00000            0            0      0.00000 
  137     65.00000            0            0      0.00000 
  138     66.00000            0            0      0.00000 
  139     67.00000            0            0      0.00000 
  140     68.00000            0            0      0.00000 
  141     69.00000            0            0      0.00000 
  142     70.00000            0            0      0.00000 
  143     71.00000            0            0      0.00000 
  144     72.00000            0            0      0.00000 
  145     73.00000            0            0      0.00000 
  146     74.00000            0            0      0.00000 
  147     75.00000            0            0      0.00000 
  148     76.00000            0            0      0.00000 
  149     77.00000            0            0      0.00000 
  150     78.00000            0            0      0.00000 
  151     79.00000            0            0      0.00000 
  152     80.00000            0            0      0.00000 
  153     81.00000            0            0      0.00000 
  154     82.00000            0            0      0.00000 
  155     83.00000            0            0      0.00000 
  156     84.00000            0            0      0.00000 
  157     85.00000            0            0      0.00000 
  158     86.00000            0            0      0.00000 
