# 3dSliceNDice -insetA 9m_3min_s1_m1_binary+orig -insetB 9m_3min_s2_m1_binary+orig -prefix 9m_3min_split_m1_binary
    0    -72.00000            0            0      0.00000 
    1    -71.00000            0            0      0.00000 
    2    -70.00000            0            0      0.00000 
    3    -69.00000            0            0      0.00000 
    4    -68.00000            0            0      0.00000 
    5    -67.00000            0            0      0.00000 
    6    -66.00000            0            0      0.00000 
    7    -65.00000            0            0      0.00000 
    8    -64.00000            0            0      0.00000 
    9    -63.00000            0            0      0.00000 
   10    -62.00000            0            0      0.00000 
   11    -61.00000            0            0      0.00000 
   12    -60.00000            0            0      0.00000 
   13    -59.00000            0            0      0.00000 
   14    -58.00000            0            0      0.00000 
   15    -57.00000            0            0      0.00000 
   16    -56.00000            0            0      0.00000 
   17    -55.00000            0            0      0.00000 
   18    -54.00000            0            0      0.00000 
   19    -53.00000            0            0      0.00000 
   20    -52.00000            0            0      0.00000 
   21    -51.00000            0            0      0.00000 
   22    -50.00000            0            0      0.00000 
   23    -49.00000            0            0      0.00000 
   24    -48.00000            0            0      0.00000 
   25    -47.00000            0            0      0.00000 
   26    -46.00000            0            0      0.00000 
   27    -45.00000            0            0      0.00000 
   28    -44.00000            0            0      0.00000 
   29    -43.00000            0            0      0.00000 
   30    -42.00000            0            0      0.00000 
   31    -41.00000            0            0      0.00000 
   32    -40.00000            0            0      0.00000 
   33    -39.00000            0            0      0.00000 
   34    -38.00000            0            0      0.00000 
   35    -37.00000            0            0      0.00000 
   36    -36.00000            0            0      0.00000 
   37    -35.00000            0            0      0.00000 
   38    -34.00000            0            0      0.00000 
   39    -33.00000            0            0      0.00000 
   40    -32.00000          366          262      0.83439 
   41    -31.00000          690          514      0.85382 
   42    -30.00000          878          697      0.88508 
   43    -29.00000         1024          840      0.90129 
   44    -28.00000         1167          981      0.91341 
   45    -27.00000         1314         1112      0.91674 
   46    -26.00000         1403         1189      0.91744 
   47    -25.00000         1518         1301      0.92302 
   48    -24.00000         1580         1366      0.92736 
   49    -23.00000         1661         1450      0.93218 
   50    -22.00000         1838         1585      0.92609 
   51    -21.00000         2083         1823      0.93344 
   52    -20.00000         2530         2222      0.93519 
   53    -19.00000         2898         2529      0.93201 
   54    -18.00000         3219         2793      0.92914 
   55    -17.00000         3772         3365      0.92504 
   56    -16.00000         4181         3800      0.92019 
   57    -15.00000         4591         4211      0.92047 
   58    -14.00000         4736         4348      0.91678 
   59    -13.00000         4778         4402      0.91481 
   60    -12.00000         4965         4535      0.91916 
   61    -11.00000         5039         4555      0.91745 
   62    -10.00000         5060         4548      0.91424 
   63     -9.00000         4913         4384      0.90868 
   64     -8.00000         4585         4083      0.90240 
   65     -7.00000         4118         3683      0.89706 
   66     -6.00000         4128         3663      0.90001 
   67     -5.00000         4181         3688      0.89872 
   68     -4.00000         4179         3693      0.89888 
   69     -3.00000         4189         3699      0.89959 
   70     -2.00000         4192         3676      0.89934 
   71     -1.00000         4161         3631      0.89759 
   72      0.00000         4088         3575      0.89808 
   73      1.00000         3924         3456      0.89404 
   74      2.00000         3714         3323      0.88902 
   75      3.00000         3520         3183      0.86737 
   76      4.00000         3490         3098      0.84942 
   77      5.00000         3416         2998      0.83224 
   78      6.00000         3274         2852      0.81619 
   79      7.00000         3146         2715      0.79918 
   80      8.00000         3058         2603      0.78926 
   81      9.00000         3126         2666      0.79627 
   82     10.00000         3169         2716      0.80612 
   83     11.00000         3105         2681      0.81334 
   84     12.00000         2982         2610      0.82117 
   85     13.00000         3023         2812      0.79966 
   86     14.00000         3237         3027      0.79757 
   87     15.00000         3428         3193      0.79384 
   88     16.00000         3496         3264      0.78876 
   89     17.00000         3523         3274      0.78682 
   90     18.00000         3726         3420      0.79289 
   91     19.00000         3884         3546      0.80000 
   92     20.00000         4034         3656      0.80598 
   93     21.00000         4043         3657      0.81143 
   94     22.00000         4054         3665      0.81306 
   95     23.00000         4032         3638      0.80860 
   96     24.00000         3938         3558      0.80550 
   97     25.00000         3835         3519      0.80528 
   98     26.00000         3573         3373      0.80276 
   99     27.00000         3291         3204      0.80523 
  100     28.00000         3040         3036      0.81501 
  101     29.00000         2890         2895      0.81694 
  102     30.00000         2735         2756      0.82499 
  103     31.00000         2535         2558      0.83998 
  104     32.00000         2371         2366      0.86384 
  105     33.00000         2211         2163      0.89620 
  106     34.00000         2027         1990      0.90515 
  107     35.00000         1857         1834      0.91574 
  108     36.00000         1639         1644      0.93268 
  109     37.00000         1447         1482      0.95596 
  110     38.00000         1256         1296      0.97179 
  111     39.00000         1115         1149      0.96820 
  112     40.00000         1018         1026      0.95890 
  113     41.00000          951          932      0.95380 
  114     42.00000          896          867      0.94611 
  115     43.00000          827          740      0.91257 
  116     44.00000          773          614      0.85652 
  117     45.00000          721          492      0.78978 
  118     46.00000          624          340      0.69295 
  119     47.00000          552          221      0.56662 
  120     48.00000          534          147      0.43172 
  121     49.00000          506           90      0.30201 
  122     50.00000          503           57      0.20357 
  123     51.00000          474           23      0.09256 
  124     52.00000          440            0      0.00000 
  125     53.00000          377            0      0.00000 
  126     54.00000          246            0      0.00000 
  127     55.00000          158            0      0.00000 
  128     56.00000           85            0      0.00000 
  129     57.00000           61            0      0.00000 
  130     58.00000           16            0      0.00000 
  131     59.00000            0            0      0.00000 
  132     60.00000            0            0      0.00000 
  133     61.00000            0            0      0.00000 
  134     62.00000            0            0      0.00000 
  135     63.00000            0            0      0.00000 
  136     64.00000            0            0      0.00000 
  137     65.00000            0            0      0.00000 
  138     66.00000            0            0      0.00000 
  139     67.00000            0            0      0.00000 
  140     68.00000            0            0      0.00000 
  141     69.00000            0            0      0.00000 
  142     70.00000            0            0      0.00000 
  143     71.00000            0            0      0.00000 
  144     72.00000            0            0      0.00000 
  145     73.00000            0            0      0.00000 
  146     74.00000            0            0      0.00000 
  147     75.00000            0            0      0.00000 
  148     76.00000            0            0      0.00000 
  149     77.00000            0            0      0.00000 
  150     78.00000            0            0      0.00000 
  151     79.00000            0            0      0.00000 
  152     80.00000            0            0      0.00000 
  153     81.00000            0            0      0.00000 
  154     82.00000            0            0      0.00000 
  155     83.00000            0            0      0.00000 
  156     84.00000            0            0      0.00000 
  157     85.00000            0            0      0.00000 
  158     86.00000            0            0      0.00000 
