# 3dSliceNDice -insetA 9m_3min_s1_m1_binary+orig -insetB 9m_3min_s2_m1_binary+orig -prefix 9m_3min_split_m1_binary
    0     96.00000            0            0      0.00000 
    1     95.00000            0            0      0.00000 
    2     94.00000            0            0      0.00000 
    3     93.00000            0            0      0.00000 
    4     92.00000            0            0      0.00000 
    5     91.00000            0            0      0.00000 
    6     90.00000            0            0      0.00000 
    7     89.00000            0            0      0.00000 
    8     88.00000            0            0      0.00000 
    9     87.00000            0            0      0.00000 
   10     86.00000            0            0      0.00000 
   11     85.00000            0            0      0.00000 
   12     84.00000            0            0      0.00000 
   13     83.00000            0            0      0.00000 
   14     82.00000            0            0      0.00000 
   15     81.00000            0            0      0.00000 
   16     80.00000            0            0      0.00000 
   17     79.00000            0            0      0.00000 
   18     78.00000            0            0      0.00000 
   19     77.00000            0            0      0.00000 
   20     76.00000            0            0      0.00000 
   21     75.00000            0            0      0.00000 
   22     74.00000            0            0      0.00000 
   23     73.00000            0            0      0.00000 
   24     72.00000            0            0      0.00000 
   25     71.00000            0            0      0.00000 
   26     70.00000            0            0      0.00000 
   27     69.00000            0            0      0.00000 
   28     68.00000            0            0      0.00000 
   29     67.00000            0            0      0.00000 
   30     66.00000            0            0      0.00000 
   31     65.00000            0            0      0.00000 
   32     64.00000            0            0      0.00000 
   33     63.00000            0            0      0.00000 
   34     62.00000            0            0      0.00000 
   35     61.00000            0            0      0.00000 
   36     60.00000            0            0      0.00000 
   37     59.00000            0            0      0.00000 
   38     58.00000            0            0      0.00000 
   39     57.00000           32            0      0.00000 
   40     56.00000          116            0      0.00000 
   41     55.00000          229            0      0.00000 
   42     54.00000          334            0      0.00000 
   43     53.00000          451            0      0.00000 
   44     52.00000          556            3      0.01073 
   45     51.00000          653           36      0.10450 
   46     50.00000          746           80      0.19370 
   47     49.00000          791          122      0.26725 
   48     48.00000          833          158      0.31887 
   49     47.00000          870          199      0.37231 
   50     46.00000          895          225      0.40179 
   51     45.00000          952          283      0.45830 
   52     44.00000         1039          378      0.53352 
   53     43.00000         1168          494      0.59446 
   54     42.00000         1317          672      0.65158 
   55     41.00000         1493          919      0.70232 
   56     40.00000         1614         1115      0.73214 
   57     39.00000         1621         1220      0.75678 
   58     38.00000         1637         1363      0.78333 
   59     37.00000         1670         1489      0.79456 
   60     36.00000         1715         1604      0.78759 
   61     35.00000         1794         1786      0.77263 
   62     34.00000         1840         1920      0.76170 
   63     33.00000         1898         2048      0.75114 
   64     32.00000         2202         2267      0.80600 
   65     31.00000         2385         2448      0.84047 
   66     30.00000         2520         2611      0.86806 
   67     29.00000         2621         2735      0.89544 
   68     28.00000         2685         2845      0.91718 
   69     27.00000         2777         2904      0.93329 
   70     26.00000         2873         2942      0.93620 
   71     25.00000         3006         2991      0.94347 
   72     24.00000         3105         3031      0.94589 
   73     23.00000         3227         3114      0.94812 
   74     22.00000         3316         3171      0.94497 
   75     21.00000         3352         3196      0.94227 
   76     20.00000         3380         3206      0.93805 
   77     19.00000         3399         3224      0.93613 
   78     18.00000         3416         3262      0.93531 
   79     17.00000         3386         3264      0.93564 
   80     16.00000         3321         3241      0.93386 
   81     15.00000         3281         3239      0.93067 
   82     14.00000         3227         3213      0.92702 
   83     13.00000         3162         3177      0.92097 
   84     12.00000         3038         3037      0.90601 
   85     11.00000         2944         3010      0.90897 
   86     10.00000         2825         2959      0.90387 
   87      9.00000         2645         2847      0.90168 
   88      8.00000         2371         2632      0.89506 
   89      7.00000         2147         2309      0.91293 
   90      6.00000         2156         2271      0.89225 
   91      5.00000         2179         2232      0.87055 
   92      4.00000         2170         2118      0.86287 
   93      3.00000         2150         2030      0.85311 
   94      2.00000         2120         1925      0.84400 
   95      1.00000         2011         1771      0.83818 
   96      0.00000         1971         1670      0.82230 
   97     -1.00000         2002         1651      0.80975 
   98     -2.00000         2090         1704      0.80706 
   99     -3.00000         2200         1819      0.79373 
  100     -4.00000         2363         1971      0.80711 
  101     -5.00000         2520         2089      0.82664 
  102     -6.00000         2584         2183      0.85001 
  103     -7.00000         2654         2262      0.86168 
  104     -8.00000         2755         2355      0.86810 
  105     -9.00000         2833         2410      0.86019 
  106    -10.00000         2903         2489      0.86461 
  107    -11.00000         2932         2542      0.86591 
  108    -12.00000         2970         2630      0.86964 
  109    -13.00000         3099         2708      0.86379 
  110    -14.00000         3251         2770      0.85866 
  111    -15.00000         3394         2874      0.85960 
  112    -16.00000         3475         2937      0.86182 
  113    -17.00000         3538         2987      0.86835 
  114    -18.00000         3565         3037      0.87489 
  115    -19.00000         3515         3022      0.87716 
  116    -20.00000         3481         3028      0.88585 
  117    -21.00000         3417         2981      0.88496 
  118    -22.00000         3358         2939      0.88487 
  119    -23.00000         3264         2866      0.88385 
  120    -24.00000         3153         2803      0.88381 
  121    -25.00000         3056         2742      0.88513 
  122    -26.00000         2904         2643      0.88624 
  123    -27.00000         2747         2577      0.88956 
  124    -28.00000         2515         2403      0.89549 
  125    -29.00000         2410         2304      0.90157 
  126    -30.00000         2302         2217      0.91038 
  127    -31.00000         2143         2084      0.91885 
  128    -32.00000         2005         1983      0.93430 
  129    -33.00000         1902         1891      0.94015 
  130    -34.00000         1810         1795      0.93925 
  131    -35.00000         1713         1689      0.93768 
  132    -36.00000         1607         1578      0.93815 
  133    -37.00000         1488         1465      0.92855 
  134    -38.00000         1412         1369      0.90543 
  135    -39.00000         1367         1318      0.89236 
  136    -40.00000         1307         1253      0.87891 
  137    -41.00000         1201         1156      0.85532 
  138    -42.00000         1090         1038      0.82143 
  139    -43.00000          982          923      0.79055 
  140    -44.00000          896          844      0.77356 
  141    -45.00000          828          758      0.74905 
  142    -46.00000          730          633      0.71753 
  143    -47.00000          653          516      0.69290 
  144    -48.00000          611          453      0.67293 
  145    -49.00000          604          407      0.69238 
  146    -50.00000          604          367      0.71267 
  147    -51.00000          587          328      0.71475 
  148    -52.00000          580          316      0.70536 
  149    -53.00000          580          316      0.70536 
  150    -54.00000          568          308      0.70320 
  151    -55.00000          554          297      0.69800 
  152    -56.00000          520          268      0.68020 
  153    -57.00000          461          231      0.66763 
  154    -58.00000          227           95      0.59006 
  155    -59.00000           39            0      0.00000 
  156    -60.00000            0            0      0.00000 
  157    -61.00000            0            0      0.00000 
  158    -62.00000            0            0      0.00000 
  159    -63.00000            0            0      0.00000 
  160    -64.00000            0            0      0.00000 
  161    -65.00000            0            0      0.00000 
  162    -66.00000            0            0      0.00000 
  163    -67.00000            0            0      0.00000 
  164    -68.00000            0            0      0.00000 
  165    -69.00000            0            0      0.00000 
  166    -70.00000            0            0      0.00000 
  167    -71.00000            0            0      0.00000 
  168    -72.00000            0            0      0.00000 
  169    -73.00000            0            0      0.00000 
  170    -74.00000            0            0      0.00000 
  171    -75.00000            0            0      0.00000 
  172    -76.00000            0            0      0.00000 
  173    -77.00000            0            0      0.00000 
  174    -78.00000            0            0      0.00000 
  175    -79.00000            0            0      0.00000 
  176    -80.00000            0            0      0.00000 
  177    -81.00000            0            0      0.00000 
  178    -82.00000            0            0      0.00000 
  179    -83.00000            0            0      0.00000 
  180    -84.00000            0            0      0.00000 
  181    -85.00000            0            0      0.00000 
  182    -86.00000            0            0      0.00000 
  183    -87.00000            0            0      0.00000 
  184    -88.00000            0            0      0.00000 
  185    -89.00000            0            0      0.00000 
  186    -90.00000            0            0      0.00000 
  187    -91.00000            0            0      0.00000 
  188    -92.00000            0            0      0.00000 
  189    -93.00000            0            0      0.00000 
  190    -94.00000            0            0      0.00000 
  191    -95.00000            0            0      0.00000 
  192    -96.00000            0            0      0.00000 
  193    -97.00000            0            0      0.00000 
  194    -98.00000            0            0      0.00000 
