# 3dSliceNDice -insetA 9m_3min_s1_m2_binary+orig -insetB 9m_3min_s2_m2_binary+orig -prefix 9m_3min_split_m2_binary
    0    -72.00000            0            0      0.00000 
    1    -71.00000            0            0      0.00000 
    2    -70.00000            0            0      0.00000 
    3    -69.00000            0            0      0.00000 
    4    -68.00000            0            0      0.00000 
    5    -67.00000            0            0      0.00000 
    6    -66.00000            0            0      0.00000 
    7    -65.00000            0            0      0.00000 
    8    -64.00000            0            0      0.00000 
    9    -63.00000            0            0      0.00000 
   10    -62.00000            0            0      0.00000 
   11    -61.00000            0            0      0.00000 
   12    -60.00000            0            0      0.00000 
   13    -59.00000            0            0      0.00000 
   14    -58.00000            0            0      0.00000 
   15    -57.00000            0            0      0.00000 
   16    -56.00000            0            0      0.00000 
   17    -55.00000            0            0      0.00000 
   18    -54.00000            0            0      0.00000 
   19    -53.00000            0            0      0.00000 
   20    -52.00000            0            0      0.00000 
   21    -51.00000            6            6      1.00000 
   22    -50.00000          137          137      1.00000 
   23    -49.00000          681          681      1.00000 
   24    -48.00000         1101         1101      1.00000 
   25    -47.00000         1342         1342      1.00000 
   26    -46.00000         1595         1600      0.99844 
   27    -45.00000         1840         1861      0.99433 
   28    -44.00000         2035         2067      0.99220 
   29    -43.00000         2232         2273      0.99001 
   30    -42.00000         2397         2431      0.98757 
   31    -41.00000         2514         2543      0.98596 
   32    -40.00000         2622         2645      0.98538 
   33    -39.00000         2698         2718      0.98708 
   34    -38.00000         2766         2774      0.98520 
   35    -37.00000         2809         2805      0.98504 
   36    -36.00000         2864         2850      0.98460 
   37    -35.00000         2887         2861      0.98539 
   38    -34.00000         2895         2846      0.98450 
   39    -33.00000         2926         2862      0.98203 
   40    -32.00000         2941         2864      0.97537 
   41    -31.00000         2926         2846      0.97089 
   42    -30.00000         2891         2805      0.96664 
   43    -29.00000         2811         2753      0.96082 
   44    -28.00000         2760         2752      0.96263 
   45    -27.00000         2702         2767      0.96983 
   46    -26.00000         2711         2793      0.96802 
   47    -25.00000         2639         2738      0.96671 
   48    -24.00000         2502         2611      0.96499 
   49    -23.00000         2369         2466      0.96215 
   50    -22.00000         2253         2294      0.96283 
   51    -21.00000         2176         2199      0.96274 
   52    -20.00000         2084         2080      0.96446 
   53    -19.00000         1954         1922      0.96749 
   54    -18.00000         1819         1777      0.96719 
   55    -17.00000         1704         1650      0.96124 
   56    -16.00000         1607         1567      0.96093 
   57    -15.00000         1505         1485      0.96120 
   58    -14.00000         1345         1353      0.95552 
   59    -13.00000         1104         1187      0.91401 
   60    -12.00000          863         1048      0.79016 
   61    -11.00000          851         1020      0.76002 
   62    -10.00000          801          964      0.74108 
   63     -9.00000          705          856      0.70980 
   64     -8.00000          524          664      0.65320 
   65     -7.00000          277          256      0.62289 
   66     -6.00000          297          276      0.64921 
   67     -5.00000          314          300      0.66124 
   68     -4.00000          319          308      0.66667 
   69     -3.00000          330          316      0.67183 
   70     -2.00000          364          492      0.58178 
   71     -1.00000          409          678      0.54646 
   72      0.00000          476          814      0.53643 
   73      1.00000          533          887      0.53380 
   74      2.00000          584          951      0.53420 
   75      3.00000          750         1008      0.58817 
   76      4.00000          860         1023      0.60860 
   77      5.00000          948         1057      0.60948 
   78      6.00000          992         1043      0.60246 
   79      7.00000         1032         1019      0.58508 
   80      8.00000         1114         1013      0.56982 
   81      9.00000         1169         1008      0.56775 
   82     10.00000         1229         1010      0.57258 
   83     11.00000         1237          975      0.57505 
   84     12.00000         1236          947      0.58268 
   85     13.00000         1230          890      0.59151 
   86     14.00000         1195          828      0.60010 
   87     15.00000         1154          758      0.61088 
   88     16.00000         1063          678      0.63067 
   89     17.00000          986          610      0.67794 
   90     18.00000          888          552      0.68750 
   91     19.00000          817          529      0.68351 
   92     20.00000          730          496      0.65742 
   93     21.00000          618          441      0.59679 
   94     22.00000          441          359      0.43250 
   95     23.00000          224          216      0.00000 
   96     24.00000          206          180      0.00000 
   97     25.00000          190          140      0.00000 
   98     26.00000          167           88      0.00000 
   99     27.00000          149           32      0.00000 
  100     28.00000          118            0      0.00000 
  101     29.00000           87            0      0.00000 
  102     30.00000           52            0      0.00000 
  103     31.00000           23            0      0.00000 
  104     32.00000            5            0      0.00000 
  105     33.00000            0            0      0.00000 
  106     34.00000            0            0      0.00000 
  107     35.00000            0            0      0.00000 
  108     36.00000            0            0      0.00000 
  109     37.00000            0            0      0.00000 
  110     38.00000            0            0      0.00000 
  111     39.00000            0            0      0.00000 
  112     40.00000            0            0      0.00000 
  113     41.00000            0            0      0.00000 
  114     42.00000            0            0      0.00000 
  115     43.00000            0            0      0.00000 
  116     44.00000            0            0      0.00000 
  117     45.00000            0            0      0.00000 
  118     46.00000            0            0      0.00000 
  119     47.00000            0            0      0.00000 
  120     48.00000            0            0      0.00000 
  121     49.00000            0            0      0.00000 
  122     50.00000            0            0      0.00000 
  123     51.00000            0            0      0.00000 
  124     52.00000            0            0      0.00000 
  125     53.00000            0            0      0.00000 
  126     54.00000            0            0      0.00000 
  127     55.00000            0            0      0.00000 
  128     56.00000            0            0      0.00000 
  129     57.00000            0            0      0.00000 
  130     58.00000            0            0      0.00000 
  131     59.00000            0            0      0.00000 
  132     60.00000            0            0      0.00000 
  133     61.00000            0            0      0.00000 
  134     62.00000            0            0      0.00000 
  135     63.00000            0            0      0.00000 
  136     64.00000            0            0      0.00000 
  137     65.00000            0            0      0.00000 
  138     66.00000            0            0      0.00000 
  139     67.00000            0            0      0.00000 
  140     68.00000            0            0      0.00000 
  141     69.00000            0            0      0.00000 
  142     70.00000            0            0      0.00000 
  143     71.00000            0            0      0.00000 
  144     72.00000            0            0      0.00000 
  145     73.00000            0            0      0.00000 
  146     74.00000            0            0      0.00000 
  147     75.00000            0            0      0.00000 
  148     76.00000            0            0      0.00000 
  149     77.00000            0            0      0.00000 
  150     78.00000            0            0      0.00000 
  151     79.00000            0            0      0.00000 
  152     80.00000            0            0      0.00000 
  153     81.00000            0            0      0.00000 
  154     82.00000            0            0      0.00000 
  155     83.00000            0            0      0.00000 
  156     84.00000            0            0      0.00000 
  157     85.00000            0            0      0.00000 
  158     86.00000            0            0      0.00000 
