# 3dSliceNDice -insetA 9m_3min_s1_m3_binary+orig -insetB 9m_3min_s2_m3_binary+orig -prefix 9m_3min_split_m3_binary
    0     96.00000            0            0      0.00000 
    1     95.00000            0            0      0.00000 
    2     94.00000            0            0      0.00000 
    3     93.00000            0            0      0.00000 
    4     92.00000            0            0      0.00000 
    5     91.00000            0            0      0.00000 
    6     90.00000            0            0      0.00000 
    7     89.00000            0            0      0.00000 
    8     88.00000            0            0      0.00000 
    9     87.00000            0            0      0.00000 
   10     86.00000            0            0      0.00000 
   11     85.00000            0            0      0.00000 
   12     84.00000            0            0      0.00000 
   13     83.00000            0            0      0.00000 
   14     82.00000            0            0      0.00000 
   15     81.00000            0            0      0.00000 
   16     80.00000            0            0      0.00000 
   17     79.00000            0            0      0.00000 
   18     78.00000            0            0      0.00000 
   19     77.00000            0            0      0.00000 
   20     76.00000            0            0      0.00000 
   21     75.00000            0            0      0.00000 
   22     74.00000            0            0      0.00000 
   23     73.00000            0            0      0.00000 
   24     72.00000            0            0      0.00000 
   25     71.00000            0            0      0.00000 
   26     70.00000            0            0      0.00000 
   27     69.00000            0            0      0.00000 
   28     68.00000            0            0      0.00000 
   29     67.00000            0            0      0.00000 
   30     66.00000            0            0      0.00000 
   31     65.00000            0            0      0.00000 
   32     64.00000            0            0      0.00000 
   33     63.00000            0            0      0.00000 
   34     62.00000            0            0      0.00000 
   35     61.00000            0            0      0.00000 
   36     60.00000            0            0      0.00000 
   37     59.00000            0            0      0.00000 
   38     58.00000            0            0      0.00000 
   39     57.00000            0            0      0.00000 
   40     56.00000            0            0      0.00000 
   41     55.00000            0            0      0.00000 
   42     54.00000            0            0      0.00000 
   43     53.00000            0            0      0.00000 
   44     52.00000            0            0      0.00000 
   45     51.00000            0            0      0.00000 
   46     50.00000            0            0      0.00000 
   47     49.00000            0            0      0.00000 
   48     48.00000            0            0      0.00000 
   49     47.00000            0            0      0.00000 
   50     46.00000            0            0      0.00000 
   51     45.00000            0            0      0.00000 
   52     44.00000            0            0      0.00000 
   53     43.00000            0            0      0.00000 
   54     42.00000            0            0      0.00000 
   55     41.00000            0            0      0.00000 
   56     40.00000            0            0      0.00000 
   57     39.00000            0            0      0.00000 
   58     38.00000            0            0      0.00000 
   59     37.00000            0            0      0.00000 
   60     36.00000            0            0      0.00000 
   61     35.00000            0            0      0.00000 
   62     34.00000            0            0      0.00000 
   63     33.00000            0            0      0.00000 
   64     32.00000          225           92      0.42902 
   65     31.00000          471          224      0.57842 
   66     30.00000          636          336      0.65844 
   67     29.00000          756          421      0.69669 
   68     28.00000          853          490      0.72077 
   69     27.00000          993          712      0.82698 
   70     26.00000         1146          921      0.85922 
   71     25.00000         1308         1105      0.87443 
   72     24.00000         1429         1240      0.88198 
   73     23.00000         1521         1334      0.88897 
   74     22.00000         1679         1514      0.89070 
   75     21.00000         1800         1669      0.89767 
   76     20.00000         1915         1830      0.90788 
   77     19.00000         2001         1949      0.91595 
   78     18.00000         2066         2036      0.92053 
   79     17.00000         2258         2425      0.89387 
   80     16.00000         2427         2686      0.89224 
   81     15.00000         2601         2886      0.89448 
   82     14.00000         2725         3018      0.89814 
   83     13.00000         2837         3141      0.90164 
   84     12.00000         3004         3253      0.91450 
   85     11.00000         3121         3338      0.92212 
   86     10.00000         3249         3445      0.92859 
   87      9.00000         3343         3531      0.93221 
   88      8.00000         3430         3621      0.93377 
   89      7.00000         3529         3716      0.93637 
   90      6.00000         3562         3732      0.94022 
   91      5.00000         3582         3764      0.94228 
   92      4.00000         3546         3745      0.94308 
   93      3.00000         3513         3728      0.94434 
   94      2.00000         3423         3660      0.94480 
   95      1.00000         3295         3546      0.94401 
   96      0.00000         3220         3489      0.94381 
   97     -1.00000         3178         3454      0.94481 
   98     -2.00000         3195         3477      0.94394 
   99     -3.00000         3152         3424      0.94252 
  100     -4.00000         3101         3351      0.93955 
  101     -5.00000         3030         3264      0.93708 
  102     -6.00000         2914         3128      0.93148 
  103     -7.00000         2801         3009      0.92806 
  104     -8.00000         2670         2916      0.92445 
  105     -9.00000         2586         2894      0.91642 
  106    -10.00000         2481         2814      0.91143 
  107    -11.00000         2313         2672      0.90632 
  108    -12.00000         2149         2475      0.89663 
  109    -13.00000         2035         2214      0.93245 
  110    -14.00000         2073         2183      0.94831 
  111    -15.00000         2050         2158      0.95295 
  112    -16.00000         1960         2083      0.95028 
  113    -17.00000         1847         2002      0.93998 
  114    -18.00000         1727         1937      0.93013 
  115    -19.00000         1664         1860      0.92395 
  116    -20.00000         1591         1761      0.91527 
  117    -21.00000         1452         1592      0.90473 
  118    -22.00000         1245         1344      0.89764 
  119    -23.00000         1018          963      0.90863 
  120    -24.00000         1038          896      0.87073 
  121    -25.00000         1033          796      0.82887 
  122    -26.00000         1024          673      0.76959 
  123    -27.00000         1006          505      0.66843 
  124    -28.00000         1025          422      0.54457 
  125    -29.00000         1034          460      0.55288 
  126    -30.00000         1037          491      0.56806 
  127    -31.00000         1001          498      0.57905 
  128    -32.00000          937          510      0.60815 
  129    -33.00000          894          521      0.63180 
  130    -34.00000          919          522      0.61624 
  131    -35.00000          927          540      0.62713 
  132    -36.00000          890          544      0.64714 
  133    -37.00000          879          549      0.65406 
  134    -38.00000          852          569      0.68543 
  135    -39.00000          803          589      0.73132 
  136    -40.00000          748          593      0.76510 
  137    -41.00000          664          576      0.81290 
  138    -42.00000          559          540      0.86078 
  139    -43.00000          537          502      0.85659 
  140    -44.00000          561          454      0.80000 
  141    -45.00000          573          409      0.75153 
  142    -46.00000          573          350      0.69122 
  143    -47.00000          560          289      0.62191 
  144    -48.00000          560          240      0.53750 
  145    -49.00000          528          192      0.46667 
  146    -50.00000          521          150      0.40835 
  147    -51.00000          481          111      0.37162 
  148    -52.00000          432           85      0.32882 
  149    -53.00000          346           54      0.27000 
  150    -54.00000          262           25      0.17422 
  151    -55.00000          179            2      0.02210 
  152    -56.00000          114            0      0.00000 
  153    -57.00000           41            0      0.00000 
  154    -58.00000            1            0      0.00000 
  155    -59.00000            0            0      0.00000 
  156    -60.00000            0            0      0.00000 
  157    -61.00000            0            0      0.00000 
  158    -62.00000            0            0      0.00000 
  159    -63.00000            0            0      0.00000 
  160    -64.00000            0            0      0.00000 
  161    -65.00000            0            0      0.00000 
  162    -66.00000            0            0      0.00000 
  163    -67.00000            0            0      0.00000 
  164    -68.00000            0            0      0.00000 
  165    -69.00000            0            0      0.00000 
  166    -70.00000            0            0      0.00000 
  167    -71.00000            0            0      0.00000 
  168    -72.00000            0            0      0.00000 
  169    -73.00000            0            0      0.00000 
  170    -74.00000            0            0      0.00000 
  171    -75.00000            0            0      0.00000 
  172    -76.00000            0            0      0.00000 
  173    -77.00000            0            0      0.00000 
  174    -78.00000            0            0      0.00000 
  175    -79.00000            0            0      0.00000 
  176    -80.00000            0            0      0.00000 
  177    -81.00000            0            0      0.00000 
  178    -82.00000            0            0      0.00000 
  179    -83.00000            0            0      0.00000 
  180    -84.00000            0            0      0.00000 
  181    -85.00000            0            0      0.00000 
  182    -86.00000            0            0      0.00000 
  183    -87.00000            0            0      0.00000 
  184    -88.00000            0            0      0.00000 
  185    -89.00000            0            0      0.00000 
  186    -90.00000            0            0      0.00000 
  187    -91.00000            0            0      0.00000 
  188    -92.00000            0            0      0.00000 
  189    -93.00000            0            0      0.00000 
  190    -94.00000            0            0      0.00000 
  191    -95.00000            0            0      0.00000 
  192    -96.00000            0            0      0.00000 
  193    -97.00000            0            0      0.00000 
  194    -98.00000            0            0      0.00000 
