# 3dSliceNDice -insetA 9m_3min_s1_m2_binary+orig -insetB 9m_3min_s2_m2_binary+orig -prefix 9m_3min_split_m2_binary
    0    134.00000            0            0      0.00000 
    1    133.00000            0            0      0.00000 
    2    132.00000            0            0      0.00000 
    3    131.00000            0            0      0.00000 
    4    130.00000            0            0      0.00000 
    5    129.00000            0            0      0.00000 
    6    128.00000            0            0      0.00000 
    7    127.00000            0            0      0.00000 
    8    126.00000            0            0      0.00000 
    9    125.00000            0            0      0.00000 
   10    124.00000            0            0      0.00000 
   11    123.00000            0            0      0.00000 
   12    122.00000            0            0      0.00000 
   13    121.00000            0            0      0.00000 
   14    120.00000            0            0      0.00000 
   15    119.00000            0            0      0.00000 
   16    118.00000            0            0      0.00000 
   17    117.00000            0            0      0.00000 
   18    116.00000            0            0      0.00000 
   19    115.00000            0            0      0.00000 
   20    114.00000            0            0      0.00000 
   21    113.00000            0            0      0.00000 
   22    112.00000            0            0      0.00000 
   23    111.00000            0            0      0.00000 
   24    110.00000            0            0      0.00000 
   25    109.00000            0            0      0.00000 
   26    108.00000            0            0      0.00000 
   27    107.00000            0            0      0.00000 
   28    106.00000            0            0      0.00000 
   29    105.00000            0            0      0.00000 
   30    104.00000            0            0      0.00000 
   31    103.00000            0            0      0.00000 
   32    102.00000            0            0      0.00000 
   33    101.00000            0            0      0.00000 
   34    100.00000            0            0      0.00000 
   35     99.00000            0            0      0.00000 
   36     98.00000            0            0      0.00000 
   37     97.00000            0            0      0.00000 
   38     96.00000            0            0      0.00000 
   39     95.00000            0            0      0.00000 
   40     94.00000            0            0      0.00000 
   41     93.00000            0            0      0.00000 
   42     92.00000            0            0      0.00000 
   43     91.00000            0            0      0.00000 
   44     90.00000            0            0      0.00000 
   45     89.00000            0            0      0.00000 
   46     88.00000            0            0      0.00000 
   47     87.00000            0            0      0.00000 
   48     86.00000            0            0      0.00000 
   49     85.00000            0            0      0.00000 
   50     84.00000            0            0      0.00000 
   51     83.00000            0            0      0.00000 
   52     82.00000            0           28      0.00000 
   53     81.00000            0           87      0.00000 
   54     80.00000            0          140      0.00000 
   55     79.00000            0          180      0.00000 
   56     78.00000            0          216      0.00000 
   57     77.00000            0          256      0.00000 
   58     76.00000            0          276      0.00000 
   59     75.00000            4          300      0.00000 
   60     74.00000           29          308      0.00000 
   61     73.00000           53          316      0.00000 
   62     72.00000          120          316      0.00000 
   63     71.00000          217          308      0.00000 
   64     70.00000          297          300      0.00000 
   65     69.00000          361          276      0.00000 
   66     68.00000          416          256      0.00000 
   67     67.00000          472          248      0.08889 
   68     66.00000          512          268      0.22564 
   69     65.00000          552          280      0.33654 
   70     64.00000          567          268      0.43114 
   71     63.00000          581          248      0.52111 
   72     62.00000          658          330      0.61134 
   73     61.00000          747          482      0.68348 
   74     60.00000          821          619      0.74306 
   75     59.00000          868          731      0.76673 
   76     58.00000          899          815      0.77596 
   77     57.00000         1159         1032      0.84801 
   78     56.00000         1299         1192      0.87033 
   79     55.00000         1379         1314      0.88080 
   80     54.00000         1414         1397      0.88794 
   81     53.00000         1398         1469      0.88594 
   82     52.00000         1408         1574      0.89001 
   83     51.00000         1498         1672      0.90158 
   84     50.00000         1601         1757      0.92138 
   85     49.00000         1698         1823      0.94519 
   86     48.00000         1798         1883      0.96604 
   87     47.00000         1930         1967      0.98435 
   88     46.00000         2033         2053      0.99021 
   89     45.00000         2141         2147      0.98647 
   90     44.00000         2222         2210      0.98150 
   91     43.00000         2296         2268      0.97853 
   92     42.00000         2371         2334      0.97598 
   93     41.00000         2421         2400      0.97241 
   94     40.00000         2479         2486      0.96878 
   95     39.00000         2500         2534      0.96544 
   96     38.00000         2525         2580      0.96337 
   97     37.00000         2542         2650      0.95570 
   98     36.00000         2551         2686      0.95360 
   99     35.00000         2588         2729      0.95392 
  100     34.00000         2598         2735      0.95781 
  101     33.00000         2622         2759      0.96227 
  102     32.00000         2777         2878      0.96269 
  103     31.00000         2848         2928      0.96503 
  104     30.00000         2900         2961      0.96707 
  105     29.00000         2913         2970      0.96685 
  106     28.00000         2896         2952      0.96580 
  107     27.00000         2839         2888      0.96351 
  108     26.00000         2714         2760      0.95762 
  109     25.00000         2618         2650      0.95444 
  110     24.00000         2479         2510      0.94929 
  111     23.00000         2364         2393      0.94345 
  112     22.00000         2260         2282      0.93879 
  113     21.00000         2152         2161      0.93578 
  114     20.00000         2010         2010      0.92985 
  115     19.00000         1860         1868      0.92060 
  116     18.00000         1763         1789      0.91610 
  117     17.00000         1629         1687      0.90410 
  118     16.00000         1522         1607      0.89613 
  119     15.00000         1409         1533      0.88375 
  120     14.00000         1258         1416      0.86836 
  121     13.00000         1093         1310      0.84145 
  122     12.00000          888         1178      0.80542 
  123     11.00000          805         1068      0.79979 
  124     10.00000          711          929      0.79634 
  125      9.00000          583          750      0.79970 
  126      8.00000          426          490      0.86900 
  127      7.00000          274          274      1.00000 
  128      6.00000          153          153      1.00000 
  129      5.00000          101          101      1.00000 
  130      4.00000           43           43      1.00000 
  131      3.00000            0            0      0.00000 
  132      2.00000           60            0      0.00000 
  133      1.00000          138            0      0.00000 
  134      0.00000          201            0      0.00000 
  135     -1.00000          237            0      0.00000 
  136     -2.00000          252            0      0.00000 
  137     -3.00000          278            0      0.00000 
  138     -4.00000          291            0      0.00000 
  139     -5.00000          315            0      0.00000 
  140     -6.00000          314            0      0.00000 
  141     -7.00000          303            0      0.00000 
  142     -8.00000          295            0      0.00000 
  143     -9.00000          273            0      0.00000 
  144    -10.00000          253            0      0.00000 
  145    -11.00000          234            0      0.00000 
  146    -12.00000          201            0      0.00000 
  147    -13.00000          172            0      0.00000 
  148    -14.00000          168            0      0.00000 
  149    -15.00000          162            0      0.00000 
  150    -16.00000          151            0      0.00000 
  151    -17.00000          140            0      0.00000 
  152    -18.00000          119            0      0.00000 
  153    -19.00000           93            0      0.00000 
  154    -20.00000           69            0      0.00000 
  155    -21.00000           42            0      0.00000 
  156    -22.00000           13            0      0.00000 
  157    -23.00000            0            0      0.00000 
  158    -24.00000            0            0      0.00000 
  159    -25.00000            0            0      0.00000 
  160    -26.00000            0            0      0.00000 
  161    -27.00000            0            0      0.00000 
  162    -28.00000            0            0      0.00000 
  163    -29.00000            0            0      0.00000 
  164    -30.00000            0            0      0.00000 
  165    -31.00000            0            0      0.00000 
  166    -32.00000            0            0      0.00000 
  167    -33.00000            0            0      0.00000 
  168    -34.00000            0            0      0.00000 
  169    -35.00000            0            0      0.00000 
  170    -36.00000            0            0      0.00000 
  171    -37.00000            0            0      0.00000 
  172    -38.00000            0            0      0.00000 
  173    -39.00000            0            0      0.00000 
  174    -40.00000            0            0      0.00000 
  175    -41.00000            0            0      0.00000 
  176    -42.00000            0            0      0.00000 
  177    -43.00000            0            0      0.00000 
  178    -44.00000            0            0      0.00000 
  179    -45.00000            0            0      0.00000 
  180    -46.00000            0            0      0.00000 
  181    -47.00000            0            0      0.00000 
  182    -48.00000            0            0      0.00000 
  183    -49.00000            0            0      0.00000 
  184    -50.00000            0            0      0.00000 
  185    -51.00000            0            0      0.00000 
  186    -52.00000            0            0      0.00000 
  187    -53.00000            0            0      0.00000 
  188    -54.00000            0            0      0.00000 
  189    -55.00000            0            0      0.00000 
  190    -56.00000            0            0      0.00000 
  191    -57.00000            0            0      0.00000 
  192    -58.00000            0            0      0.00000 
  193    -59.00000            0            0      0.00000 
  194    -60.00000            0            0      0.00000 
  195    -61.00000            0            0      0.00000 
  196    -62.00000            0            0      0.00000 
  197    -63.00000            0            0      0.00000 
  198    -64.00000            0            0      0.00000 
  199    -65.00000            0            0      0.00000 
  200    -66.00000            0            0      0.00000 
  201    -67.00000            0            0      0.00000 
  202    -68.00000            0            0      0.00000 
  203    -69.00000            0            0      0.00000 
  204    -70.00000            0            0      0.00000 
  205    -71.00000            0            0      0.00000 
  206    -72.00000            0            0      0.00000 
  207    -73.00000            0            0      0.00000 
  208    -74.00000            0            0      0.00000 
  209    -75.00000            0            0      0.00000 
  210    -76.00000            0            0      0.00000 
  211    -77.00000            0            0      0.00000 
  212    -78.00000            0            0      0.00000 
  213    -79.00000            0            0      0.00000 
  214    -80.00000            0            0      0.00000 
  215    -81.00000            0            0      0.00000 
  216    -82.00000            0            0      0.00000 
  217    -83.00000            0            0      0.00000 
  218    -84.00000            0            0      0.00000 
  219    -85.00000            0            0      0.00000 
  220    -86.00000            0            0      0.00000 
  221    -87.00000            0            0      0.00000 
  222    -88.00000            0            0      0.00000 
  223    -89.00000            0            0      0.00000 
  224    -90.00000            0            0      0.00000 
  225    -91.00000            0            0      0.00000 
  226    -92.00000            0            0      0.00000 
  227    -93.00000            0            0      0.00000 
  228    -94.00000            0            0      0.00000 
  229    -95.00000            0            0      0.00000 
  230    -96.00000            0            0      0.00000 
  231    -97.00000            0            0      0.00000 
  232    -98.00000            0            0      0.00000 
