# 3dSliceNDice -insetA 9m_3min_s1_m3_binary+orig -insetB 9m_3min_s2_m3_binary+orig -prefix 9m_3min_split_m3_binary
    0    134.00000            0            0      0.00000 
    1    133.00000            0            0      0.00000 
    2    132.00000            0            0      0.00000 
    3    131.00000            0            0      0.00000 
    4    130.00000            0            0      0.00000 
    5    129.00000            0            0      0.00000 
    6    128.00000            0            0      0.00000 
    7    127.00000            0            0      0.00000 
    8    126.00000            0            0      0.00000 
    9    125.00000            0            0      0.00000 
   10    124.00000            0            0      0.00000 
   11    123.00000            0            0      0.00000 
   12    122.00000            0            0      0.00000 
   13    121.00000            0            0      0.00000 
   14    120.00000            0            0      0.00000 
   15    119.00000            0            0      0.00000 
   16    118.00000            0            0      0.00000 
   17    117.00000            0            0      0.00000 
   18    116.00000            0            0      0.00000 
   19    115.00000            0            0      0.00000 
   20    114.00000            0            0      0.00000 
   21    113.00000            0            0      0.00000 
   22    112.00000            0            0      0.00000 
   23    111.00000            0            0      0.00000 
   24    110.00000            0            0      0.00000 
   25    109.00000            0            0      0.00000 
   26    108.00000            0            0      0.00000 
   27    107.00000            0            0      0.00000 
   28    106.00000            0            0      0.00000 
   29    105.00000            0            0      0.00000 
   30    104.00000            0            0      0.00000 
   31    103.00000            0            0      0.00000 
   32    102.00000            0            0      0.00000 
   33    101.00000            0            0      0.00000 
   34    100.00000            0            0      0.00000 
   35     99.00000            0            0      0.00000 
   36     98.00000            0            0      0.00000 
   37     97.00000            0            0      0.00000 
   38     96.00000            0            0      0.00000 
   39     95.00000            0            0      0.00000 
   40     94.00000            0            0      0.00000 
   41     93.00000            0            0      0.00000 
   42     92.00000            0            0      0.00000 
   43     91.00000            0            0      0.00000 
   44     90.00000            0            0      0.00000 
   45     89.00000            0            0      0.00000 
   46     88.00000            0            0      0.00000 
   47     87.00000            0            0      0.00000 
   48     86.00000            0            0      0.00000 
   49     85.00000            0            0      0.00000 
   50     84.00000            0            0      0.00000 
   51     83.00000            0            0      0.00000 
   52     82.00000            0            0      0.00000 
   53     81.00000            0            0      0.00000 
   54     80.00000            0            0      0.00000 
   55     79.00000            0            0      0.00000 
   56     78.00000            0            0      0.00000 
   57     77.00000            0            0      0.00000 
   58     76.00000            0            0      0.00000 
   59     75.00000            0            0      0.00000 
   60     74.00000            0            0      0.00000 
   61     73.00000            0            0      0.00000 
   62     72.00000           32           11      0.00000 
   63     71.00000           98           64      0.12346 
   64     70.00000          190          135      0.32615 
   65     69.00000          265          192      0.39387 
   66     68.00000          331          239      0.42456 
   67     67.00000          452          310      0.44619 
   68     66.00000          591          376      0.46949 
   69     65.00000          743          460      0.50374 
   70     64.00000          875          545      0.54507 
   71     63.00000          998          624      0.57460 
   72     62.00000         1148          781      0.65526 
   73     61.00000         1262          929      0.71383 
   74     60.00000         1387         1074      0.75091 
   75     59.00000         1444         1175      0.77205 
   76     58.00000         1501         1266      0.79147 
   77     57.00000         1618         1440      0.79595 
   78     56.00000         1710         1629      0.79305 
   79     55.00000         1795         1805      0.80111 
   80     54.00000         1845         1951      0.80453 
   81     53.00000         1888         2076      0.81282 
   82     52.00000         2096         2225      0.83638 
   83     51.00000         2330         2355      0.85123 
   84     50.00000         2486         2496      0.86552 
   85     49.00000         2588         2575      0.87662 
   86     48.00000         2682         2676      0.88130 
   87     47.00000         2768         2755      0.89046 
   88     46.00000         2835         2856      0.90388 
   89     45.00000         2904         2924      0.91078 
   90     44.00000         2912         2906      0.90890 
   91     43.00000         2898         2879      0.90566 
   92     42.00000         2833         2819      0.90198 
   93     41.00000         2871         2851      0.90947 
   94     40.00000         2934         2890      0.91380 
   95     39.00000         2933         2895      0.92004 
   96     38.00000         2923         2858      0.92925 
   97     37.00000         2912         2814      0.94237 
   98     36.00000         2920         2843      0.94534 
   99     35.00000         2948         2897      0.95124 
  100     34.00000         2930         2909      0.95564 
  101     33.00000         2944         2941      0.95701 
  102     32.00000         2947         2956      0.96053 
  103     31.00000         2915         2921      0.96093 
  104     30.00000         2900         2909      0.96058 
  105     29.00000         2867         2872      0.96045 
  106     28.00000         2840         2846      0.96201 
  107     27.00000         2762         2777      0.96407 
  108     26.00000         2659         2689      0.96597 
  109     25.00000         2559         2609      0.97020 
  110     24.00000         2458         2512      0.96982 
  111     23.00000         2362         2417      0.96840 
  112     22.00000         2271         2312      0.96225 
  113     21.00000         2172         2202      0.95565 
  114     20.00000         2036         2060      0.94678 
  115     19.00000         1919         1945      0.94358 
  116     18.00000         1841         1881      0.94949 
  117     17.00000         1767         1814      0.95392 
  118     16.00000         1705         1765      0.95504 
  119     15.00000         1641         1710      0.95554 
  120     14.00000         1576         1637      0.95736 
  121     13.00000         1530         1600      0.95208 
  122     12.00000         1556         1559      0.93226 
  123     11.00000         1611         1533      0.90649 
  124     10.00000         1616         1474      0.88608 
  125      9.00000         1558         1374      0.87312 
  126      8.00000         1497         1268      0.85280 
  127      7.00000         1398         1124      0.82554 
  128      6.00000         1265          980      0.79822 
  129      5.00000         1188          883      0.77354 
  130      4.00000         1048          748      0.74276 
  131      3.00000          840          606      0.68465 
  132      2.00000          495          477      0.38066 
  133      1.00000          467          428      0.38436 
  134      0.00000          441          396      0.42772 
  135     -1.00000          416          347      0.48493 
  136     -2.00000          390          274      0.57831 
  137     -3.00000          521          318      0.75805 
  138     -4.00000          634          449      0.81994 
  139     -5.00000          692          535      0.85412 
  140     -6.00000          712          587      0.87606 
  141     -7.00000          722          620      0.88972 
  142     -8.00000          716          651      0.90856 
  143     -9.00000          684          655      0.91561 
  144    -10.00000          660          675      0.92434 
  145    -11.00000          630          686      0.93313 
  146    -12.00000          606          694      0.93231 
  147    -13.00000          601          710      0.91686 
  148    -14.00000          579          698      0.90681 
  149    -15.00000          559          696      0.89084 
  150    -16.00000          557          692      0.89191 
  151    -17.00000          555          692      0.89014 
  152    -18.00000          547          684      0.88871 
  153    -19.00000          525          656      0.88908 
  154    -20.00000          501          629      0.88673 
  155    -21.00000          471          593      0.87970 
  156    -22.00000          450          565      0.88079 
  157    -23.00000          408          514      0.87202 
  158    -24.00000          375          470      0.86627 
  159    -25.00000          330          414      0.85215 
  160    -26.00000          271          341      0.83987 
  161    -27.00000          217          250      0.81370 
  162    -28.00000          148          160      0.83766 
  163    -29.00000          117          125      0.83471 
  164    -30.00000           77           81      0.83544 
  165    -31.00000           36           37      0.82192 
  166    -32.00000            1            1      1.00000 
  167    -33.00000            0            0      0.00000 
  168    -34.00000            0            0      0.00000 
  169    -35.00000            0            0      0.00000 
  170    -36.00000            0            0      0.00000 
  171    -37.00000            0            0      0.00000 
  172    -38.00000            0            0      0.00000 
  173    -39.00000            0            0      0.00000 
  174    -40.00000            0            0      0.00000 
  175    -41.00000            0            0      0.00000 
  176    -42.00000            0            0      0.00000 
  177    -43.00000            0            0      0.00000 
  178    -44.00000            0            0      0.00000 
  179    -45.00000            0            0      0.00000 
  180    -46.00000            0            0      0.00000 
  181    -47.00000            0            0      0.00000 
  182    -48.00000            0            0      0.00000 
  183    -49.00000            0            0      0.00000 
  184    -50.00000            0            0      0.00000 
  185    -51.00000            0            0      0.00000 
  186    -52.00000            0            0      0.00000 
  187    -53.00000            0            0      0.00000 
  188    -54.00000            0            0      0.00000 
  189    -55.00000            0            0      0.00000 
  190    -56.00000            0            0      0.00000 
  191    -57.00000            0            0      0.00000 
  192    -58.00000            0            0      0.00000 
  193    -59.00000            0            0      0.00000 
  194    -60.00000            0            0      0.00000 
  195    -61.00000            0            0      0.00000 
  196    -62.00000            0            0      0.00000 
  197    -63.00000            0            0      0.00000 
  198    -64.00000            0            0      0.00000 
  199    -65.00000            0            0      0.00000 
  200    -66.00000            0            0      0.00000 
  201    -67.00000            0            0      0.00000 
  202    -68.00000            0            0      0.00000 
  203    -69.00000            0            0      0.00000 
  204    -70.00000            0            0      0.00000 
  205    -71.00000            0            0      0.00000 
  206    -72.00000            0            0      0.00000 
  207    -73.00000            0            0      0.00000 
  208    -74.00000            0            0      0.00000 
  209    -75.00000            0            0      0.00000 
  210    -76.00000            0            0      0.00000 
  211    -77.00000            0            0      0.00000 
  212    -78.00000            0            0      0.00000 
  213    -79.00000            0            0      0.00000 
  214    -80.00000            0            0      0.00000 
  215    -81.00000            0            0      0.00000 
  216    -82.00000            0            0      0.00000 
  217    -83.00000            0            0      0.00000 
  218    -84.00000            0            0      0.00000 
  219    -85.00000            0            0      0.00000 
  220    -86.00000            0            0      0.00000 
  221    -87.00000            0            0      0.00000 
  222    -88.00000            0            0      0.00000 
  223    -89.00000            0            0      0.00000 
  224    -90.00000            0            0      0.00000 
  225    -91.00000            0            0      0.00000 
  226    -92.00000            0            0      0.00000 
  227    -93.00000            0            0      0.00000 
  228    -94.00000            0            0      0.00000 
  229    -95.00000            0            0      0.00000 
  230    -96.00000            0            0      0.00000 
  231    -97.00000            0            0      0.00000 
  232    -98.00000            0            0      0.00000 
