# 3dSliceNDice -insetA 9m_3min_s1_m5_binary+orig -insetB 9m_3min_s2_m5_binary+orig -prefix 9m_3min_split_m5_binary
    0    -72.00000            0            0      0.00000 
    1    -71.00000            0            0      0.00000 
    2    -70.00000            0            0      0.00000 
    3    -69.00000            0            0      0.00000 
    4    -68.00000            0            0      0.00000 
    5    -67.00000            0            0      0.00000 
    6    -66.00000            0            0      0.00000 
    7    -65.00000            0            0      0.00000 
    8    -64.00000            0            0      0.00000 
    9    -63.00000            0            0      0.00000 
   10    -62.00000            0            0      0.00000 
   11    -61.00000            0            0      0.00000 
   12    -60.00000            0            0      0.00000 
   13    -59.00000            0            0      0.00000 
   14    -58.00000            0            0      0.00000 
   15    -57.00000            0            0      0.00000 
   16    -56.00000            0            0      0.00000 
   17    -55.00000            0            0      0.00000 
   18    -54.00000            0            0      0.00000 
   19    -53.00000            0            0      0.00000 
   20    -52.00000            0            0      0.00000 
   21    -51.00000            6            6      1.00000 
   22    -50.00000          137          137      1.00000 
   23    -49.00000          681          681      1.00000 
   24    -48.00000         1101         1101      1.00000 
   25    -47.00000         1342         1342      1.00000 
   26    -46.00000         1600         1600      1.00000 
   27    -45.00000         1862         1859      0.99919 
   28    -44.00000         2076         2068      0.99807 
   29    -43.00000         2294         2277      0.99628 
   30    -42.00000         2466         2440      0.99470 
   31    -41.00000         2587         2551      0.99299 
   32    -40.00000         2694         2651      0.99196 
   33    -39.00000         2761         2712      0.99105 
   34    -38.00000         2836         2774      0.98895 
   35    -37.00000         2869         2806      0.98890 
   36    -36.00000         2931         2862      0.98809 
   37    -35.00000         2974         2892      0.98602 
   38    -34.00000         2987         2895      0.98436 
   39    -33.00000         3005         2910      0.98394 
   40    -32.00000         2989         2889      0.98299 
   41    -31.00000         2967         2857      0.98111 
   42    -30.00000         2905         2795      0.98070 
   43    -29.00000         2810         2700      0.98004 
   44    -28.00000         2728         2622      0.97832 
   45    -27.00000         2611         2511      0.97579 
   46    -26.00000         2621         2518      0.97295 
   47    -25.00000         2541         2435      0.97026 
   48    -24.00000         2374         2272      0.96771 
   49    -23.00000         2128         2012      0.95556 
   50    -22.00000         1767         1681      0.91125 
   51    -21.00000         1668         1586      0.90719 
   52    -20.00000         1531         1454      0.90251 
   53    -19.00000         1334         1260      0.89206 
   54    -18.00000         1003          888      0.84294 
   55    -17.00000          296            0      0.00000 
   56    -16.00000          254            0      0.00000 
   57    -15.00000          204            0      0.00000 
   58    -14.00000          138            0      0.00000 
   59    -13.00000           60            0      0.00000 
   60    -12.00000            0            0      0.00000 
   61    -11.00000            0            0      0.00000 
   62    -10.00000            0            0      0.00000 
   63     -9.00000            0            0      0.00000 
   64     -8.00000            0            0      0.00000 
   65     -7.00000            0            0      0.00000 
   66     -6.00000            0            0      0.00000 
   67     -5.00000            0            0      0.00000 
   68     -4.00000            0            0      0.00000 
   69     -3.00000            0            0      0.00000 
   70     -2.00000          116           64      0.71111 
   71     -1.00000          232          157      0.80720 
   72      0.00000          318          229      0.83729 
   73      1.00000          382          283      0.85113 
   74      2.00000          436          331      0.86310 
   75      3.00000          504          518      0.78082 
   76      4.00000          583          769      0.74852 
   77      5.00000          664          980      0.73601 
   78      6.00000          717         1136      0.72747 
   79      7.00000          761         1275      0.71807 
   80      8.00000          876         1709      0.64371 
   81      9.00000          996         2081      0.62463 
   82     10.00000         1137         2367      0.62557 
   83     11.00000         1237         2551      0.62513 
   84     12.00000         1325         2706      0.63260 
   85     13.00000         1561         2863      0.67902 
   86     14.00000         1754         2909      0.70984 
   87     15.00000         1924         2996      0.72358 
   88     16.00000         2041         3025      0.73233 
   89     17.00000         2144         3046      0.74181 
   90     18.00000         2266         3026      0.74339 
   91     19.00000         2354         3002      0.74272 
   92     20.00000         2451         2980      0.74682 
   93     21.00000         2483         2937      0.74354 
   94     22.00000         2518         2909      0.74479 
   95     23.00000         2524         2883      0.74792 
   96     24.00000         2482         2874      0.74907 
   97     25.00000         2446         2849      0.75165 
   98     26.00000         2324         2741      0.74669 
   99     27.00000         2228         2657      0.75005 
  100     28.00000         2139         2506      0.75436 
  101     29.00000         2108         2454      0.75186 
  102     30.00000         2038         2376      0.75442 
  103     31.00000         1912         2195      0.75091 
  104     32.00000         1833         2015      0.75728 
  105     33.00000         1737         1758      0.76567 
  106     34.00000         1682         1669      0.76097 
  107     35.00000         1634         1585      0.74930 
  108     36.00000         1519         1429      0.72863 
  109     37.00000         1404         1242      0.66515 
  110     38.00000         1276         1030      0.60278 
  111     39.00000         1177          928      0.60998 
  112     40.00000         1065          818      0.62560 
  113     41.00000          893          672      0.64281 
  114     42.00000          681          512      0.71081 
  115     43.00000          542          410      0.86134 
  116     44.00000          493          387      0.87955 
  117     45.00000          454          352      0.87345 
  118     46.00000          402          313      0.87552 
  119     47.00000          355          275      0.87302 
  120     48.00000          319          242      0.86275 
  121     49.00000          279          206      0.84948 
  122     50.00000          223          160      0.83551 
  123     51.00000          149           98      0.79352 
  124     52.00000           87           58      0.80000 
  125     53.00000           29           24      0.90566 
  126     54.00000            3            2      0.80000 
  127     55.00000            0            0      0.00000 
  128     56.00000            0            0      0.00000 
  129     57.00000            0            0      0.00000 
  130     58.00000            0            0      0.00000 
  131     59.00000            0            0      0.00000 
  132     60.00000            0            0      0.00000 
  133     61.00000            0            0      0.00000 
  134     62.00000            0            0      0.00000 
  135     63.00000            0            0      0.00000 
  136     64.00000            0            0      0.00000 
  137     65.00000            0            0      0.00000 
  138     66.00000            0            0      0.00000 
  139     67.00000            0            0      0.00000 
  140     68.00000            0            0      0.00000 
  141     69.00000            0            0      0.00000 
  142     70.00000            0            0      0.00000 
  143     71.00000            0            0      0.00000 
  144     72.00000            0            0      0.00000 
  145     73.00000            0            0      0.00000 
  146     74.00000            0            0      0.00000 
  147     75.00000            0            0      0.00000 
  148     76.00000            0            0      0.00000 
  149     77.00000            0            0      0.00000 
  150     78.00000            0            0      0.00000 
  151     79.00000            0            0      0.00000 
  152     80.00000            0            0      0.00000 
  153     81.00000            0            0      0.00000 
  154     82.00000            0            0      0.00000 
  155     83.00000            0            0      0.00000 
  156     84.00000            0            0      0.00000 
  157     85.00000            0            0      0.00000 
  158     86.00000            0            0      0.00000 
