# 3dSliceNDice -insetA 9m_3min_s1_m3_binary+orig -insetB 9m_3min_s2_m3_binary+orig -prefix 9m_3min_split_m3_binary
    0    -72.00000            0            0      0.00000 
    1    -71.00000            0            0      0.00000 
    2    -70.00000            0            0      0.00000 
    3    -69.00000            0            0      0.00000 
    4    -68.00000            0            0      0.00000 
    5    -67.00000            0            0      0.00000 
    6    -66.00000            0            0      0.00000 
    7    -65.00000            0            0      0.00000 
    8    -64.00000            0            0      0.00000 
    9    -63.00000            0            0      0.00000 
   10    -62.00000            0            0      0.00000 
   11    -61.00000            0            0      0.00000 
   12    -60.00000            0            0      0.00000 
   13    -59.00000            0            0      0.00000 
   14    -58.00000            0            0      0.00000 
   15    -57.00000            0            0      0.00000 
   16    -56.00000            0            0      0.00000 
   17    -55.00000            0            0      0.00000 
   18    -54.00000            0            0      0.00000 
   19    -53.00000            0            0      0.00000 
   20    -52.00000            0            0      0.00000 
   21    -51.00000            6            6      1.00000 
   22    -50.00000          137          110      0.89069 
   23    -49.00000          678          585      0.92162 
   24    -48.00000         1070          935      0.90773 
   25    -47.00000         1251         1113      0.89086 
   26    -46.00000         1434         1297      0.88319 
   27    -45.00000         1597         1450      0.88087 
   28    -44.00000         1686         1510      0.87985 
   29    -43.00000         1765         1563      0.87981 
   30    -42.00000         1815         1595      0.88270 
   31    -41.00000         1837         1593      0.87930 
   32    -40.00000         1865         1606      0.87929 
   33    -39.00000         1840         1594      0.87711 
   34    -38.00000         1811         1580      0.87762 
   35    -37.00000         1789         1566      0.88465 
   36    -36.00000         1802         1571      0.88823 
   37    -35.00000         1814         1582      0.89517 
   38    -34.00000         1807         1579      0.90254 
   39    -33.00000         1796         1543      0.90147 
   40    -32.00000         1790         1509      0.90452 
   41    -31.00000         1761         1492      0.90440 
   42    -30.00000         1726         1483      0.91056 
   43    -29.00000         1659         1472      0.92175 
   44    -28.00000         1629         1485      0.92357 
   45    -27.00000         1709         1576      0.92116 
   46    -26.00000         1799         1682      0.92502 
   47    -25.00000         1870         1766      0.92849 
   48    -24.00000         1884         1796      0.93152 
   49    -23.00000         1895         1822      0.93947 
   50    -22.00000         1957         1899      0.94087 
   51    -21.00000         2021         1950      0.94132 
   52    -20.00000         2115         1995      0.93966 
   53    -19.00000         2191         2062      0.94004 
   54    -18.00000         2267         2130      0.94292 
   55    -17.00000         2397         2193      0.93769 
   56    -16.00000         2504         2240      0.93170 
   57    -15.00000         2645         2349      0.92711 
   58    -14.00000         2741         2468      0.92263 
   59    -13.00000         2797         2541      0.92132 
   60    -12.00000         2836         2575      0.92367 
   61    -11.00000         2833         2584      0.92524 
   62    -10.00000         2845         2605      0.92440 
   63     -9.00000         2827         2593      0.92325 
   64     -8.00000         2825         2600      0.92129 
   65     -7.00000         2818         2563      0.91470 
   66     -6.00000         2826         2508      0.90589 
   67     -5.00000         2817         2458      0.89744 
   68     -4.00000         2736         2377      0.88872 
   69     -3.00000         2647         2298      0.87604 
   70     -2.00000         2551         2204      0.86814 
   71     -1.00000         2452         2106      0.86266 
   72      0.00000         2337         2000      0.85405 
   73      1.00000         2146         1868      0.84504 
   74      2.00000         1943         1783      0.82823 
   75      3.00000         1763         1671      0.82469 
   76      4.00000         1655         1563      0.81666 
   77      5.00000         1520         1430      0.80610 
   78      6.00000         1324         1257      0.79039 
   79      7.00000         1049         1039      0.73659 
   80      8.00000          512          787      0.45574 
   81      9.00000          434          780      0.41845 
   82     10.00000          344          752      0.37226 
   83     11.00000          226          687      0.30230 
   84     12.00000           92          563      0.18321 
   85     13.00000           60          378      0.27397 
   86     14.00000          138          466      0.45695 
   87     15.00000          204          571      0.52645 
   88     16.00000          254          646      0.56444 
   89     17.00000          296          715      0.58556 
   90     18.00000          439          795      0.71151 
   91     19.00000          580          886      0.79127 
   92     20.00000          700          985      0.83086 
   93     21.00000          776         1056      0.84716 
   94     22.00000          837         1117      0.85670 
   95     23.00000          965         1204      0.86399 
   96     24.00000         1098         1275      0.88327 
   97     25.00000         1218         1342      0.91016 
   98     26.00000         1284         1362      0.92819 
   99     27.00000         1330         1377      0.93979 
  100     28.00000         1495         1480      0.95126 
  101     29.00000         1559         1512      0.96386 
  102     30.00000         1621         1538      0.97183 
  103     31.00000         1634         1560      0.96493 
  104     32.00000         1652         1597      0.96091 
  105     33.00000         1646         1613      0.95612 
  106     34.00000         1579         1566      0.95326 
  107     35.00000         1524         1548      0.94792 
  108     36.00000         1438         1487      0.93880 
  109     37.00000         1381         1438      0.93154 
  110     38.00000         1287         1360      0.92331 
  111     39.00000         1179         1254      0.91492 
  112     40.00000         1059         1138      0.90396 
  113     41.00000          934         1046      0.90101 
  114     42.00000          822          986      0.90044 
  115     43.00000          718          904      0.88533 
  116     44.00000          620          794      0.87694 
  117     45.00000          518          703      0.84848 
  118     46.00000          387          577      0.80290 
  119     47.00000          257          437      0.74063 
  120     48.00000          131          269      0.65500 
  121     49.00000           63          166      0.55022 
  122     50.00000           30          103      0.45113 
  123     51.00000            7           36      0.32558 
  124     52.00000            0            3      0.00000 
  125     53.00000            0            0      0.00000 
  126     54.00000            0            0      0.00000 
  127     55.00000            0            0      0.00000 
  128     56.00000            0            0      0.00000 
  129     57.00000            0            0      0.00000 
  130     58.00000            0            0      0.00000 
  131     59.00000            0            0      0.00000 
  132     60.00000            0            0      0.00000 
  133     61.00000            0            0      0.00000 
  134     62.00000            0            0      0.00000 
  135     63.00000            0            0      0.00000 
  136     64.00000            0            0      0.00000 
  137     65.00000            0            0      0.00000 
  138     66.00000            0            0      0.00000 
  139     67.00000            0            0      0.00000 
  140     68.00000            0            0      0.00000 
  141     69.00000            0            0      0.00000 
  142     70.00000            0            0      0.00000 
  143     71.00000            0            0      0.00000 
  144     72.00000            0            0      0.00000 
  145     73.00000            0            0      0.00000 
  146     74.00000            0            0      0.00000 
  147     75.00000            0            0      0.00000 
  148     76.00000            0            0      0.00000 
  149     77.00000            0            0      0.00000 
  150     78.00000            0            0      0.00000 
  151     79.00000            0            0      0.00000 
  152     80.00000            0            0      0.00000 
  153     81.00000            0            0      0.00000 
  154     82.00000            0            0      0.00000 
  155     83.00000            0            0      0.00000 
  156     84.00000            0            0      0.00000 
  157     85.00000            0            0      0.00000 
  158     86.00000            0            0      0.00000 
