# 3dSliceNDice -insetA 9m_3min_s1_m2_binary+orig -insetB 9m_3min_s2_m2_binary+orig -prefix 9m_3min_split_m2_binary
    0     96.00000            0            0      0.00000 
    1     95.00000            0            0      0.00000 
    2     94.00000            0            0      0.00000 
    3     93.00000            0            0      0.00000 
    4     92.00000            0            0      0.00000 
    5     91.00000            0            0      0.00000 
    6     90.00000            0            0      0.00000 
    7     89.00000            0            0      0.00000 
    8     88.00000            0            0      0.00000 
    9     87.00000            0            0      0.00000 
   10     86.00000            0            0      0.00000 
   11     85.00000            0            0      0.00000 
   12     84.00000            0            0      0.00000 
   13     83.00000            0            0      0.00000 
   14     82.00000            0            0      0.00000 
   15     81.00000            0            0      0.00000 
   16     80.00000            0            0      0.00000 
   17     79.00000            0            0      0.00000 
   18     78.00000            0            0      0.00000 
   19     77.00000            0            0      0.00000 
   20     76.00000            0            0      0.00000 
   21     75.00000            0            0      0.00000 
   22     74.00000            0            0      0.00000 
   23     73.00000            0            0      0.00000 
   24     72.00000            0            0      0.00000 
   25     71.00000            0            0      0.00000 
   26     70.00000            0            0      0.00000 
   27     69.00000            0            0      0.00000 
   28     68.00000            0            0      0.00000 
   29     67.00000            0            0      0.00000 
   30     66.00000            0            0      0.00000 
   31     65.00000            0            0      0.00000 
   32     64.00000            0            0      0.00000 
   33     63.00000            0            0      0.00000 
   34     62.00000            0            0      0.00000 
   35     61.00000            0            0      0.00000 
   36     60.00000            0            0      0.00000 
   37     59.00000            0            0      0.00000 
   38     58.00000            0            0      0.00000 
   39     57.00000            0            0      0.00000 
   40     56.00000            0            0      0.00000 
   41     55.00000            0            0      0.00000 
   42     54.00000           17            0      0.00000 
   43     53.00000           85            0      0.00000 
   44     52.00000          156            0      0.00000 
   45     51.00000          208            0      0.00000 
   46     50.00000          278            0      0.00000 
   47     49.00000          335            0      0.00000 
   48     48.00000          374            0      0.00000 
   49     47.00000          405            0      0.00000 
   50     46.00000          416            0      0.00000 
   51     45.00000          436            0      0.00000 
   52     44.00000          462            0      0.00000 
   53     43.00000          474            0      0.00000 
   54     42.00000          456           24      0.10000 
   55     41.00000          452           85      0.31657 
   56     40.00000          463          156      0.50404 
   57     39.00000          435          215      0.66154 
   58     38.00000          383          269      0.82515 
   59     37.00000          342          331      0.98366 
   60     36.00000          386          386      1.00000 
   61     35.00000          468          465      0.99678 
   62     34.00000          537          528      0.99155 
   63     33.00000          587          574      0.98880 
   64     32.00000          647          630      0.98669 
   65     31.00000          705          667      0.97230 
   66     30.00000          772          720      0.96515 
   67     29.00000          832          768      0.96000 
   68     28.00000          891          819      0.95789 
   69     27.00000          954          864      0.95050 
   70     26.00000         1011          907      0.94578 
   71     25.00000         1068          962      0.94778 
   72     24.00000         1115         1014      0.95256 
   73     23.00000         1145         1050      0.95672 
   74     22.00000         1191         1143      0.95201 
   75     21.00000         1221         1271      0.94462 
   76     20.00000         1270         1392      0.92938 
   77     19.00000         1310         1477      0.91209 
   78     18.00000         1337         1543      0.89722 
   79     17.00000         1360         1611      0.88455 
   80     16.00000         1371         1647      0.88005 
   81     15.00000         1398         1704      0.87685 
   82     14.00000         1419         1737      0.87959 
   83     13.00000         1452         1782      0.88250 
   84     12.00000         1468         1804      0.88875 
   85     11.00000         1458         1786      0.89396 
   86     10.00000         1449         1775      0.89888 
   87      9.00000         1462         1758      0.90435 
   88      8.00000         1494         1759      0.90808 
   89      7.00000         1536         1754      0.91915 
   90      6.00000         1542         1727      0.93056 
   91      5.00000         1546         1689      0.94158 
   92      4.00000         1533         1631      0.95070 
   93      3.00000         1505         1562      0.96446 
   94      2.00000         1473         1510      0.97419 
   95      1.00000         1453         1485      0.97413 
   96      0.00000         1463         1488      0.97458 
   97     -1.00000         1461         1498      0.97398 
   98     -2.00000         1466         1510      0.97177 
   99     -3.00000         1459         1522      0.97082 
  100     -4.00000         1462         1545      0.96974 
  101     -5.00000         1432         1532      0.96559 
  102     -6.00000         1405         1514      0.96266 
  103     -7.00000         1384         1471      0.96953 
  104     -8.00000         1365         1443      0.97009 
  105     -9.00000         1355         1433      0.96628 
  106    -10.00000         1347         1433      0.96187 
  107    -11.00000         1340         1431      0.95922 
  108    -12.00000         1339         1438      0.95427 
  109    -13.00000         1316         1405      0.95406 
  110    -14.00000         1287         1368      0.95443 
  111    -15.00000         1258         1331      0.95404 
  112    -16.00000         1227         1273      0.96320 
  113    -17.00000         1216         1260      0.96850 
  114    -18.00000         1230         1245      0.95758 
  115    -19.00000         1264         1226      0.93735 
  116    -20.00000         1298         1210      0.92105 
  117    -21.00000         1309         1191      0.90320 
  118    -22.00000         1332         1188      0.88571 
  119    -23.00000         1404         1200      0.84485 
  120    -24.00000         1489         1230      0.82089 
  121    -25.00000         1555         1245      0.80000 
  122    -26.00000         1561         1214      0.77838 
  123    -27.00000         1572         1182      0.75890 
  124    -28.00000         1583         1209      0.76791 
  125    -29.00000         1564         1239      0.78345 
  126    -30.00000         1555         1251      0.78760 
  127    -31.00000         1495         1221      0.79013 
  128    -32.00000         1441         1212      0.80136 
  129    -33.00000         1370         1222      0.81636 
  130    -34.00000         1287         1229      0.81558 
  131    -35.00000         1221         1248      0.81490 
  132    -36.00000         1123         1196      0.81328 
  133    -37.00000         1076         1158      0.80483 
  134    -38.00000          985         1087      0.79633 
  135    -39.00000          887         1003      0.78836 
  136    -40.00000          784          911      0.77994 
  137    -41.00000          665          772      0.77940 
  138    -42.00000          565          652      0.79211 
  139    -43.00000          478          553      0.82444 
  140    -44.00000          431          522      0.86044 
  141    -45.00000          414          511      0.88649 
  142    -46.00000          417          499      0.88865 
  143    -47.00000          424          508      0.86695 
  144    -48.00000          424          524      0.82700 
  145    -49.00000          417          538      0.80000 
  146    -50.00000          431          558      0.78463 
  147    -51.00000          440          568      0.78373 
  148    -52.00000          462          580      0.80422 
  149    -53.00000          482          580      0.82674 
  150    -54.00000          488          568      0.83902 
  151    -55.00000          492          554      0.85851 
  152    -56.00000          478          535      0.87463 
  153    -57.00000          427          490      0.87677 
  154    -58.00000          223          286      0.86051 
  155    -59.00000           39           51      0.86667 
  156    -60.00000            0            0      0.00000 
  157    -61.00000            0            0      0.00000 
  158    -62.00000            0            0      0.00000 
  159    -63.00000            0            0      0.00000 
  160    -64.00000            0            0      0.00000 
  161    -65.00000            0            0      0.00000 
  162    -66.00000            0            0      0.00000 
  163    -67.00000            0            0      0.00000 
  164    -68.00000            0            0      0.00000 
  165    -69.00000            0            0      0.00000 
  166    -70.00000            0            0      0.00000 
  167    -71.00000            0            0      0.00000 
  168    -72.00000            0            0      0.00000 
  169    -73.00000            0            0      0.00000 
  170    -74.00000            0            0      0.00000 
  171    -75.00000            0            0      0.00000 
  172    -76.00000            0            0      0.00000 
  173    -77.00000            0            0      0.00000 
  174    -78.00000            0            0      0.00000 
  175    -79.00000            0            0      0.00000 
  176    -80.00000            0            0      0.00000 
  177    -81.00000            0            0      0.00000 
  178    -82.00000            0            0      0.00000 
  179    -83.00000            0            0      0.00000 
  180    -84.00000            0            0      0.00000 
  181    -85.00000            0            0      0.00000 
  182    -86.00000            0            0      0.00000 
  183    -87.00000            0            0      0.00000 
  184    -88.00000            0            0      0.00000 
  185    -89.00000            0            0      0.00000 
  186    -90.00000            0            0      0.00000 
  187    -91.00000            0            0      0.00000 
  188    -92.00000            0            0      0.00000 
  189    -93.00000            0            0      0.00000 
  190    -94.00000            0            0      0.00000 
  191    -95.00000            0            0      0.00000 
  192    -96.00000            0            0      0.00000 
  193    -97.00000            0            0      0.00000 
  194    -98.00000            0            0      0.00000 
