# 3dSliceNDice -insetA 9m_3min_s1_m5_binary+orig -insetB 9m_3min_s2_m5_binary+orig -prefix 9m_3min_split_m5_binary
    0    134.00000            0            0      0.00000 
    1    133.00000            0            0      0.00000 
    2    132.00000            0            0      0.00000 
    3    131.00000            0            0      0.00000 
    4    130.00000            0            0      0.00000 
    5    129.00000            0            0      0.00000 
    6    128.00000            0            0      0.00000 
    7    127.00000            0            0      0.00000 
    8    126.00000            0            0      0.00000 
    9    125.00000            0            0      0.00000 
   10    124.00000            0            0      0.00000 
   11    123.00000            0            0      0.00000 
   12    122.00000            0            0      0.00000 
   13    121.00000            0            0      0.00000 
   14    120.00000            0            0      0.00000 
   15    119.00000            0            0      0.00000 
   16    118.00000            0            0      0.00000 
   17    117.00000            0            0      0.00000 
   18    116.00000            0            0      0.00000 
   19    115.00000            0            0      0.00000 
   20    114.00000            0            0      0.00000 
   21    113.00000            0            0      0.00000 
   22    112.00000            0            0      0.00000 
   23    111.00000            0            0      0.00000 
   24    110.00000            0            0      0.00000 
   25    109.00000            0            0      0.00000 
   26    108.00000            0            0      0.00000 
   27    107.00000            0            0      0.00000 
   28    106.00000            0            0      0.00000 
   29    105.00000            0            0      0.00000 
   30    104.00000            0            0      0.00000 
   31    103.00000            0            0      0.00000 
   32    102.00000            0            0      0.00000 
   33    101.00000            0            0      0.00000 
   34    100.00000            0            0      0.00000 
   35     99.00000            0            0      0.00000 
   36     98.00000            0            0      0.00000 
   37     97.00000            0            0      0.00000 
   38     96.00000            0            0      0.00000 
   39     95.00000            0            0      0.00000 
   40     94.00000            0            0      0.00000 
   41     93.00000            0            0      0.00000 
   42     92.00000            0            0      0.00000 
   43     91.00000            0            0      0.00000 
   44     90.00000            0            0      0.00000 
   45     89.00000            0            0      0.00000 
   46     88.00000            0            0      0.00000 
   47     87.00000            0            0      0.00000 
   48     86.00000            0            0      0.00000 
   49     85.00000            0            0      0.00000 
   50     84.00000            0            0      0.00000 
   51     83.00000            0            0      0.00000 
   52     82.00000            0            0      0.00000 
   53     81.00000            0            0      0.00000 
   54     80.00000            0            0      0.00000 
   55     79.00000            0            0      0.00000 
   56     78.00000            0            0      0.00000 
   57     77.00000            0            0      0.00000 
   58     76.00000            0            0      0.00000 
   59     75.00000            0            0      0.00000 
   60     74.00000            0            0      0.00000 
   61     73.00000            0            0      0.00000 
   62     72.00000           39           11      0.12000 
   63     71.00000          113           64      0.47458 
   64     70.00000          178          124      0.58940 
   65     69.00000          231          174      0.65185 
   66     68.00000          273          213      0.69136 
   67     67.00000          373          365      0.76423 
   68     66.00000          477          472      0.80506 
   69     65.00000          573          559      0.81625 
   70     64.00000          659          629      0.82919 
   71     63.00000          743          693      0.84123 
   72     62.00000          944          849      0.85666 
   73     61.00000         1145         1004      0.86924 
   74     60.00000         1332         1164      0.88462 
   75     59.00000         1480         1283      0.89613 
   76     58.00000         1594         1380      0.90585 
   77     57.00000         1751         1556      0.93075 
   78     56.00000         1896         1713      0.94154 
   79     55.00000         2055         1867      0.95156 
   80     54.00000         2164         1991      0.95836 
   81     53.00000         2246         2101      0.96664 
   82     52.00000         2356         2217      0.96829 
   83     51.00000         2462         2309      0.96709 
   84     50.00000         2585         2426      0.96508 
   85     49.00000         2694         2518      0.96163 
   86     48.00000         2798         2608      0.95523 
   87     47.00000         2925         2794      0.96485 
   88     46.00000         3014         2922      0.96867 
   89     45.00000         3145         3055      0.96903 
   90     44.00000         3215         3116      0.96446 
   91     43.00000         3295         3174      0.96275 
   92     42.00000         3341         3206      0.95464 
   93     41.00000         3355         3211      0.95279 
   94     40.00000         3366         3251      0.95270 
   95     39.00000         3308         3235      0.95552 
   96     38.00000         3263         3269      0.95254 
   97     37.00000         3197         3268      0.95499 
   98     36.00000         3101         3209      0.95499 
   99     35.00000         3012         3179      0.95784 
  100     34.00000         2885         3089      0.94576 
  101     33.00000         2744         3029      0.92500 
  102     32.00000         2753         3154      0.88979 
  103     31.00000         2835         3245      0.88684 
  104     30.00000         2867         3279      0.87862 
  105     29.00000         2885         3290      0.86802 
  106     28.00000         2876         3224      0.84689 
  107     27.00000         2817         3131      0.81775 
  108     26.00000         2719         3074      0.81478 
  109     25.00000         2604         3041      0.80461 
  110     24.00000         2410         2944      0.79940 
  111     23.00000         2211         2853      0.80095 
  112     22.00000         2060         2769      0.79644 
  113     21.00000         1951         2661      0.78144 
  114     20.00000         1840         2521      0.76726 
  115     19.00000         1726         2380      0.75012 
  116     18.00000         1668         2295      0.72975 
  117     17.00000         1603         2202      0.70959 
  118     16.00000         1545         2133      0.69331 
  119     15.00000         1504         2080      0.67355 
  120     14.00000         1431         1980      0.65318 
  121     13.00000         1370         1893      0.63929 
  122     12.00000         1354         1830      0.64070 
  123     11.00000         1397         1790      0.64826 
  124     10.00000         1428         1714      0.65818 
  125      9.00000         1399         1591      0.65418 
  126      8.00000         1383         1488      0.64646 
  127      7.00000         1327         1378      0.64547 
  128      6.00000         1275         1337      0.65850 
  129      5.00000         1271         1340      0.67637 
  130      4.00000         1208         1289      0.68722 
  131      3.00000         1161         1218      0.70366 
  132      2.00000         1098         1113      0.72185 
  133      1.00000         1054         1090      0.71642 
  134      0.00000         1004         1070      0.70588 
  135     -1.00000          912         1009      0.69131 
  136     -2.00000          839          933      0.66704 
  137     -3.00000          714          822      0.60417 
  138     -4.00000          608          785      0.56999 
  139     -5.00000          483          748      0.51015 
  140     -6.00000          314          670      0.39228 
  141     -7.00000          124          586      0.17746 
  142     -8.00000            0          502      0.00000 
  143     -9.00000            0          450      0.00000 
  144    -10.00000            0          395      0.00000 
  145    -11.00000            0          309      0.00000 
  146    -12.00000            0          227      0.00000 
  147    -13.00000            0          152      0.00000 
  148    -14.00000            0          124      0.00000 
  149    -15.00000            0          102      0.00000 
  150    -16.00000            0           73      0.00000 
  151    -17.00000            0           32      0.00000 
  152    -18.00000            0            0      0.00000 
  153    -19.00000            0            0      0.00000 
  154    -20.00000            0            0      0.00000 
  155    -21.00000            0            0      0.00000 
  156    -22.00000            0            0      0.00000 
  157    -23.00000            0            0      0.00000 
  158    -24.00000            0            0      0.00000 
  159    -25.00000            0            0      0.00000 
  160    -26.00000            0            0      0.00000 
  161    -27.00000            0            0      0.00000 
  162    -28.00000            0            0      0.00000 
  163    -29.00000            0            0      0.00000 
  164    -30.00000            0            0      0.00000 
  165    -31.00000            0            0      0.00000 
  166    -32.00000            0            0      0.00000 
  167    -33.00000            0            0      0.00000 
  168    -34.00000            0            0      0.00000 
  169    -35.00000            0            0      0.00000 
  170    -36.00000            0            0      0.00000 
  171    -37.00000            0            0      0.00000 
  172    -38.00000            0            0      0.00000 
  173    -39.00000            0            0      0.00000 
  174    -40.00000            0            0      0.00000 
  175    -41.00000            0            0      0.00000 
  176    -42.00000            0            0      0.00000 
  177    -43.00000            0            0      0.00000 
  178    -44.00000            0            0      0.00000 
  179    -45.00000            0            0      0.00000 
  180    -46.00000            0            0      0.00000 
  181    -47.00000            0            0      0.00000 
  182    -48.00000            0            0      0.00000 
  183    -49.00000            0            0      0.00000 
  184    -50.00000            0            0      0.00000 
  185    -51.00000            0            0      0.00000 
  186    -52.00000            0            0      0.00000 
  187    -53.00000            0            0      0.00000 
  188    -54.00000            0            0      0.00000 
  189    -55.00000            0            0      0.00000 
  190    -56.00000            0            0      0.00000 
  191    -57.00000            0            0      0.00000 
  192    -58.00000            0            0      0.00000 
  193    -59.00000            0            0      0.00000 
  194    -60.00000            0            0      0.00000 
  195    -61.00000            0            0      0.00000 
  196    -62.00000            0            0      0.00000 
  197    -63.00000            0            0      0.00000 
  198    -64.00000            0            0      0.00000 
  199    -65.00000            0            0      0.00000 
  200    -66.00000            0            0      0.00000 
  201    -67.00000            0            0      0.00000 
  202    -68.00000            0            0      0.00000 
  203    -69.00000            0            0      0.00000 
  204    -70.00000            0            0      0.00000 
  205    -71.00000            0            0      0.00000 
  206    -72.00000            0            0      0.00000 
  207    -73.00000            0            0      0.00000 
  208    -74.00000            0            0      0.00000 
  209    -75.00000            0            0      0.00000 
  210    -76.00000            0            0      0.00000 
  211    -77.00000            0            0      0.00000 
  212    -78.00000            0            0      0.00000 
  213    -79.00000            0            0      0.00000 
  214    -80.00000            0            0      0.00000 
  215    -81.00000            0            0      0.00000 
  216    -82.00000            0            0      0.00000 
  217    -83.00000            0            0      0.00000 
  218    -84.00000            0            0      0.00000 
  219    -85.00000            0            0      0.00000 
  220    -86.00000            0            0      0.00000 
  221    -87.00000            0            0      0.00000 
  222    -88.00000            0            0      0.00000 
  223    -89.00000            0            0      0.00000 
  224    -90.00000            0            0      0.00000 
  225    -91.00000            0            0      0.00000 
  226    -92.00000            0            0      0.00000 
  227    -93.00000            0            0      0.00000 
  228    -94.00000            0            0      0.00000 
  229    -95.00000            0            0      0.00000 
  230    -96.00000            0            0      0.00000 
  231    -97.00000            0            0      0.00000 
  232    -98.00000            0            0      0.00000 
