# 3dSliceNDice -insetA 9m_3min_s1_m4_binary+orig -insetB 9m_3min_s2_m4_binary+orig -prefix 9m_3min_split_m4_binary
    0    134.00000            0            0      0.00000 
    1    133.00000            0            0      0.00000 
    2    132.00000            0            0      0.00000 
    3    131.00000            0            0      0.00000 
    4    130.00000            0            0      0.00000 
    5    129.00000            0            0      0.00000 
    6    128.00000            0            0      0.00000 
    7    127.00000            0            0      0.00000 
    8    126.00000            0            0      0.00000 
    9    125.00000            0            0      0.00000 
   10    124.00000            0            0      0.00000 
   11    123.00000            0            0      0.00000 
   12    122.00000            0            0      0.00000 
   13    121.00000            0            0      0.00000 
   14    120.00000            0            0      0.00000 
   15    119.00000            0            0      0.00000 
   16    118.00000            0            0      0.00000 
   17    117.00000            0            0      0.00000 
   18    116.00000            0            0      0.00000 
   19    115.00000            0            0      0.00000 
   20    114.00000            0            0      0.00000 
   21    113.00000            0            0      0.00000 
   22    112.00000            0            0      0.00000 
   23    111.00000            0            0      0.00000 
   24    110.00000            0            0      0.00000 
   25    109.00000            0            0      0.00000 
   26    108.00000            0            0      0.00000 
   27    107.00000            0            0      0.00000 
   28    106.00000            0            0      0.00000 
   29    105.00000            0            0      0.00000 
   30    104.00000            0            0      0.00000 
   31    103.00000            0            0      0.00000 
   32    102.00000            0            0      0.00000 
   33    101.00000            0            0      0.00000 
   34    100.00000            0            0      0.00000 
   35     99.00000            0            0      0.00000 
   36     98.00000            0            0      0.00000 
   37     97.00000            0            0      0.00000 
   38     96.00000            0            0      0.00000 
   39     95.00000            0            0      0.00000 
   40     94.00000            0            0      0.00000 
   41     93.00000            0            0      0.00000 
   42     92.00000            0            0      0.00000 
   43     91.00000            0            0      0.00000 
   44     90.00000            0            0      0.00000 
   45     89.00000            0            0      0.00000 
   46     88.00000            0            0      0.00000 
   47     87.00000            0            0      0.00000 
   48     86.00000            0            0      0.00000 
   49     85.00000            0            0      0.00000 
   50     84.00000            0            0      0.00000 
   51     83.00000            4            0      0.00000 
   52     82.00000           58            0      0.00000 
   53     81.00000          116           10      0.15873 
   54     80.00000          188           48      0.40678 
   55     79.00000          261           97      0.54190 
   56     78.00000          331          140      0.59448 
   57     77.00000          416          209      0.65920 
   58     76.00000          488          284      0.72021 
   59     75.00000          575          369      0.77331 
   60     74.00000          653          459      0.81835 
   61     73.00000          742          549      0.84741 
   62     72.00000          902          727      0.88766 
   63     71.00000         1022          856      0.90948 
   64     70.00000         1130          982      0.92614 
   65     69.00000         1175         1042      0.93640 
   66     68.00000         1216         1085      0.93959 
   67     67.00000         1222         1103      0.94538 
   68     66.00000         1211         1107      0.95168 
   69     65.00000         1177         1093      0.95947 
   70     64.00000         1096         1036      0.96623 
   71     63.00000         1056         1012      0.97195 
   72     62.00000          968          933      0.97107 
   73     61.00000          905          870      0.96563 
   74     60.00000          823          787      0.96149 
   75     59.00000          707          668      0.95855 
   76     58.00000          598          550      0.92334 
   77     57.00000          587          565      0.88021 
   78     56.00000          629          640      0.87470 
   79     55.00000          640          682      0.87141 
   80     54.00000          599          670      0.86525 
   81     53.00000          538          618      0.88235 
   82     52.00000          672          691      0.95084 
   83     51.00000          814          833      0.95203 
   84     50.00000          943          977      0.94792 
   85     49.00000         1054         1099      0.94473 
   86     48.00000         1144         1201      0.94158 
   87     47.00000         1333         1462      0.93524 
   88     46.00000         1474         1608      0.94354 
   89     45.00000         1614         1722      0.95204 
   90     44.00000         1705         1787      0.96163 
   91     43.00000         1773         1842      0.96653 
   92     42.00000         1862         1960      0.96232 
   93     41.00000         1956         2136      0.94819 
   94     40.00000         2047         2301      0.93882 
   95     39.00000         2142         2435      0.93249 
   96     38.00000         2249         2571      0.92739 
   97     37.00000         2360         2689      0.92652 
   98     36.00000         2448         2756      0.92813 
   99     35.00000         2535         2843      0.92488 
  100     34.00000         2567         2864      0.92285 
  101     33.00000         2616         2903      0.92154 
  102     32.00000         2645         2903      0.91528 
  103     31.00000         2668         2861      0.90360 
  104     30.00000         2696         2844      0.89603 
  105     29.00000         2709         2776      0.88824 
  106     28.00000         2617         2647      0.87044 
  107     27.00000         2419         2461      0.86762 
  108     26.00000         2395         2395      0.85971 
  109     25.00000         2371         2300      0.84778 
  110     24.00000         2298         2150      0.84038 
  111     23.00000         2178         1927      0.81900 
  112     22.00000         2254         1962      0.82495 
  113     21.00000         2376         2092      0.83841 
  114     20.00000         2407         2167      0.84609 
  115     19.00000         2362         2190      0.85984 
  116     18.00000         2344         2227      0.87289 
  117     17.00000         2408         2340      0.89006 
  118     16.00000         2429         2389      0.90162 
  119     15.00000         2441         2429      0.90801 
  120     14.00000         2421         2442      0.91590 
  121     13.00000         2392         2464      0.92751 
  122     12.00000         2375         2460      0.93609 
  123     11.00000         2373         2430      0.93816 
  124     10.00000         2367         2391      0.94073 
  125      9.00000         2342         2323      0.94534 
  126      8.00000         2327         2245      0.94969 
  127      7.00000         2292         2184      0.95666 
  128      6.00000         2247         2146      0.95652 
  129      5.00000         2207         2109      0.95644 
  130      4.00000         2167         2083      0.96047 
  131      3.00000         2143         2068      0.96414 
  132      2.00000         2111         2038      0.96409 
  133      1.00000         2058         1994      0.96347 
  134      0.00000         2033         1946      0.95552 
  135     -1.00000         1962         1881      0.94666 
  136     -2.00000         1933         1832      0.93493 
  137     -3.00000         1878         1769      0.92624 
  138     -4.00000         1800         1697      0.91621 
  139     -5.00000         1716         1619      0.91214 
  140     -6.00000         1591         1530      0.90996 
  141     -7.00000         1367         1362      0.89630 
  142     -8.00000          880         1014      0.85428 
  143     -9.00000          867          981      0.87338 
  144    -10.00000          844          938      0.89899 
  145    -11.00000          847          907      0.91448 
  146    -12.00000          848          859      0.94318 
  147    -13.00000          843          809      0.96852 
  148    -14.00000          831          795      0.96679 
  149    -15.00000          818          775      0.97301 
  150    -16.00000          804          751      0.96592 
  151    -17.00000          796          739      0.96287 
  152    -18.00000          769          701      0.95374 
  153    -19.00000          744          668      0.94618 
  154    -20.00000          710          625      0.93633 
  155    -21.00000          650          585      0.91660 
  156    -22.00000          617          555      0.91809 
  157    -23.00000          557          540      0.91887 
  158    -24.00000          517          530      0.91882 
  159    -25.00000          456          509      0.90570 
  160    -26.00000          381          468      0.88339 
  161    -27.00000          310          442      0.82447 
  162    -28.00000          246          390      0.77358 
  163    -29.00000          209          339      0.76277 
  164    -30.00000          167          283      0.74222 
  165    -31.00000          112          204      0.70886 
  166    -32.00000           48           98      0.65753 
  167    -33.00000            0            0      0.00000 
  168    -34.00000            0            0      0.00000 
  169    -35.00000            0            0      0.00000 
  170    -36.00000            0            0      0.00000 
  171    -37.00000            0            0      0.00000 
  172    -38.00000            0            0      0.00000 
  173    -39.00000            0            0      0.00000 
  174    -40.00000            0            0      0.00000 
  175    -41.00000            0            0      0.00000 
  176    -42.00000            0            0      0.00000 
  177    -43.00000            0            0      0.00000 
  178    -44.00000            0            0      0.00000 
  179    -45.00000            0            0      0.00000 
  180    -46.00000            0            0      0.00000 
  181    -47.00000            0            0      0.00000 
  182    -48.00000            0            0      0.00000 
  183    -49.00000            0            0      0.00000 
  184    -50.00000            0            0      0.00000 
  185    -51.00000            0            0      0.00000 
  186    -52.00000            0            0      0.00000 
  187    -53.00000            0            0      0.00000 
  188    -54.00000            0            0      0.00000 
  189    -55.00000            0            0      0.00000 
  190    -56.00000            0            0      0.00000 
  191    -57.00000            0            0      0.00000 
  192    -58.00000            0            0      0.00000 
  193    -59.00000            0            0      0.00000 
  194    -60.00000            0            0      0.00000 
  195    -61.00000            0            0      0.00000 
  196    -62.00000            0            0      0.00000 
  197    -63.00000            0            0      0.00000 
  198    -64.00000            0            0      0.00000 
  199    -65.00000            0            0      0.00000 
  200    -66.00000            0            0      0.00000 
  201    -67.00000            0            0      0.00000 
  202    -68.00000            0            0      0.00000 
  203    -69.00000            0            0      0.00000 
  204    -70.00000            0            0      0.00000 
  205    -71.00000            0            0      0.00000 
  206    -72.00000            0            0      0.00000 
  207    -73.00000            0            0      0.00000 
  208    -74.00000            0            0      0.00000 
  209    -75.00000            0            0      0.00000 
  210    -76.00000            0            0      0.00000 
  211    -77.00000            0            0      0.00000 
  212    -78.00000            0            0      0.00000 
  213    -79.00000            0            0      0.00000 
  214    -80.00000            0            0      0.00000 
  215    -81.00000            0            0      0.00000 
  216    -82.00000            0            0      0.00000 
  217    -83.00000            0            0      0.00000 
  218    -84.00000            0            0      0.00000 
  219    -85.00000            0            0      0.00000 
  220    -86.00000            0            0      0.00000 
  221    -87.00000            0            0      0.00000 
  222    -88.00000            0            0      0.00000 
  223    -89.00000            0            0      0.00000 
  224    -90.00000            0            0      0.00000 
  225    -91.00000            0            0      0.00000 
  226    -92.00000            0            0      0.00000 
  227    -93.00000            0            0      0.00000 
  228    -94.00000            0            0      0.00000 
  229    -95.00000            0            0      0.00000 
  230    -96.00000            0            0      0.00000 
  231    -97.00000            0            0      0.00000 
  232    -98.00000            0            0      0.00000 
