# 3dSliceNDice -insetA 9m_3min_s1_m5_binary+orig -insetB 9m_3min_s2_m5_binary+orig -prefix 9m_3min_split_m5_binary
    0     96.00000            0            0      0.00000 
    1     95.00000            0            0      0.00000 
    2     94.00000            0            0      0.00000 
    3     93.00000            0            0      0.00000 
    4     92.00000            0            0      0.00000 
    5     91.00000            0            0      0.00000 
    6     90.00000            0            0      0.00000 
    7     89.00000            0            0      0.00000 
    8     88.00000            0            0      0.00000 
    9     87.00000            0            0      0.00000 
   10     86.00000            0            0      0.00000 
   11     85.00000            0            0      0.00000 
   12     84.00000            0            0      0.00000 
   13     83.00000            0            0      0.00000 
   14     82.00000            0            0      0.00000 
   15     81.00000            0            0      0.00000 
   16     80.00000            0            0      0.00000 
   17     79.00000            0            0      0.00000 
   18     78.00000            0            0      0.00000 
   19     77.00000            0            0      0.00000 
   20     76.00000            0            0      0.00000 
   21     75.00000            0            0      0.00000 
   22     74.00000            0            0      0.00000 
   23     73.00000            0            0      0.00000 
   24     72.00000            0            0      0.00000 
   25     71.00000            0            0      0.00000 
   26     70.00000            0            0      0.00000 
   27     69.00000            0            0      0.00000 
   28     68.00000            0            0      0.00000 
   29     67.00000            0            0      0.00000 
   30     66.00000            0            0      0.00000 
   31     65.00000            0            0      0.00000 
   32     64.00000            0            0      0.00000 
   33     63.00000            0            0      0.00000 
   34     62.00000            0            0      0.00000 
   35     61.00000            0            0      0.00000 
   36     60.00000            0            0      0.00000 
   37     59.00000            0            0      0.00000 
   38     58.00000            0            0      0.00000 
   39     57.00000            0            0      0.00000 
   40     56.00000            0            0      0.00000 
   41     55.00000            0            0      0.00000 
   42     54.00000            0            0      0.00000 
   43     53.00000            0            0      0.00000 
   44     52.00000            0            0      0.00000 
   45     51.00000            0            0      0.00000 
   46     50.00000            0            0      0.00000 
   47     49.00000            0            0      0.00000 
   48     48.00000            0            0      0.00000 
   49     47.00000            0            0      0.00000 
   50     46.00000            0            0      0.00000 
   51     45.00000            0            0      0.00000 
   52     44.00000           43            7      0.28000 
   53     43.00000           79           23      0.45098 
   54     42.00000          121           57      0.64045 
   55     41.00000          163          114      0.82310 
   56     40.00000          237          185      0.87678 
   57     39.00000          288          237      0.90286 
   58     38.00000          335          285      0.91935 
   59     37.00000          382          337      0.93741 
   60     36.00000          427          381      0.94307 
   61     35.00000          505          455      0.94792 
   62     34.00000          567          509      0.94610 
   63     33.00000          609          547      0.94637 
   64     32.00000          661          585      0.93900 
   65     31.00000          691          606      0.93446 
   66     30.00000          727          645      0.94023 
   67     29.00000          758          689      0.95232 
   68     28.00000          794          731      0.95869 
   69     27.00000          977         1078      0.85061 
   70     26.00000         1185         1366      0.85065 
   71     25.00000         1363         1565      0.86954 
   72     24.00000         1493         1706      0.87840 
   73     23.00000         1593         1811      0.88602 
   74     22.00000         1718         1938      0.89333 
   75     21.00000         1792         2000      0.90137 
   76     20.00000         1885         2098      0.90083 
   77     19.00000         1949         2140      0.90389 
   78     18.00000         2007         2165      0.90988 
   79     17.00000         2305         2532      0.90263 
   80     16.00000         2502         2711      0.90927 
   81     15.00000         2666         2853      0.92009 
   82     14.00000         2778         2941      0.92883 
   83     13.00000         2883         3029      0.93505 
   84     12.00000         2988         3096      0.94050 
   85     11.00000         3042         3113      0.94102 
   86     10.00000         3140         3167      0.94371 
   87      9.00000         3186         3172      0.93803 
   88      8.00000         3255         3187      0.93108 
   89      7.00000         3316         3201      0.91944 
   90      6.00000         3309         3185      0.91223 
   91      5.00000         3307         3161      0.90569 
   92      4.00000         3241         3090      0.90223 
   93      3.00000         3194         3011      0.89637 
   94      2.00000         3106         2897      0.88622 
   95      1.00000         2988         2796      0.88209 
   96      0.00000         2898         2707      0.87279 
   97     -1.00000         2820         2627      0.86470 
   98     -2.00000         2810         2605      0.85688 
   99     -3.00000         2727         2536      0.85883 
  100     -4.00000         2662         2480      0.86659 
  101     -5.00000         2534         2371      0.87462 
  102     -6.00000         2333         2213      0.88605 
  103     -7.00000         2096         2020      0.91594 
  104     -8.00000         1891         1861      0.94136 
  105     -9.00000         1866         1772      0.92523 
  106    -10.00000         1807         1647      0.90620 
  107    -11.00000         1733         1496      0.88201 
  108    -12.00000         1588         1295      0.86230 
  109    -13.00000         1370         1119      0.89514 
  110    -14.00000         1372         1160      0.89731 
  111    -15.00000         1385         1213      0.89915 
  112    -16.00000         1381         1255      0.89909 
  113    -17.00000         1387         1300      0.89840 
  114    -18.00000         1440         1427      0.87199 
  115    -19.00000         1508         1567      0.85333 
  116    -20.00000         1550         1690      0.83827 
  117    -21.00000         1565         1771      0.82554 
  118    -22.00000         1591         1844      0.81572 
  119    -23.00000         1594         1928      0.79898 
  120    -24.00000         1600         1994      0.78019 
  121    -25.00000         1602         2080      0.76209 
  122    -26.00000         1544         2068      0.74031 
  123    -27.00000         1485         2046      0.71255 
  124    -28.00000         1428         2000      0.69662 
  125    -29.00000         1380         1920      0.69576 
  126    -30.00000         1328         1870      0.68856 
  127    -31.00000         1253         1772      0.68893 
  128    -32.00000         1182         1693      0.68939 
  129    -33.00000         1126         1622      0.67613 
  130    -34.00000         1071         1577      0.66163 
  131    -35.00000         1005         1513      0.64098 
  132    -36.00000          882         1410      0.60384 
  133    -37.00000          790         1343      0.57478 
  134    -38.00000          702         1274      0.53441 
  135    -39.00000          654         1234      0.49788 
  136    -40.00000          572         1167      0.45543 
  137    -41.00000          467         1041      0.39390 
  138    -42.00000          353          946      0.34488 
  139    -43.00000          270          864      0.33862 
  140    -44.00000          278          843      0.39072 
  141    -45.00000          300          822      0.44742 
  142    -46.00000          308          767      0.49860 
  143    -47.00000          316          676      0.56452 
  144    -48.00000          316          519      0.68503 
  145    -49.00000          308          535      0.69276 
  146    -50.00000          300          544      0.71090 
  147    -51.00000          276          500      0.71134 
  148    -52.00000          256          465      0.71012 
  149    -53.00000          212          409      0.68277 
  150    -54.00000          165          311      0.69328 
  151    -55.00000          105          221      0.64417 
  152    -56.00000           51          158      0.48804 
  153    -57.00000            7           90      0.14433 
  154    -58.00000            0           13      0.00000 
  155    -59.00000            0            0      0.00000 
  156    -60.00000            0            0      0.00000 
  157    -61.00000            0            0      0.00000 
  158    -62.00000            0            0      0.00000 
  159    -63.00000            0            0      0.00000 
  160    -64.00000            0            0      0.00000 
  161    -65.00000            0            0      0.00000 
  162    -66.00000            0            0      0.00000 
  163    -67.00000            0            0      0.00000 
  164    -68.00000            0            0      0.00000 
  165    -69.00000            0            0      0.00000 
  166    -70.00000            0            0      0.00000 
  167    -71.00000            0            0      0.00000 
  168    -72.00000            0            0      0.00000 
  169    -73.00000            0            0      0.00000 
  170    -74.00000            0            0      0.00000 
  171    -75.00000            0            0      0.00000 
  172    -76.00000            0            0      0.00000 
  173    -77.00000            0            0      0.00000 
  174    -78.00000            0            0      0.00000 
  175    -79.00000            0            0      0.00000 
  176    -80.00000            0            0      0.00000 
  177    -81.00000            0            0      0.00000 
  178    -82.00000            0            0      0.00000 
  179    -83.00000            0            0      0.00000 
  180    -84.00000            0            0      0.00000 
  181    -85.00000            0            0      0.00000 
  182    -86.00000            0            0      0.00000 
  183    -87.00000            0            0      0.00000 
  184    -88.00000            0            0      0.00000 
  185    -89.00000            0            0      0.00000 
  186    -90.00000            0            0      0.00000 
  187    -91.00000            0            0      0.00000 
  188    -92.00000            0            0      0.00000 
  189    -93.00000            0            0      0.00000 
  190    -94.00000            0            0      0.00000 
  191    -95.00000            0            0      0.00000 
  192    -96.00000            0            0      0.00000 
  193    -97.00000            0            0      0.00000 
  194    -98.00000            0            0      0.00000 
