# 3dSliceNDice -insetA 9m_4min_s1_m2_binary+orig -insetB 9m_4min_s2_m2_binary+orig -prefix 9m_4min_split_m2_binary
    0     96.00000            0            0      0.00000 
    1     95.00000            0            0      0.00000 
    2     94.00000            0            0      0.00000 
    3     93.00000            0            0      0.00000 
    4     92.00000            0            0      0.00000 
    5     91.00000            0            0      0.00000 
    6     90.00000            0            0      0.00000 
    7     89.00000            0            0      0.00000 
    8     88.00000            0            0      0.00000 
    9     87.00000            0            0      0.00000 
   10     86.00000            0            0      0.00000 
   11     85.00000            0            0      0.00000 
   12     84.00000            0            0      0.00000 
   13     83.00000            0            0      0.00000 
   14     82.00000            0            0      0.00000 
   15     81.00000            0            0      0.00000 
   16     80.00000            0            0      0.00000 
   17     79.00000            0            0      0.00000 
   18     78.00000            0            0      0.00000 
   19     77.00000            0            0      0.00000 
   20     76.00000            0            0      0.00000 
   21     75.00000            0            0      0.00000 
   22     74.00000            0            0      0.00000 
   23     73.00000            0            0      0.00000 
   24     72.00000            0            0      0.00000 
   25     71.00000            0            0      0.00000 
   26     70.00000            0            0      0.00000 
   27     69.00000            0            0      0.00000 
   28     68.00000            0            0      0.00000 
   29     67.00000            0            0      0.00000 
   30     66.00000            0            0      0.00000 
   31     65.00000            0            0      0.00000 
   32     64.00000            0            0      0.00000 
   33     63.00000            0            0      0.00000 
   34     62.00000            0            0      0.00000 
   35     61.00000            0            0      0.00000 
   36     60.00000            0            0      0.00000 
   37     59.00000            0            0      0.00000 
   38     58.00000            0            0      0.00000 
   39     57.00000            0            0      0.00000 
   40     56.00000            0            0      0.00000 
   41     55.00000            0            0      0.00000 
   42     54.00000           15           29      0.68182 
   43     53.00000           80          125      0.78049 
   44     52.00000          146          205      0.83191 
   45     51.00000          188          251      0.85649 
   46     50.00000          245          305      0.86182 
   47     49.00000          295          367      0.87311 
   48     48.00000          327          377      0.84375 
   49     47.00000          357          397      0.83554 
   50     46.00000          366          397      0.83093 
   51     45.00000          382          395      0.81081 
   52     44.00000          366          366      0.78689 
   53     43.00000          346          346      0.78613 
   54     42.00000          311          324      0.75906 
   55     41.00000          318          348      0.76276 
   56     40.00000          335          378      0.77980 
   57     39.00000          328          378      0.79603 
   58     38.00000          304          359      0.83258 
   59     37.00000          306          366      0.91071 
   60     36.00000          361          422      0.92209 
   61     35.00000          440          505      0.93122 
   62     34.00000          501          566      0.93908 
   63     33.00000          544          605      0.94691 
   64     32.00000          602          648      0.96320 
   65     31.00000          661          682      0.97692 
   66     30.00000          727          730      0.96774 
   67     29.00000          793          781      0.96188 
   68     28.00000          850          833      0.95663 
   69     27.00000          908          893      0.95058 
   70     26.00000          938          967      0.94173 
   71     25.00000          987         1041      0.93886 
   72     24.00000         1021         1109      0.93615 
   73     23.00000         1041         1157      0.93358 
   74     22.00000         1078         1238      0.92314 
   75     21.00000         1120         1308      0.92092 
   76     20.00000         1187         1376      0.92626 
   77     19.00000         1236         1423      0.92967 
   78     18.00000         1264         1457      0.92907 
   79     17.00000         1297         1490      0.93075 
   80     16.00000         1321         1497      0.93400 
   81     15.00000         1375         1529      0.94146 
   82     14.00000         1418         1538      0.95129 
   83     13.00000         1464         1556      0.95960 
   84     12.00000         1499         1556      0.96825 
   85     11.00000         1495         1536      0.97328 
   86     10.00000         1503         1528      0.98053 
   87      9.00000         1513         1532      0.98062 
   88      8.00000         1541         1554      0.98094 
   89      7.00000         1578         1592      0.98423 
   90      6.00000         1582         1600      0.98680 
   91      5.00000         1579         1618      0.98780 
   92      4.00000         1565         1611      0.98552 
   93      3.00000         1538         1594      0.98212 
   94      2.00000         1499         1567      0.97782 
   95      1.00000         1466         1542      0.97473 
   96      0.00000         1477         1558      0.97331 
   97     -1.00000         1495         1566      0.97419 
   98     -2.00000         1517         1582      0.97128 
   99     -3.00000         1535         1593      0.96995 
  100     -4.00000         1560         1606      0.97157 
  101     -5.00000         1547         1595      0.96881 
  102     -6.00000         1527         1573      0.96387 
  103     -7.00000         1500         1535      0.96277 
  104     -8.00000         1470         1502      0.95895 
  105     -9.00000         1446         1479      0.95590 
  106    -10.00000         1441         1459      0.94897 
  107    -11.00000         1443         1450      0.94158 
  108    -12.00000         1444         1449      0.93467 
  109    -13.00000         1423         1444      0.91454 
  110    -14.00000         1387         1458      0.88787 
  111    -15.00000         1356         1471      0.85886 
  112    -16.00000         1302         1464      0.83225 
  113    -17.00000         1254         1467      0.80412 
  114    -18.00000         1266         1494      0.79130 
  115    -19.00000         1317         1505      0.79872 
  116    -20.00000         1361         1505      0.79833 
  117    -21.00000         1381         1482      0.79776 
  118    -22.00000         1406         1457      0.79986 
  119    -23.00000         1425         1503      0.78279 
  120    -24.00000         1427         1589      0.76061 
  121    -25.00000         1422         1665      0.73988 
  122    -26.00000         1368         1684      0.71822 
  123    -27.00000         1325         1704      0.69858 
  124    -28.00000         1305         1712      0.69274 
  125    -29.00000         1324         1701      0.70545 
  126    -30.00000         1326         1705      0.71066 
  127    -31.00000         1308         1653      0.71530 
  128    -32.00000         1277         1608      0.71958 
  129    -33.00000         1262         1559      0.73307 
  130    -34.00000         1232         1500      0.74085 
  131    -35.00000         1213         1434      0.74575 
  132    -36.00000         1133         1332      0.74970 
  133    -37.00000         1094         1262      0.74958 
  134    -38.00000         1040         1168      0.74004 
  135    -39.00000         1000         1087      0.70628 
  136    -40.00000          950          995      0.66838 
  137    -41.00000          872          864      0.63710 
  138    -42.00000          797          784      0.63757 
  139    -43.00000          722          713      0.65366 
  140    -44.00000          700          642      0.64978 
  141    -45.00000          729          585      0.68037 
  142    -46.00000          766          580      0.71620 
  143    -47.00000          788          589      0.75091 
  144    -48.00000          810          587      0.78311 
  145    -49.00000          793          579      0.81487 
  146    -50.00000          799          576      0.83345 
  147    -51.00000          792          568      0.83529 
  148    -52.00000          786          580      0.84919 
  149    -53.00000          765          580      0.86245 
  150    -54.00000          731          568      0.87452 
  151    -55.00000          704          554      0.88076 
  152    -56.00000          671          543      0.88303 
  153    -57.00000          592          503      0.89315 
  154    -58.00000          287          297      0.94178 
  155    -59.00000           48           51      0.96970 
  156    -60.00000            0            0      0.00000 
  157    -61.00000            0            0      0.00000 
  158    -62.00000            0            0      0.00000 
  159    -63.00000            0            0      0.00000 
  160    -64.00000            0            0      0.00000 
  161    -65.00000            0            0      0.00000 
  162    -66.00000            0            0      0.00000 
  163    -67.00000            0            0      0.00000 
  164    -68.00000            0            0      0.00000 
  165    -69.00000            0            0      0.00000 
  166    -70.00000            0            0      0.00000 
  167    -71.00000            0            0      0.00000 
  168    -72.00000            0            0      0.00000 
  169    -73.00000            0            0      0.00000 
  170    -74.00000            0            0      0.00000 
  171    -75.00000            0            0      0.00000 
  172    -76.00000            0            0      0.00000 
  173    -77.00000            0            0      0.00000 
  174    -78.00000            0            0      0.00000 
  175    -79.00000            0            0      0.00000 
  176    -80.00000            0            0      0.00000 
  177    -81.00000            0            0      0.00000 
  178    -82.00000            0            0      0.00000 
  179    -83.00000            0            0      0.00000 
  180    -84.00000            0            0      0.00000 
  181    -85.00000            0            0      0.00000 
  182    -86.00000            0            0      0.00000 
  183    -87.00000            0            0      0.00000 
  184    -88.00000            0            0      0.00000 
  185    -89.00000            0            0      0.00000 
  186    -90.00000            0            0      0.00000 
  187    -91.00000            0            0      0.00000 
  188    -92.00000            0            0      0.00000 
  189    -93.00000            0            0      0.00000 
  190    -94.00000            0            0      0.00000 
  191    -95.00000            0            0      0.00000 
  192    -96.00000            0            0      0.00000 
  193    -97.00000            0            0      0.00000 
  194    -98.00000            0            0      0.00000 
