# 3dSliceNDice -insetA 9m_4min_s1_m5_binary+orig -insetB 9m_4min_s2_m5_binary+orig -prefix 9m_4min_split_m5_binary
    0    -72.00000            0            0      0.00000 
    1    -71.00000            0            0      0.00000 
    2    -70.00000            0            0      0.00000 
    3    -69.00000            0            0      0.00000 
    4    -68.00000            0            0      0.00000 
    5    -67.00000            0            0      0.00000 
    6    -66.00000            0            0      0.00000 
    7    -65.00000            0            0      0.00000 
    8    -64.00000            0            0      0.00000 
    9    -63.00000            0            0      0.00000 
   10    -62.00000            0            0      0.00000 
   11    -61.00000            0            0      0.00000 
   12    -60.00000            0            0      0.00000 
   13    -59.00000            0            0      0.00000 
   14    -58.00000            0            0      0.00000 
   15    -57.00000            0            0      0.00000 
   16    -56.00000            0            0      0.00000 
   17    -55.00000            0            0      0.00000 
   18    -54.00000            0            0      0.00000 
   19    -53.00000            0            0      0.00000 
   20    -52.00000            0            0      0.00000 
   21    -51.00000            6            6      1.00000 
   22    -50.00000          137          137      1.00000 
   23    -49.00000          681          681      1.00000 
   24    -48.00000         1101         1101      1.00000 
   25    -47.00000         1342         1342      1.00000 
   26    -46.00000         1600         1600      1.00000 
   27    -45.00000         1862         1862      1.00000 
   28    -44.00000         2076         2076      1.00000 
   29    -43.00000         2294         2295      0.99978 
   30    -42.00000         2470         2469      0.99777 
   31    -41.00000         2594         2587      0.99556 
   32    -40.00000         2704         2692      0.99481 
   33    -39.00000         2771         2754      0.99548 
   34    -38.00000         2845         2815      0.99187 
   35    -37.00000         2877         2836      0.99072 
   36    -36.00000         2916         2880      0.98792 
   37    -35.00000         2923         2899      0.98385 
   38    -34.00000         2910         2885      0.98257 
   39    -33.00000         2920         2882      0.97932 
   40    -32.00000         2907         2849      0.97776 
   41    -31.00000         2883         2809      0.97470 
   42    -30.00000         2832         2735      0.97108 
   43    -29.00000         2734         2613      0.96690 
   44    -28.00000         2650         2495      0.96016 
   45    -27.00000         2574         2354      0.94521 
   46    -26.00000         2574         2348      0.94393 
   47    -25.00000         2490         2261      0.94128 
   48    -24.00000         2324         2098      0.93758 
   49    -23.00000         2063         1875      0.93195 
   50    -22.00000         1673         1679      0.92482 
   51    -21.00000         1579         1576      0.92044 
   52    -20.00000         1449         1435      0.91609 
   53    -19.00000         1262         1228      0.90602 
   54    -18.00000          942          860      0.87014 
   55    -17.00000          216            0      0.00000 
   56    -16.00000          180            0      0.00000 
   57    -15.00000          140            0      0.00000 
   58    -14.00000           88            0      0.00000 
   59    -13.00000           32            0      0.00000 
   60    -12.00000            0            0      0.00000 
   61    -11.00000            0            0      0.00000 
   62    -10.00000            0            0      0.00000 
   63     -9.00000            0            0      0.00000 
   64     -8.00000            0            0      0.00000 
   65     -7.00000            0            0      0.00000 
   66     -6.00000            0            0      0.00000 
   67     -5.00000            0            0      0.00000 
   68     -4.00000            0            0      0.00000 
   69     -3.00000            0            0      0.00000 
   70     -2.00000            0           64      0.00000 
   71     -1.00000            0          176      0.00000 
   72      0.00000            0          260      0.00000 
   73      1.00000            0          320      0.00000 
   74      2.00000            0          372      0.00000 
   75      3.00000          252          433      0.64234 
   76      4.00000          467          501      0.76240 
   77      5.00000          629          580      0.77254 
   78      6.00000          750          633      0.77223 
   79      7.00000          852          679      0.77204 
   80      8.00000         1131         1076      0.75306 
   81      9.00000         1449         1411      0.76364 
   82     10.00000         1751         1664      0.78009 
   83     11.00000         1966         1837      0.79043 
   84     12.00000         2150         1980      0.79903 
   85     13.00000         2461         2161      0.83557 
   86     14.00000         2617         2310      0.84108 
   87     15.00000         2793         2498      0.85504 
   88     16.00000         2893         2619      0.86284 
   89     17.00000         2985         2730      0.86999 
   90     18.00000         3058         2840      0.87759 
   91     19.00000         3065         2874      0.88096 
   92     20.00000         3094         2941      0.88583 
   93     21.00000         3057         2936      0.88437 
   94     22.00000         3041         2951      0.88451 
   95     23.00000         2954         2908      0.88298 
   96     24.00000         2850         2831      0.88083 
   97     25.00000         2739         2757      0.87991 
   98     26.00000         2530         2627      0.87648 
   99     27.00000         2336         2518      0.87763 
  100     28.00000         2142         2455      0.86752 
  101     29.00000         2042         2423      0.85554 
  102     30.00000         1901         2368      0.84048 
  103     31.00000         1679         2235      0.81809 
  104     32.00000         1472         2133      0.79501 
  105     33.00000         1303         2023      0.77571 
  106     34.00000         1263         1955      0.77191 
  107     35.00000         1225         1902      0.76239 
  108     36.00000         1143         1776      0.74409 
  109     37.00000         1059         1643      0.71947 
  110     38.00000         1013         1497      0.71793 
  111     39.00000          988         1390      0.72246 
  112     40.00000          965         1267      0.73297 
  113     41.00000          917         1076      0.74059 
  114     42.00000          862          861      0.76378 
  115     43.00000          766          708      0.79376 
  116     44.00000          678          647      0.80151 
  117     45.00000          594          572      0.80274 
  118     46.00000          492          471      0.80582 
  119     47.00000          387          375      0.82677 
  120     48.00000          308          310      0.89320 
  121     49.00000          262          272      0.88764 
  122     50.00000          200          221      0.88836 
  123     51.00000          121          149      0.85926 
  124     52.00000           63           87      0.84000 
  125     53.00000           24           29      0.90566 
  126     54.00000            2            3      0.80000 
  127     55.00000            0            0      0.00000 
  128     56.00000            0            0      0.00000 
  129     57.00000            0            0      0.00000 
  130     58.00000            0            0      0.00000 
  131     59.00000            0            0      0.00000 
  132     60.00000            0            0      0.00000 
  133     61.00000            0            0      0.00000 
  134     62.00000            0            0      0.00000 
  135     63.00000            0            0      0.00000 
  136     64.00000            0            0      0.00000 
  137     65.00000            0            0      0.00000 
  138     66.00000            0            0      0.00000 
  139     67.00000            0            0      0.00000 
  140     68.00000            0            0      0.00000 
  141     69.00000            0            0      0.00000 
  142     70.00000            0            0      0.00000 
  143     71.00000            0            0      0.00000 
  144     72.00000            0            0      0.00000 
  145     73.00000            0            0      0.00000 
  146     74.00000            0            0      0.00000 
  147     75.00000            0            0      0.00000 
  148     76.00000            0            0      0.00000 
  149     77.00000            0            0      0.00000 
  150     78.00000            0            0      0.00000 
  151     79.00000            0            0      0.00000 
  152     80.00000            0            0      0.00000 
  153     81.00000            0            0      0.00000 
  154     82.00000            0            0      0.00000 
  155     83.00000            0            0      0.00000 
  156     84.00000            0            0      0.00000 
  157     85.00000            0            0      0.00000 
  158     86.00000            0            0      0.00000 
