# 3dSliceNDice -insetA 9m_4min_s1_m2_binary+orig -insetB 9m_4min_s2_m2_binary+orig -prefix 9m_4min_split_m2_binary
    0    -72.00000            0            0      0.00000 
    1    -71.00000            0            0      0.00000 
    2    -70.00000            0            0      0.00000 
    3    -69.00000            0            0      0.00000 
    4    -68.00000            0            0      0.00000 
    5    -67.00000            0            0      0.00000 
    6    -66.00000            0            0      0.00000 
    7    -65.00000            0            0      0.00000 
    8    -64.00000            0            0      0.00000 
    9    -63.00000            0            0      0.00000 
   10    -62.00000            0            0      0.00000 
   11    -61.00000            0            0      0.00000 
   12    -60.00000            0            0      0.00000 
   13    -59.00000            0            0      0.00000 
   14    -58.00000            0            0      0.00000 
   15    -57.00000            0            0      0.00000 
   16    -56.00000            0            0      0.00000 
   17    -55.00000            0            0      0.00000 
   18    -54.00000            0            0      0.00000 
   19    -53.00000            0            0      0.00000 
   20    -52.00000            0            0      0.00000 
   21    -51.00000            6            6      1.00000 
   22    -50.00000          137          137      1.00000 
   23    -49.00000          681          681      1.00000 
   24    -48.00000         1101         1101      1.00000 
   25    -47.00000         1342         1342      1.00000 
   26    -46.00000         1600         1595      0.99844 
   27    -45.00000         1858         1833      0.99160 
   28    -44.00000         2059         2013      0.98477 
   29    -43.00000         2258         2190      0.97752 
   30    -42.00000         2417         2329      0.97177 
   31    -41.00000         2526         2428      0.97013 
   32    -40.00000         2630         2518      0.96853 
   33    -39.00000         2700         2568      0.96166 
   34    -38.00000         2759         2613      0.95942 
   35    -37.00000         2795         2627      0.94947 
   36    -36.00000         2837         2667      0.94259 
   37    -35.00000         2846         2700      0.93545 
   38    -34.00000         2835         2708      0.93271 
   39    -33.00000         2859         2724      0.92567 
   40    -32.00000         2862         2704      0.92526 
   41    -31.00000         2853         2669      0.92503 
   42    -30.00000         2821         2619      0.92721 
   43    -29.00000         2748         2563      0.92713 
   44    -28.00000         2735         2576      0.93579 
   45    -27.00000         2745         2569      0.94016 
   46    -26.00000         2770         2596      0.93850 
   47    -25.00000         2720         2551      0.93796 
   48    -24.00000         2604         2443      0.93719 
   49    -23.00000         2499         2351      0.93814 
   50    -22.00000         2366         2251      0.94260 
   51    -21.00000         2268         2184      0.93980 
   52    -20.00000         2137         2105      0.93588 
   53    -19.00000         1955         1987      0.92897 
   54    -18.00000         1748         1869      0.91789 
   55    -17.00000         1522         1754      0.90720 
   56    -16.00000         1443         1668      0.91032 
   57    -15.00000         1366         1591      0.91444 
   58    -14.00000         1252         1474      0.91489 
   59    -13.00000         1112         1327      0.90365 
   60    -12.00000         1063         1228      0.85552 
   61    -11.00000         1095         1219      0.83751 
   62    -10.00000         1082         1175      0.82499 
   63     -9.00000         1015         1081      0.80153 
   64     -8.00000          893          928      0.74574 
   65     -7.00000          647          790      0.68198 
   66     -6.00000          632          791      0.71117 
   67     -5.00000          621          771      0.72989 
   68     -4.00000          578          708      0.74184 
   69     -3.00000          533          609      0.77233 
   70     -2.00000          612          741      0.79527 
   71     -1.00000          712          920      0.77941 
   72      0.00000          781         1054      0.77820 
   73      1.00000          806         1136      0.76622 
   74      2.00000          829         1202      0.75726 
   75      3.00000          834         1303      0.73374 
   76      4.00000          818         1374      0.70529 
   77      5.00000          814         1459      0.68720 
   78      6.00000          765         1488      0.65335 
   79      7.00000          685         1519      0.59619 
   80      8.00000          688         1523      0.59430 
   81      9.00000          765         1498      0.64251 
   82     10.00000          838         1487      0.67527 
   83     11.00000          880         1444      0.70396 
   84     12.00000          905         1412      0.72076 
   85     13.00000          939         1379      0.73598 
   86     14.00000          940         1343      0.74025 
   87     15.00000          941         1302      0.74543 
   88     16.00000          918         1247      0.74642 
   89     17.00000          903         1201      0.75285 
   90     18.00000          860         1115      0.75342 
   91     19.00000          804         1023      0.75862 
   92     20.00000          742          922      0.76082 
   93     21.00000          651          788      0.76164 
   94     22.00000          553          664      0.74117 
   95     23.00000          468          549      0.67060 
   96     24.00000          461          464      0.61838 
   97     25.00000          442          368      0.56296 
   98     26.00000          383          243      0.49521 
   99     27.00000          286           93      0.32190 
  100     28.00000          217            0      0.00000 
  101     29.00000          218            0      0.00000 
  102     30.00000          221            0      0.00000 
  103     31.00000          212            0      0.00000 
  104     32.00000          208            0      0.00000 
  105     33.00000          193            0      0.00000 
  106     34.00000          174            0      0.00000 
  107     35.00000          156            0      0.00000 
  108     36.00000          130            0      0.00000 
  109     37.00000          109            0      0.00000 
  110     38.00000           78            0      0.00000 
  111     39.00000           51            0      0.00000 
  112     40.00000           23            0      0.00000 
  113     41.00000            1            0      0.00000 
  114     42.00000            0            0      0.00000 
  115     43.00000            0            0      0.00000 
  116     44.00000            0            0      0.00000 
  117     45.00000            0            0      0.00000 
  118     46.00000            0            0      0.00000 
  119     47.00000            0            0      0.00000 
  120     48.00000            0            0      0.00000 
  121     49.00000            0            0      0.00000 
  122     50.00000            0            0      0.00000 
  123     51.00000            0            0      0.00000 
  124     52.00000            0            0      0.00000 
  125     53.00000            0            0      0.00000 
  126     54.00000            0            0      0.00000 
  127     55.00000            0            0      0.00000 
  128     56.00000            0            0      0.00000 
  129     57.00000            0            0      0.00000 
  130     58.00000            0            0      0.00000 
  131     59.00000            0            0      0.00000 
  132     60.00000            0            0      0.00000 
  133     61.00000            0            0      0.00000 
  134     62.00000            0            0      0.00000 
  135     63.00000            0            0      0.00000 
  136     64.00000            0            0      0.00000 
  137     65.00000            0            0      0.00000 
  138     66.00000            0            0      0.00000 
  139     67.00000            0            0      0.00000 
  140     68.00000            0            0      0.00000 
  141     69.00000            0            0      0.00000 
  142     70.00000            0            0      0.00000 
  143     71.00000            0            0      0.00000 
  144     72.00000            0            0      0.00000 
  145     73.00000            0            0      0.00000 
  146     74.00000            0            0      0.00000 
  147     75.00000            0            0      0.00000 
  148     76.00000            0            0      0.00000 
  149     77.00000            0            0      0.00000 
  150     78.00000            0            0      0.00000 
  151     79.00000            0            0      0.00000 
  152     80.00000            0            0      0.00000 
  153     81.00000            0            0      0.00000 
  154     82.00000            0            0      0.00000 
  155     83.00000            0            0      0.00000 
  156     84.00000            0            0      0.00000 
  157     85.00000            0            0      0.00000 
  158     86.00000            0            0      0.00000 
