# 3dSliceNDice -insetA 9m_4min_s1_m4_binary+orig -insetB 9m_4min_s2_m4_binary+orig -prefix 9m_4min_split_m4_binary
    0    134.00000            0            0      0.00000 
    1    133.00000            0            0      0.00000 
    2    132.00000            0            0      0.00000 
    3    131.00000            0            0      0.00000 
    4    130.00000            0            0      0.00000 
    5    129.00000            0            0      0.00000 
    6    128.00000            0            0      0.00000 
    7    127.00000            0            0      0.00000 
    8    126.00000            0            0      0.00000 
    9    125.00000            0            0      0.00000 
   10    124.00000            0            0      0.00000 
   11    123.00000            0            0      0.00000 
   12    122.00000            0            0      0.00000 
   13    121.00000            0            0      0.00000 
   14    120.00000            0            0      0.00000 
   15    119.00000            0            0      0.00000 
   16    118.00000            0            0      0.00000 
   17    117.00000            0            0      0.00000 
   18    116.00000            0            0      0.00000 
   19    115.00000            0            0      0.00000 
   20    114.00000            0            0      0.00000 
   21    113.00000            0            0      0.00000 
   22    112.00000            0            0      0.00000 
   23    111.00000            0            0      0.00000 
   24    110.00000            0            0      0.00000 
   25    109.00000            0            0      0.00000 
   26    108.00000            0            0      0.00000 
   27    107.00000            0            0      0.00000 
   28    106.00000            0            0      0.00000 
   29    105.00000            0            0      0.00000 
   30    104.00000            0            0      0.00000 
   31    103.00000            0            0      0.00000 
   32    102.00000            0            0      0.00000 
   33    101.00000            0            0      0.00000 
   34    100.00000            0            0      0.00000 
   35     99.00000            0            0      0.00000 
   36     98.00000            0            0      0.00000 
   37     97.00000            0            0      0.00000 
   38     96.00000            0            0      0.00000 
   39     95.00000            0            0      0.00000 
   40     94.00000            0            0      0.00000 
   41     93.00000            0            0      0.00000 
   42     92.00000            0            0      0.00000 
   43     91.00000            0            0      0.00000 
   44     90.00000            0            0      0.00000 
   45     89.00000            0            0      0.00000 
   46     88.00000            0            0      0.00000 
   47     87.00000            0            0      0.00000 
   48     86.00000            0            0      0.00000 
   49     85.00000            0            0      0.00000 
   50     84.00000            0            0      0.00000 
   51     83.00000            0           48      0.00000 
   52     82.00000            1          134      0.01481 
   53     81.00000           67          203      0.49630 
   54     80.00000          173          297      0.73617 
   55     79.00000          267          381      0.82407 
   56     78.00000          356          459      0.87362 
   57     77.00000          458          552      0.90693 
   58     76.00000          530          630      0.91379 
   59     75.00000          613          716      0.92250 
   60     74.00000          697          786      0.92245 
   61     73.00000          789          856      0.92036 
   62     72.00000          958          990      0.92300 
   63     71.00000         1090         1098      0.92322 
   64     70.00000         1212         1194      0.91937 
   65     69.00000         1271         1223      0.91419 
   66     68.00000         1323         1238      0.90277 
   67     67.00000         1342         1228      0.89183 
   68     66.00000         1351         1232      0.89199 
   69     65.00000         1325         1216      0.89414 
   70     64.00000         1284         1194      0.89992 
   71     63.00000         1240         1177      0.91767 
   72     62.00000         1174         1133      0.93108 
   73     61.00000         1136         1092      0.93627 
   74     60.00000         1088         1039      0.94405 
   75     59.00000          999          942      0.95312 
   76     58.00000          941          866      0.93857 
   77     57.00000          953          888      0.92124 
   78     56.00000         1003          953      0.92434 
   79     55.00000         1007          975      0.92634 
   80     54.00000          945          936      0.92504 
   81     53.00000          806          833      0.92007 
   82     52.00000          715          713      0.96218 
   83     51.00000          851          822      0.96832 
   84     50.00000          983          946      0.96423 
   85     49.00000         1090         1048      0.95603 
   86     48.00000         1173         1132      0.94924 
   87     47.00000         1309         1348      0.97403 
   88     46.00000         1428         1493      0.97775 
   89     45.00000         1557         1613      0.98170 
   90     44.00000         1647         1688      0.98531 
   91     43.00000         1718         1748      0.98846 
   92     42.00000         1868         1888      0.97764 
   93     41.00000         2051         2076      0.96438 
   94     40.00000         2199         2228      0.96363 
   95     39.00000         2328         2356      0.95858 
   96     38.00000         2458         2493      0.95577 
   97     37.00000         2568         2640      0.94931 
   98     36.00000         2640         2745      0.93928 
   99     35.00000         2728         2865      0.93224 
  100     34.00000         2752         2906      0.92294 
  101     33.00000         2786         2962      0.91545 
  102     32.00000         2777         3002      0.90119 
  103     31.00000         2740         3015      0.88653 
  104     30.00000         2713         3029      0.87043 
  105     29.00000         2677         2988      0.85331 
  106     28.00000         2543         2866      0.83601 
  107     27.00000         2356         2691      0.82108 
  108     26.00000         2304         2611      0.80773 
  109     25.00000         2225         2525      0.79874 
  110     24.00000         2102         2366      0.79499 
  111     23.00000         1926         2164      0.79120 
  112     22.00000         2048         2212      0.79953 
  113     21.00000         2189         2301      0.80935 
  114     20.00000         2232         2329      0.81649 
  115     19.00000         2212         2292      0.82504 
  116     18.00000         2203         2283      0.83683 
  117     17.00000         2225         2433      0.88665 
  118     16.00000         2253         2484      0.90901 
  119     15.00000         2298         2495      0.92009 
  120     14.00000         2329         2472      0.93022 
  121     13.00000         2358         2425      0.95087 
  122     12.00000         2369         2359      0.97250 
  123     11.00000         2350         2347      0.97424 
  124     10.00000         2332         2335      0.97750 
  125      9.00000         2298         2300      0.97782 
  126      8.00000         2264         2271      0.97641 
  127      7.00000         2214         2221      0.97813 
  128      6.00000         2163         2165      0.98013 
  129      5.00000         2108         2110      0.98340 
  130      4.00000         2060         2055      0.98712 
  131      3.00000         2033         2031      0.99016 
  132      2.00000         2001         1989      0.99048 
  133      1.00000         1953         1930      0.98944 
  134      0.00000         1905         1865      0.98780 
  135     -1.00000         1834         1772      0.97892 
  136     -2.00000         1779         1728      0.97747 
  137     -3.00000         1696         1652      0.97372 
  138     -4.00000         1602         1572      0.97164 
  139     -5.00000         1484         1481      0.96391 
  140     -6.00000         1362         1376      0.95982 
  141     -7.00000         1157         1192      0.95785 
  142     -8.00000          740          809      0.95029 
  143     -9.00000          734          807      0.94744 
  144    -10.00000          736          801      0.95381 
  145    -11.00000          757          807      0.95141 
  146    -12.00000          770          810      0.95190 
  147    -13.00000          781          805      0.94956 
  148    -14.00000          780          791      0.94589 
  149    -15.00000          775          771      0.94179 
  150    -16.00000          757          747      0.92686 
  151    -17.00000          758          740      0.92390 
  152    -18.00000          731          704      0.90732 
  153    -19.00000          706          671      0.89034 
  154    -20.00000          678          632      0.87328 
  155    -21.00000          623          570      0.85666 
  156    -22.00000          583          540      0.83704 
  157    -23.00000          511          494      0.82388 
  158    -24.00000          453          465      0.79956 
  159    -25.00000          372          422      0.75819 
  160    -26.00000          263          364      0.66986 
  161    -27.00000          125          309      0.44240 
  162    -28.00000            0          246      0.00000 
  163    -29.00000            0          209      0.00000 
  164    -30.00000            0          167      0.00000 
  165    -31.00000            0          112      0.00000 
  166    -32.00000            0           48      0.00000 
  167    -33.00000            0            0      0.00000 
  168    -34.00000            0            0      0.00000 
  169    -35.00000            0            0      0.00000 
  170    -36.00000            0            0      0.00000 
  171    -37.00000            0            0      0.00000 
  172    -38.00000            0            0      0.00000 
  173    -39.00000            0            0      0.00000 
  174    -40.00000            0            0      0.00000 
  175    -41.00000            0            0      0.00000 
  176    -42.00000            0            0      0.00000 
  177    -43.00000            0            0      0.00000 
  178    -44.00000            0            0      0.00000 
  179    -45.00000            0            0      0.00000 
  180    -46.00000            0            0      0.00000 
  181    -47.00000            0            0      0.00000 
  182    -48.00000            0            0      0.00000 
  183    -49.00000            0            0      0.00000 
  184    -50.00000            0            0      0.00000 
  185    -51.00000            0            0      0.00000 
  186    -52.00000            0            0      0.00000 
  187    -53.00000            0            0      0.00000 
  188    -54.00000            0            0      0.00000 
  189    -55.00000            0            0      0.00000 
  190    -56.00000            0            0      0.00000 
  191    -57.00000            0            0      0.00000 
  192    -58.00000            0            0      0.00000 
  193    -59.00000            0            0      0.00000 
  194    -60.00000            0            0      0.00000 
  195    -61.00000            0            0      0.00000 
  196    -62.00000            0            0      0.00000 
  197    -63.00000            0            0      0.00000 
  198    -64.00000            0            0      0.00000 
  199    -65.00000            0            0      0.00000 
  200    -66.00000            0            0      0.00000 
  201    -67.00000            0            0      0.00000 
  202    -68.00000            0            0      0.00000 
  203    -69.00000            0            0      0.00000 
  204    -70.00000            0            0      0.00000 
  205    -71.00000            0            0      0.00000 
  206    -72.00000            0            0      0.00000 
  207    -73.00000            0            0      0.00000 
  208    -74.00000            0            0      0.00000 
  209    -75.00000            0            0      0.00000 
  210    -76.00000            0            0      0.00000 
  211    -77.00000            0            0      0.00000 
  212    -78.00000            0            0      0.00000 
  213    -79.00000            0            0      0.00000 
  214    -80.00000            0            0      0.00000 
  215    -81.00000            0            0      0.00000 
  216    -82.00000            0            0      0.00000 
  217    -83.00000            0            0      0.00000 
  218    -84.00000            0            0      0.00000 
  219    -85.00000            0            0      0.00000 
  220    -86.00000            0            0      0.00000 
  221    -87.00000            0            0      0.00000 
  222    -88.00000            0            0      0.00000 
  223    -89.00000            0            0      0.00000 
  224    -90.00000            0            0      0.00000 
  225    -91.00000            0            0      0.00000 
  226    -92.00000            0            0      0.00000 
  227    -93.00000            0            0      0.00000 
  228    -94.00000            0            0      0.00000 
  229    -95.00000            0            0      0.00000 
  230    -96.00000            0            0      0.00000 
  231    -97.00000            0            0      0.00000 
  232    -98.00000            0            0      0.00000 
