# 3dSliceNDice -insetA 9m_4min_s1_m3_binary+orig -insetB 9m_4min_s2_m3_binary+orig -prefix 9m_4min_split_m3_binary
    0    -72.00000            0            0      0.00000 
    1    -71.00000            0            0      0.00000 
    2    -70.00000            0            0      0.00000 
    3    -69.00000            0            0      0.00000 
    4    -68.00000            0            0      0.00000 
    5    -67.00000            0            0      0.00000 
    6    -66.00000            0            0      0.00000 
    7    -65.00000            0            0      0.00000 
    8    -64.00000            0            0      0.00000 
    9    -63.00000            0            0      0.00000 
   10    -62.00000            0            0      0.00000 
   11    -61.00000            0            0      0.00000 
   12    -60.00000            0            0      0.00000 
   13    -59.00000            0            0      0.00000 
   14    -58.00000            0            0      0.00000 
   15    -57.00000            0            0      0.00000 
   16    -56.00000            0            0      0.00000 
   17    -55.00000            0            0      0.00000 
   18    -54.00000            0            0      0.00000 
   19    -53.00000            0            0      0.00000 
   20    -52.00000            0            0      0.00000 
   21    -51.00000            6            6      1.00000 
   22    -50.00000          137           93      0.80870 
   23    -49.00000          681          275      0.57531 
   24    -48.00000         1080          394      0.53460 
   25    -47.00000         1257          462      0.53752 
   26    -46.00000         1427          545      0.55274 
   27    -45.00000         1589          616      0.55873 
   28    -44.00000         1697          672      0.56142 
   29    -43.00000         1787          723      0.56972 
   30    -42.00000         1836          798      0.59985 
   31    -41.00000         1844          851      0.62635 
   32    -40.00000         1877          913      0.65448 
   33    -39.00000         1882          940      0.66619 
   34    -38.00000         1873          971      0.68284 
   35    -37.00000         1863         1014      0.70490 
   36    -36.00000         1871         1077      0.73066 
   37    -35.00000         1879         1154      0.76096 
   38    -34.00000         1863         1233      0.79199 
   39    -33.00000         1815         1303      0.83002 
   40    -32.00000         1733         1372      0.87085 
   41    -31.00000         1705         1397      0.88395 
   42    -30.00000         1664         1437      0.90487 
   43    -29.00000         1607         1474      0.92502 
   44    -28.00000         1556         1521      0.93143 
   45    -27.00000         1664         1766      0.92362 
   46    -26.00000         1788         1929      0.92171 
   47    -25.00000         1877         2055      0.92269 
   48    -24.00000         1910         2106      0.92580 
   49    -23.00000         1935         2143      0.92692 
   50    -22.00000         1945         2216      0.92237 
   51    -21.00000         1982         2312      0.91616 
   52    -20.00000         2017         2433      0.90652 
   53    -19.00000         2059         2512      0.90090 
   54    -18.00000         2120         2586      0.90098 
   55    -17.00000         2196         2749      0.88817 
   56    -16.00000         2276         2864      0.88560 
   57    -15.00000         2398         3012      0.88614 
   58    -14.00000         2484         3165      0.87803 
   59    -13.00000         2559         3250      0.87829 
   60    -12.00000         2605         3282      0.87957 
   61    -11.00000         2605         3268      0.87860 
   62    -10.00000         2627         3267      0.87954 
   63     -9.00000         2608         3237      0.87836 
   64     -8.00000         2604         3217      0.87923 
   65     -7.00000         2571         3184      0.87507 
   66     -6.00000         2518         3152      0.86737 
   67     -5.00000         2468         3103      0.86340 
   68     -4.00000         2371         3012      0.85640 
   69     -3.00000         2270         2960      0.84398 
   70     -2.00000         2170         2863      0.82456 
   71     -1.00000         2117         2772      0.80998 
   72      0.00000         2045         2660      0.79532 
   73      1.00000         1933         2476      0.78249 
   74      2.00000         1835         2349      0.76434 
   75      3.00000         1738         2185      0.75249 
   76      4.00000         1639         2049      0.74512 
   77      5.00000         1517         1877      0.73365 
   78      6.00000         1332         1648      0.71611 
   79      7.00000         1041         1317      0.67091 
   80      8.00000          636          658      0.52705 
   81      9.00000          627          599      0.47798 
   82     10.00000          609          525      0.41623 
   83     11.00000          547          420      0.33092 
   84     12.00000          452          290      0.17251 
   85     13.00000          434          187      0.19324 
   86     14.00000          523          244      0.35984 
   87     15.00000          615          284      0.45384 
   88     16.00000          667          306      0.52210 
   89     17.00000          706          318      0.57812 
   90     18.00000          769          485      0.77352 
   91     19.00000          838          661      0.88192 
   92     20.00000          948          804      0.91781 
   93     21.00000         1021          899      0.93646 
   94     22.00000         1082          976      0.94849 
   95     23.00000         1228         1140      0.94257 
   96     24.00000         1346         1269      0.94914 
   97     25.00000         1427         1365      0.95487 
   98     26.00000         1448         1396      0.95710 
   99     27.00000         1462         1420      0.96114 
  100     28.00000         1585         1535      0.96090 
  101     29.00000         1620         1577      0.96966 
  102     30.00000         1654         1619      0.97159 
  103     31.00000         1673         1633      0.97157 
  104     32.00000         1706         1666      0.97331 
  105     33.00000         1717         1680      0.97557 
  106     34.00000         1654         1634      0.97384 
  107     35.00000         1607         1606      0.97354 
  108     36.00000         1530         1548      0.97011 
  109     37.00000         1473         1504      0.96204 
  110     38.00000         1372         1431      0.95398 
  111     39.00000         1254         1331      0.94313 
  112     40.00000         1121         1216      0.93196 
  113     41.00000          996         1102      0.92278 
  114     42.00000          879          994      0.91725 
  115     43.00000          782          904      0.92764 
  116     44.00000          698          794      0.93566 
  117     45.00000          612          703      0.93080 
  118     46.00000          495          577      0.92351 
  119     47.00000          365          437      0.91022 
  120     48.00000          221          269      0.90204 
  121     49.00000          131          166      0.88215 
  122     50.00000           71          103      0.81609 
  123     51.00000           16           36      0.61538 
  124     52.00000            0            3      0.00000 
  125     53.00000            0            0      0.00000 
  126     54.00000            0            0      0.00000 
  127     55.00000            0            0      0.00000 
  128     56.00000            0            0      0.00000 
  129     57.00000            0            0      0.00000 
  130     58.00000            0            0      0.00000 
  131     59.00000            0            0      0.00000 
  132     60.00000            0            0      0.00000 
  133     61.00000            0            0      0.00000 
  134     62.00000            0            0      0.00000 
  135     63.00000            0            0      0.00000 
  136     64.00000            0            0      0.00000 
  137     65.00000            0            0      0.00000 
  138     66.00000            0            0      0.00000 
  139     67.00000            0            0      0.00000 
  140     68.00000            0            0      0.00000 
  141     69.00000            0            0      0.00000 
  142     70.00000            0            0      0.00000 
  143     71.00000            0            0      0.00000 
  144     72.00000            0            0      0.00000 
  145     73.00000            0            0      0.00000 
  146     74.00000            0            0      0.00000 
  147     75.00000            0            0      0.00000 
  148     76.00000            0            0      0.00000 
  149     77.00000            0            0      0.00000 
  150     78.00000            0            0      0.00000 
  151     79.00000            0            0      0.00000 
  152     80.00000            0            0      0.00000 
  153     81.00000            0            0      0.00000 
  154     82.00000            0            0      0.00000 
  155     83.00000            0            0      0.00000 
  156     84.00000            0            0      0.00000 
  157     85.00000            0            0      0.00000 
  158     86.00000            0            0      0.00000 
