# 3dSliceNDice -insetA 9m_4min_s1_m4_binary+orig -insetB 9m_4min_s2_m4_binary+orig -prefix 9m_4min_split_m4_binary
    0    -72.00000            0            0      0.00000 
    1    -71.00000            0            0      0.00000 
    2    -70.00000            0            0      0.00000 
    3    -69.00000            0            0      0.00000 
    4    -68.00000            0            0      0.00000 
    5    -67.00000            0            0      0.00000 
    6    -66.00000            0            0      0.00000 
    7    -65.00000            0            0      0.00000 
    8    -64.00000            0            0      0.00000 
    9    -63.00000            0            0      0.00000 
   10    -62.00000            0            0      0.00000 
   11    -61.00000            0            0      0.00000 
   12    -60.00000            0            0      0.00000 
   13    -59.00000            0            0      0.00000 
   14    -58.00000            0            0      0.00000 
   15    -57.00000            0            0      0.00000 
   16    -56.00000            0            0      0.00000 
   17    -55.00000            0            0      0.00000 
   18    -54.00000            0            0      0.00000 
   19    -53.00000            0            0      0.00000 
   20    -52.00000            0            0      0.00000 
   21    -51.00000            0            0      0.00000 
   22    -50.00000            0            0      0.00000 
   23    -49.00000            0            0      0.00000 
   24    -48.00000            0            0      0.00000 
   25    -47.00000            0            0      0.00000 
   26    -46.00000            0            0      0.00000 
   27    -45.00000            0            0      0.00000 
   28    -44.00000            0            0      0.00000 
   29    -43.00000            0            0      0.00000 
   30    -42.00000            0            0      0.00000 
   31    -41.00000            0            0      0.00000 
   32    -40.00000            0            0      0.00000 
   33    -39.00000            0            0      0.00000 
   34    -38.00000            0            0      0.00000 
   35    -37.00000            0            0      0.00000 
   36    -36.00000            0            0      0.00000 
   37    -35.00000            0            0      0.00000 
   38    -34.00000            0            0      0.00000 
   39    -33.00000            0            0      0.00000 
   40    -32.00000          266          265      0.83239 
   41    -31.00000          456          411      0.87659 
   42    -30.00000          579          505      0.88561 
   43    -29.00000          688          595      0.89478 
   44    -28.00000          801          678      0.89520 
   45    -27.00000          898          766      0.89904 
   46    -26.00000          971          837      0.90708 
   47    -25.00000         1057          932      0.90598 
   48    -24.00000         1106          994      0.90952 
   49    -23.00000         1159         1056      0.91196 
   50    -22.00000         1218         1127      0.91684 
   51    -21.00000         1282         1206      0.91881 
   52    -20.00000         1424         1342      0.92625 
   53    -19.00000         1522         1433      0.92589 
   54    -18.00000         1601         1506      0.92436 
   55    -17.00000         1663         1565      0.92379 
   56    -16.00000         1686         1585      0.92388 
   57    -15.00000         1693         1592      0.92237 
   58    -14.00000         1622         1527      0.92029 
   59    -13.00000         1587         1502      0.92069 
   60    -12.00000         1456         1397      0.91202 
   61    -11.00000         1343         1300      0.90806 
   62    -10.00000         1196         1170      0.89603 
   63     -9.00000          993          985      0.87765 
   64     -8.00000          717          720      0.84064 
   65     -7.00000          285          285      0.71228 
   66     -6.00000          279          281      0.71071 
   67     -5.00000          275          277      0.70652 
   68     -4.00000          257          260      0.69246 
   69     -3.00000          242          248      0.68571 
   70     -2.00000          210          220      0.65116 
   71     -1.00000          179          193      0.61828 
   72      0.00000          140          160      0.55333 
   73      1.00000           88          117      0.40000 
   74      2.00000           32           57      0.08989 
   75      3.00000            0            0      0.00000 
   76      4.00000            0            0      0.00000 
   77      5.00000            0            0      0.00000 
   78      6.00000            0            0      0.00000 
   79      7.00000            0            0      0.00000 
   80      8.00000            0           32      0.00000 
   81      9.00000            0           88      0.00000 
   82     10.00000            0          138      0.00000 
   83     11.00000            0          170      0.00000 
   84     12.00000            0          192      0.00000 
   85     13.00000          120          398      0.24710 
   86     14.00000          276          645      0.38871 
   87     15.00000          408          866      0.45055 
   88     16.00000          508         1034      0.47990 
   89     17.00000          592         1178      0.49944 
   90     18.00000          901         1543      0.61129 
   91     19.00000         1204         1801      0.68552 
   92     20.00000         1443         2026      0.72586 
   93     21.00000         1613         2174      0.75152 
   94     22.00000         1744         2289      0.77064 
   95     23.00000         2041         2511      0.80053 
   96     24.00000         2270         2660      0.83408 
   97     25.00000         2486         2821      0.85133 
   98     26.00000         2620         2904      0.86097 
   99     27.00000         2717         2973      0.86819 
  100     28.00000         3172         3408      0.88237 
  101     29.00000         3512         3762      0.90184 
  102     30.00000         3800         4027      0.91683 
  103     31.00000         3999         4172      0.92596 
  104     32.00000         4155         4274      0.93178 
  105     33.00000         4315         4435      0.93920 
  106     34.00000         4425         4550      0.94685 
  107     35.00000         4609         4739      0.95657 
  108     36.00000         4736         4845      0.96399 
  109     37.00000         4850         4937      0.97027 
  110     38.00000         4984         5045      0.97398 
  111     39.00000         5028         5069      0.97534 
  112     40.00000         5080         5097      0.97789 
  113     41.00000         5072         5053      0.97916 
  114     42.00000         5023         4959      0.98057 
  115     43.00000         4919         4796      0.98075 
  116     44.00000         4753         4583      0.97965 
  117     45.00000         4580         4388      0.97837 
  118     46.00000         4388         4197      0.97729 
  119     47.00000         4147         3980      0.97822 
  120     48.00000         3828         3687      0.97858 
  121     49.00000         3421         3310      0.97816 
  122     50.00000         3065         2997      0.98053 
  123     51.00000         2610         2568      0.97837 
  124     52.00000         2138         2157      0.97648 
  125     53.00000         1704         1754      0.97166 
  126     54.00000         1233         1293      0.96833 
  127     55.00000          923          968      0.97515 
  128     56.00000          642          667      0.98090 
  129     57.00000          405          415      0.98780 
  130     58.00000          125          125      1.00000 
  131     59.00000            0            0      0.00000 
  132     60.00000            0            0      0.00000 
  133     61.00000            0            0      0.00000 
  134     62.00000            0            0      0.00000 
  135     63.00000            0            0      0.00000 
  136     64.00000            0            0      0.00000 
  137     65.00000            0            0      0.00000 
  138     66.00000            0            0      0.00000 
  139     67.00000            0            0      0.00000 
  140     68.00000            0            0      0.00000 
  141     69.00000            0            0      0.00000 
  142     70.00000            0            0      0.00000 
  143     71.00000            0            0      0.00000 
  144     72.00000            0            0      0.00000 
  145     73.00000            0            0      0.00000 
  146     74.00000            0            0      0.00000 
  147     75.00000            0            0      0.00000 
  148     76.00000            0            0      0.00000 
  149     77.00000            0            0      0.00000 
  150     78.00000            0            0      0.00000 
  151     79.00000            0            0      0.00000 
  152     80.00000            0            0      0.00000 
  153     81.00000            0            0      0.00000 
  154     82.00000            0            0      0.00000 
  155     83.00000            0            0      0.00000 
  156     84.00000            0            0      0.00000 
  157     85.00000            0            0      0.00000 
  158     86.00000            0            0      0.00000 
