# 3dSliceNDice -insetA 9m_4min_s1_m5_binary+orig -insetB 9m_4min_s2_m5_binary+orig -prefix 9m_4min_split_m5_binary
    0     96.00000            0            0      0.00000 
    1     95.00000            0            0      0.00000 
    2     94.00000            0            0      0.00000 
    3     93.00000            0            0      0.00000 
    4     92.00000            0            0      0.00000 
    5     91.00000            0            0      0.00000 
    6     90.00000            0            0      0.00000 
    7     89.00000            0            0      0.00000 
    8     88.00000            0            0      0.00000 
    9     87.00000            0            0      0.00000 
   10     86.00000            0            0      0.00000 
   11     85.00000            0            0      0.00000 
   12     84.00000            0            0      0.00000 
   13     83.00000            0            0      0.00000 
   14     82.00000            0            0      0.00000 
   15     81.00000            0            0      0.00000 
   16     80.00000            0            0      0.00000 
   17     79.00000            0            0      0.00000 
   18     78.00000            0            0      0.00000 
   19     77.00000            0            0      0.00000 
   20     76.00000            0            0      0.00000 
   21     75.00000            0            0      0.00000 
   22     74.00000            0            0      0.00000 
   23     73.00000            0            0      0.00000 
   24     72.00000            0            0      0.00000 
   25     71.00000            0            0      0.00000 
   26     70.00000            0            0      0.00000 
   27     69.00000            0            0      0.00000 
   28     68.00000            0            0      0.00000 
   29     67.00000            0            0      0.00000 
   30     66.00000            0            0      0.00000 
   31     65.00000            0            0      0.00000 
   32     64.00000            0            0      0.00000 
   33     63.00000            0            0      0.00000 
   34     62.00000            0            0      0.00000 
   35     61.00000            0            0      0.00000 
   36     60.00000            0            0      0.00000 
   37     59.00000            0            0      0.00000 
   38     58.00000            0            0      0.00000 
   39     57.00000            0            0      0.00000 
   40     56.00000            0            0      0.00000 
   41     55.00000            0            0      0.00000 
   42     54.00000            0            0      0.00000 
   43     53.00000            0            0      0.00000 
   44     52.00000            0            0      0.00000 
   45     51.00000            0            0      0.00000 
   46     50.00000            0            0      0.00000 
   47     49.00000            0            0      0.00000 
   48     48.00000            0            0      0.00000 
   49     47.00000            0            0      0.00000 
   50     46.00000            0            0      0.00000 
   51     45.00000            0            0      0.00000 
   52     44.00000            7            0      0.00000 
   53     43.00000           23            0      0.00000 
   54     42.00000           57           28      0.56471 
   55     41.00000          114           94      0.81731 
   56     40.00000          185          174      0.86908 
   57     39.00000          237          240      0.90147 
   58     38.00000          285          299      0.92123 
   59     37.00000          337          366      0.94168 
   60     36.00000          386          422      0.94307 
   61     35.00000          468          504      0.94444 
   62     34.00000          537          567      0.95109 
   63     33.00000          587          610      0.95739 
   64     32.00000          735          695      0.92448 
   65     31.00000          874          783      0.91853 
   66     30.00000          999          875      0.91569 
   67     29.00000         1094          947      0.91524 
   68     28.00000         1183         1019      0.91644 
   69     27.00000         1359         1323      0.89560 
   70     26.00000         1518         1614      0.87931 
   71     25.00000         1681         1836      0.87802 
   72     24.00000         1801         2002      0.87668 
   73     23.00000         1887         2124      0.87559 
   74     22.00000         2023         2272      0.88149 
   75     21.00000         2111         2327      0.89139 
   76     20.00000         2216         2434      0.89892 
   77     19.00000         2268         2486      0.90618 
   78     18.00000         2309         2525      0.91436 
   79     17.00000         2605         2714      0.89942 
   80     16.00000         2777         2853      0.90160 
   81     15.00000         2909         2973      0.90615 
   82     14.00000         2979         3038      0.90776 
   83     13.00000         3062         3106      0.91051 
   84     12.00000         3099         3228      0.91449 
   85     11.00000         3077         3315      0.91583 
   86     10.00000         3108         3399      0.91717 
   87      9.00000         3107         3419      0.91848 
   88      8.00000         3136         3444      0.92158 
   89      7.00000         3168         3468      0.92676 
   90      6.00000         3156         3444      0.92879 
   91      5.00000         3137         3428      0.92704 
   92      4.00000         3075         3365      0.92671 
   93      3.00000         3008         3322      0.91912 
   94      2.00000         2913         3248      0.91154 
   95      1.00000         2808         3142      0.90824 
   96      0.00000         2707         3061      0.90014 
   97     -1.00000         2600         2974      0.88913 
   98     -2.00000         2537         2929      0.87742 
   99     -3.00000         2417         2806      0.86617 
  100     -4.00000         2335         2707      0.86077 
  101     -5.00000         2191         2562      0.85294 
  102     -6.00000         2002         2365      0.84910 
  103     -7.00000         1758         2119      0.83312 
  104     -8.00000         1560         1937      0.82928 
  105     -9.00000         1489         1835      0.84356 
  106    -10.00000         1397         1694      0.85733 
  107    -11.00000         1311         1526      0.88121 
  108    -12.00000         1210         1301      0.91438 
  109    -13.00000         1088         1077      0.98845 
  110    -14.00000         1070         1054      0.98870 
  111    -15.00000         1059         1037      0.98855 
  112    -16.00000         1054         1022      0.98459 
  113    -17.00000         1058         1020      0.98171 
  114    -18.00000         1197         1135      0.94940 
  115    -19.00000         1340         1280      0.93893 
  116    -20.00000         1453         1396      0.93506 
  117    -21.00000         1532         1478      0.92558 
  118    -22.00000         1598         1555      0.92166 
  119    -23.00000         1714         1639      0.92633 
  120    -24.00000         1817         1687      0.93893 
  121    -25.00000         1929         1743      0.93083 
  122    -26.00000         1959         1715      0.91835 
  123    -27.00000         1979         1680      0.90298 
  124    -28.00000         1975         1630      0.88988 
  125    -29.00000         1934         1573      0.88338 
  126    -30.00000         1888         1541      0.88247 
  127    -31.00000         1806         1498      0.88257 
  128    -32.00000         1742         1477      0.88350 
  129    -33.00000         1654         1445      0.87641 
  130    -34.00000         1561         1393      0.87136 
  131    -35.00000         1481         1336      0.85197 
  132    -36.00000         1362         1215      0.82111 
  133    -37.00000         1281         1143      0.80116 
  134    -38.00000         1190         1046      0.78533 
  135    -39.00000         1103          952      0.77275 
  136    -40.00000         1001          839      0.75978 
  137    -41.00000          857          693      0.73806 
  138    -42.00000          727          533      0.70159 
  139    -43.00000          593          375      0.70248 
  140    -44.00000          541          320      0.66202 
  141    -45.00000          492          261      0.60823 
  142    -46.00000          420          185      0.51901 
  143    -47.00000          332           88      0.30476 
  144    -48.00000          216            0      0.00000 
  145    -49.00000          180            0      0.00000 
  146    -50.00000          140            0      0.00000 
  147    -51.00000           88            0      0.00000 
  148    -52.00000           32            0      0.00000 
  149    -53.00000            0            0      0.00000 
  150    -54.00000            0            0      0.00000 
  151    -55.00000            0            0      0.00000 
  152    -56.00000            0            0      0.00000 
  153    -57.00000            0            0      0.00000 
  154    -58.00000            0            0      0.00000 
  155    -59.00000            0            0      0.00000 
  156    -60.00000            0            0      0.00000 
  157    -61.00000            0            0      0.00000 
  158    -62.00000            0            0      0.00000 
  159    -63.00000            0            0      0.00000 
  160    -64.00000            0            0      0.00000 
  161    -65.00000            0            0      0.00000 
  162    -66.00000            0            0      0.00000 
  163    -67.00000            0            0      0.00000 
  164    -68.00000            0            0      0.00000 
  165    -69.00000            0            0      0.00000 
  166    -70.00000            0            0      0.00000 
  167    -71.00000            0            0      0.00000 
  168    -72.00000            0            0      0.00000 
  169    -73.00000            0            0      0.00000 
  170    -74.00000            0            0      0.00000 
  171    -75.00000            0            0      0.00000 
  172    -76.00000            0            0      0.00000 
  173    -77.00000            0            0      0.00000 
  174    -78.00000            0            0      0.00000 
  175    -79.00000            0            0      0.00000 
  176    -80.00000            0            0      0.00000 
  177    -81.00000            0            0      0.00000 
  178    -82.00000            0            0      0.00000 
  179    -83.00000            0            0      0.00000 
  180    -84.00000            0            0      0.00000 
  181    -85.00000            0            0      0.00000 
  182    -86.00000            0            0      0.00000 
  183    -87.00000            0            0      0.00000 
  184    -88.00000            0            0      0.00000 
  185    -89.00000            0            0      0.00000 
  186    -90.00000            0            0      0.00000 
  187    -91.00000            0            0      0.00000 
  188    -92.00000            0            0      0.00000 
  189    -93.00000            0            0      0.00000 
  190    -94.00000            0            0      0.00000 
  191    -95.00000            0            0      0.00000 
  192    -96.00000            0            0      0.00000 
  193    -97.00000            0            0      0.00000 
  194    -98.00000            0            0      0.00000 
