# 3dSliceNDice -insetA 9m_4min_s1_m1_binary+orig -insetB 9m_4min_s2_m1_binary+orig -prefix 9m_4min_split_m1_binary
    0    134.00000            0            0      0.00000 
    1    133.00000            0            0      0.00000 
    2    132.00000            0            0      0.00000 
    3    131.00000            0            0      0.00000 
    4    130.00000            0            0      0.00000 
    5    129.00000            0            0      0.00000 
    6    128.00000            0            0      0.00000 
    7    127.00000            0            0      0.00000 
    8    126.00000            0            0      0.00000 
    9    125.00000            0            0      0.00000 
   10    124.00000            0            0      0.00000 
   11    123.00000            0            0      0.00000 
   12    122.00000            0            0      0.00000 
   13    121.00000            0            0      0.00000 
   14    120.00000            0            0      0.00000 
   15    119.00000            0            0      0.00000 
   16    118.00000            0            0      0.00000 
   17    117.00000            0            0      0.00000 
   18    116.00000            0            0      0.00000 
   19    115.00000            0            0      0.00000 
   20    114.00000            0            0      0.00000 
   21    113.00000            0            0      0.00000 
   22    112.00000            0            0      0.00000 
   23    111.00000            0            0      0.00000 
   24    110.00000            0            0      0.00000 
   25    109.00000            0            0      0.00000 
   26    108.00000            0            0      0.00000 
   27    107.00000            0            0      0.00000 
   28    106.00000            0            0      0.00000 
   29    105.00000            0            0      0.00000 
   30    104.00000            0            0      0.00000 
   31    103.00000            0            0      0.00000 
   32    102.00000            0            0      0.00000 
   33    101.00000            0            0      0.00000 
   34    100.00000            0            0      0.00000 
   35     99.00000            0            0      0.00000 
   36     98.00000            0            0      0.00000 
   37     97.00000            0            0      0.00000 
   38     96.00000            0            0      0.00000 
   39     95.00000            0            0      0.00000 
   40     94.00000            0            0      0.00000 
   41     93.00000            0            0      0.00000 
   42     92.00000            0            0      0.00000 
   43     91.00000            0            0      0.00000 
   44     90.00000            0            0      0.00000 
   45     89.00000            0            0      0.00000 
   46     88.00000            0            0      0.00000 
   47     87.00000            0            0      0.00000 
   48     86.00000            0            0      0.00000 
   49     85.00000            0            0      0.00000 
   50     84.00000           38           38      1.00000 
   51     83.00000          132          132      1.00000 
   52     82.00000          232          232      1.00000 
   53     81.00000          354          354      1.00000 
   54     80.00000          489          483      0.99383 
   55     79.00000          627          609      0.98544 
   56     78.00000          772          747      0.98354 
   57     77.00000          937          918      0.95633 
   58     76.00000         1142         1123      0.93422 
   59     75.00000         1397         1378      0.93117 
   60     74.00000         1645         1634      0.93626 
   61     73.00000         1908         1883      0.94065 
   62     72.00000         2237         2178      0.94088 
   63     71.00000         2509         2420      0.95029 
   64     70.00000         2806         2673      0.94762 
   65     69.00000         2999         2836      0.94704 
   66     68.00000         3172         2976      0.94763 
   67     67.00000         3353         3116      0.94574 
   68     66.00000         3503         3253      0.94494 
   69     65.00000         3630         3372      0.94716 
   70     64.00000         3704         3461      0.94822 
   71     63.00000         3787         3552      0.94781 
   72     62.00000         3793         3575      0.94571 
   73     61.00000         3806         3615      0.94246 
   74     60.00000         3774         3610      0.94014 
   75     59.00000         3623         3504      0.93700 
   76     58.00000         3406         3383      0.92355 
   77     57.00000         3072         3101      0.90653 
   78     56.00000         2946         2969      0.90008 
   79     55.00000         2789         2786      0.88897 
   80     54.00000         2502         2482      0.86758 
   81     53.00000         2132         2142      0.82780 
   82     52.00000         1662         1802      0.75231 
   83     51.00000         1500         1622      0.74183 
   84     50.00000         1299         1396      0.72950 
   85     49.00000         1017         1085      0.70790 
   86     48.00000          660          675      0.68914 
   87     47.00000          309          229      0.85130 
   88     46.00000          306          232      0.86245 
   89     45.00000          288          224      0.87500 
   90     44.00000          255          205      0.89130 
   91     43.00000          202          174      0.92553 
   92     42.00000          180          180      1.00000 
   93     41.00000          215          220      0.98851 
   94     40.00000          264          275      0.97959 
   95     39.00000          295          313      0.97039 
   96     38.00000          323          345      0.96707 
   97     37.00000          396          379      0.91355 
   98     36.00000          466          382      0.84198 
   99     35.00000          540          412      0.81092 
  100     34.00000          583          421      0.78685 
  101     33.00000          619          429      0.76908 
  102     32.00000          702          516      0.80460 
  103     31.00000          790          584      0.81223 
  104     30.00000          874          637      0.80874 
  105     29.00000          922          660      0.80278 
  106     28.00000          950          667      0.79406 
  107     27.00000          962          665      0.78672 
  108     26.00000          946          640      0.77554 
  109     25.00000          937          627      0.76982 
  110     24.00000          874          561      0.74704 
  111     23.00000          786          463      0.70296 
  112     22.00000          700          348      0.66412 
  113     21.00000          694          348      0.66795 
  114     20.00000          683          344      0.66991 
  115     19.00000          639          334      0.67420 
  116     18.00000          601          326      0.69040 
  117     17.00000          523          303      0.69492 
  118     16.00000          449          275      0.69890 
  119     15.00000          367          254      0.70531 
  120     14.00000          262          222      0.69835 
  121     13.00000          127          209      0.56548 
  122     12.00000            0          185      0.00000 
  123     11.00000            0          160      0.00000 
  124     10.00000            0          134      0.00000 
  125      9.00000            0           88      0.00000 
  126      8.00000            0           32      0.00000 
  127      7.00000            0            0      0.00000 
  128      6.00000            0            0      0.00000 
  129      5.00000            0            0      0.00000 
  130      4.00000            0            0      0.00000 
  131      3.00000            0            0      0.00000 
  132      2.00000          248          144      0.73469 
  133      1.00000          432          288      0.80000 
  134      0.00000          560          396      0.82845 
  135     -1.00000          654          476      0.84248 
  136     -2.00000          726          536      0.84945 
  137     -3.00000         1327         1190      0.80413 
  138     -4.00000         1739         1735      0.84859 
  139     -5.00000         2053         2110      0.87197 
  140     -6.00000         2270         2370      0.88362 
  141     -7.00000         2432         2563      0.89449 
  142     -8.00000         2737         2782      0.92915 
  143     -9.00000         2894         2901      0.94702 
  144    -10.00000         3053         3071      0.95330 
  145    -11.00000         3134         3153      0.95626 
  146    -12.00000         3191         3218      0.95928 
  147    -13.00000         3294         3291      0.95733 
  148    -14.00000         3349         3294      0.94987 
  149    -15.00000         3417         3309      0.94261 
  150    -16.00000         3444         3289      0.93599 
  151    -17.00000         3448         3253      0.93031 
  152    -18.00000         3420         3215      0.92118 
  153    -19.00000         3364         3207      0.91645 
  154    -20.00000         3378         3223      0.90744 
  155    -21.00000         3350         3202      0.89927 
  156    -22.00000         3335         3196      0.89450 
  157    -23.00000         3318         3186      0.89145 
  158    -24.00000         3312         3199      0.90002 
  159    -25.00000         3276         3214      0.89923 
  160    -26.00000         3140         3156      0.89358 
  161    -27.00000         2990         3065      0.88819 
  162    -28.00000         2764         2896      0.87951 
  163    -29.00000         2696         2829      0.88869 
  164    -30.00000         2641         2795      0.89036 
  165    -31.00000         2499         2670      0.88450 
  166    -32.00000         2335         2521      0.86903 
  167    -33.00000         2240         2319      0.86949 
  168    -34.00000         2206         2246      0.87466 
  169    -35.00000         2157         2170      0.88560 
  170    -36.00000         2080         2084      0.90010 
  171    -37.00000         2055         2048      0.91981 
  172    -38.00000         2072         2030      0.94539 
  173    -39.00000         2015         1985      0.95550 
  174    -40.00000         2011         1966      0.96103 
  175    -41.00000         1954         1909      0.96402 
  176    -42.00000         1908         1853      0.96783 
  177    -43.00000         1850         1794      0.96597 
  178    -44.00000         1780         1724      0.96233 
  179    -45.00000         1698         1645      0.96680 
  180    -46.00000         1588         1563      0.95462 
  181    -47.00000         1472         1464      0.94414 
  182    -48.00000         1297         1348      0.92703 
  183    -49.00000         1154         1263      0.91601 
  184    -50.00000          979         1168      0.89800 
  185    -51.00000          780         1037      0.84645 
  186    -52.00000          604          916      0.78816 
  187    -53.00000          424          787      0.68373 
  188    -54.00000          369          697      0.66792 
  189    -55.00000          309          527      0.69856 
  190    -56.00000          225          387      0.66993 
  191    -57.00000          143          248      0.60358 
  192    -58.00000           48          104      0.63158 
  193    -59.00000           17           20      0.91892 
  194    -60.00000            0            0      0.00000 
  195    -61.00000            0            0      0.00000 
  196    -62.00000            0            0      0.00000 
  197    -63.00000            0            0      0.00000 
  198    -64.00000            0            0      0.00000 
  199    -65.00000            0            0      0.00000 
  200    -66.00000            0            0      0.00000 
  201    -67.00000            0            0      0.00000 
  202    -68.00000            0            0      0.00000 
  203    -69.00000            0            0      0.00000 
  204    -70.00000            0            0      0.00000 
  205    -71.00000            0            0      0.00000 
  206    -72.00000            0            0      0.00000 
  207    -73.00000            0            0      0.00000 
  208    -74.00000            0            0      0.00000 
  209    -75.00000            0            0      0.00000 
  210    -76.00000            0            0      0.00000 
  211    -77.00000            0            0      0.00000 
  212    -78.00000            0            0      0.00000 
  213    -79.00000            0            0      0.00000 
  214    -80.00000            0            0      0.00000 
  215    -81.00000            0            0      0.00000 
  216    -82.00000            0            0      0.00000 
  217    -83.00000            0            0      0.00000 
  218    -84.00000            0            0      0.00000 
  219    -85.00000            0            0      0.00000 
  220    -86.00000            0            0      0.00000 
  221    -87.00000            0            0      0.00000 
  222    -88.00000            0            0      0.00000 
  223    -89.00000            0            0      0.00000 
  224    -90.00000            0            0      0.00000 
  225    -91.00000            0            0      0.00000 
  226    -92.00000            0            0      0.00000 
  227    -93.00000            0            0      0.00000 
  228    -94.00000            0            0      0.00000 
  229    -95.00000            0            0      0.00000 
  230    -96.00000            0            0      0.00000 
  231    -97.00000            0            0      0.00000 
  232    -98.00000            0            0      0.00000 
