# 3dSliceNDice -insetA 9m_4min_s1_m2_binary+orig -insetB 9m_4min_s2_m2_binary+orig -prefix 9m_4min_split_m2_binary
    0    134.00000            0            0      0.00000 
    1    133.00000            0            0      0.00000 
    2    132.00000            0            0      0.00000 
    3    131.00000            0            0      0.00000 
    4    130.00000            0            0      0.00000 
    5    129.00000            0            0      0.00000 
    6    128.00000            0            0      0.00000 
    7    127.00000            0            0      0.00000 
    8    126.00000            0            0      0.00000 
    9    125.00000            0            0      0.00000 
   10    124.00000            0            0      0.00000 
   11    123.00000            0            0      0.00000 
   12    122.00000            0            0      0.00000 
   13    121.00000            0            0      0.00000 
   14    120.00000            0            0      0.00000 
   15    119.00000            0            0      0.00000 
   16    118.00000            0            0      0.00000 
   17    117.00000            0            0      0.00000 
   18    116.00000            0            0      0.00000 
   19    115.00000            0            0      0.00000 
   20    114.00000            0            0      0.00000 
   21    113.00000            0            0      0.00000 
   22    112.00000            0            0      0.00000 
   23    111.00000            0            0      0.00000 
   24    110.00000            0            0      0.00000 
   25    109.00000            0            0      0.00000 
   26    108.00000            0            0      0.00000 
   27    107.00000            0            0      0.00000 
   28    106.00000            0            0      0.00000 
   29    105.00000            0            0      0.00000 
   30    104.00000            0            0      0.00000 
   31    103.00000            0            0      0.00000 
   32    102.00000            0            0      0.00000 
   33    101.00000            0            0      0.00000 
   34    100.00000            0            0      0.00000 
   35     99.00000            0            0      0.00000 
   36     98.00000            0            0      0.00000 
   37     97.00000            0            0      0.00000 
   38     96.00000            0            0      0.00000 
   39     95.00000            0            0      0.00000 
   40     94.00000            0            0      0.00000 
   41     93.00000            0            0      0.00000 
   42     92.00000            0            0      0.00000 
   43     91.00000            0            0      0.00000 
   44     90.00000            0            0      0.00000 
   45     89.00000            0            0      0.00000 
   46     88.00000            0            0      0.00000 
   47     87.00000            0            0      0.00000 
   48     86.00000            0            0      0.00000 
   49     85.00000            0            0      0.00000 
   50     84.00000            0            0      0.00000 
   51     83.00000            0            0      0.00000 
   52     82.00000            0            0      0.00000 
   53     81.00000            0            0      0.00000 
   54     80.00000            0            0      0.00000 
   55     79.00000            0            0      0.00000 
   56     78.00000            0            0      0.00000 
   57     77.00000            0            0      0.00000 
   58     76.00000            0            0      0.00000 
   59     75.00000            4            6      0.80000 
   60     74.00000           29           40      0.84058 
   61     73.00000           53           73      0.84127 
   62     72.00000           83          145      0.72807 
   63     71.00000          119          247      0.65027 
   64     70.00000          152          344      0.61290 
   65     69.00000          177          419      0.59396 
   66     68.00000          198          482      0.58235 
   67     67.00000          231          576      0.57249 
   68     66.00000          277          638      0.59891 
   69     65.00000          322          699      0.61900 
   70     64.00000          350          732      0.62847 
   71     63.00000          375          760      0.63612 
   72     62.00000          480          876      0.64897 
   73     61.00000          601          963      0.63811 
   74     60.00000          714         1009      0.64655 
   75     59.00000          799         1017      0.64317 
   76     58.00000          879         1016      0.63430 
   77     57.00000         1122         1188      0.71948 
   78     56.00000         1300         1320      0.75725 
   79     55.00000         1433         1402      0.77390 
   80     54.00000         1519         1438      0.78458 
   81     53.00000         1593         1454      0.79882 
   82     52.00000         1694         1526      0.81739 
   83     51.00000         1777         1619      0.82686 
   84     50.00000         1841         1687      0.83900 
   85     49.00000         1873         1724      0.85238 
   86     48.00000         1894         1750      0.87157 
   87     47.00000         1934         1804      0.90690 
   88     46.00000         2007         1928      0.91792 
   89     45.00000         2108         2030      0.93185 
   90     44.00000         2188         2110      0.93904 
   91     43.00000         2262         2180      0.94462 
   92     42.00000         2357         2253      0.95531 
   93     41.00000         2427         2318      0.95764 
   94     40.00000         2500         2408      0.96170 
   95     39.00000         2528         2465      0.96535 
   96     38.00000         2564         2518      0.96891 
   97     37.00000         2650         2626      0.95906 
   98     36.00000         2717         2738      0.94885 
   99     35.00000         2766         2837      0.93985 
  100     34.00000         2789         2881      0.93333 
  101     33.00000         2836         2944      0.93080 
  102     32.00000         2949         3078      0.93181 
  103     31.00000         2984         3144      0.93342 
  104     30.00000         3014         3214      0.93770 
  105     29.00000         3015         3241      0.94118 
  106     28.00000         2989         3237      0.94250 
  107     27.00000         2910         3198      0.94270 
  108     26.00000         2771         3087      0.93957 
  109     25.00000         2650         3007      0.93689 
  110     24.00000         2496         2869      0.93048 
  111     23.00000         2375         2756      0.92575 
  112     22.00000         2257         2647      0.92047 
  113     21.00000         2137         2529      0.91599 
  114     20.00000         1988         2380      0.91026 
  115     19.00000         1840         2212      0.90276 
  116     18.00000         1746         2107      0.89333 
  117     17.00000         1624         1957      0.88523 
  118     16.00000         1519         1831      0.87642 
  119     15.00000         1420         1701      0.86318 
  120     14.00000         1291         1542      0.84928 
  121     13.00000         1170         1381      0.80282 
  122     12.00000         1052         1157      0.68809 
  123     11.00000         1017         1052      0.66506 
  124     10.00000          951          927      0.64750 
  125      9.00000          828          765      0.64658 
  126      8.00000          652          560      0.69142 
  127      7.00000          488          367      0.69942 
  128      6.00000          376          241      0.57699 
  129      5.00000          322          177      0.48096 
  130      4.00000          249          100      0.30372 
  131      3.00000          191           26      0.00000 
  132      2.00000          217           60      0.23105 
  133      1.00000          260          138      0.44221 
  134      0.00000          301          204      0.55446 
  135     -1.00000          323          250      0.62129 
  136     -2.00000          323          266      0.66214 
  137     -3.00000          326          296      0.70418 
  138     -4.00000          319          311      0.73968 
  139     -5.00000          319          335      0.77982 
  140     -6.00000          295          340      0.81890 
  141     -7.00000          261          337      0.85953 
  142     -8.00000          253          333      0.86348 
  143     -9.00000          238          313      0.86388 
  144    -10.00000          222          295      0.85880 
  145    -11.00000          209          255      0.86207 
  146    -12.00000          182          206      0.86082 
  147    -13.00000          160          160      0.83125 
  148    -14.00000          159          145      0.81579 
  149    -15.00000          158          123      0.79004 
  150    -16.00000          151           95      0.73171 
  151    -17.00000          140           50      0.52632 
  152    -18.00000          119            0      0.00000 
  153    -19.00000           93            0      0.00000 
  154    -20.00000           69            0      0.00000 
  155    -21.00000           42            0      0.00000 
  156    -22.00000           13            0      0.00000 
  157    -23.00000            0            0      0.00000 
  158    -24.00000            0            0      0.00000 
  159    -25.00000            0            0      0.00000 
  160    -26.00000            0            0      0.00000 
  161    -27.00000            0            0      0.00000 
  162    -28.00000            0            0      0.00000 
  163    -29.00000            0            0      0.00000 
  164    -30.00000            0            0      0.00000 
  165    -31.00000            0            0      0.00000 
  166    -32.00000            0            0      0.00000 
  167    -33.00000            0            0      0.00000 
  168    -34.00000            0            0      0.00000 
  169    -35.00000            0            0      0.00000 
  170    -36.00000            0            0      0.00000 
  171    -37.00000            0            0      0.00000 
  172    -38.00000            0            0      0.00000 
  173    -39.00000            0            0      0.00000 
  174    -40.00000            0            0      0.00000 
  175    -41.00000            0            0      0.00000 
  176    -42.00000            0            0      0.00000 
  177    -43.00000            0            0      0.00000 
  178    -44.00000            0            0      0.00000 
  179    -45.00000            0            0      0.00000 
  180    -46.00000            0            0      0.00000 
  181    -47.00000            0            0      0.00000 
  182    -48.00000            0            0      0.00000 
  183    -49.00000            0            0      0.00000 
  184    -50.00000            0            0      0.00000 
  185    -51.00000            0            0      0.00000 
  186    -52.00000            0            0      0.00000 
  187    -53.00000            0            0      0.00000 
  188    -54.00000            0            0      0.00000 
  189    -55.00000            0            0      0.00000 
  190    -56.00000            0            0      0.00000 
  191    -57.00000            0            0      0.00000 
  192    -58.00000            0            0      0.00000 
  193    -59.00000            0            0      0.00000 
  194    -60.00000            0            0      0.00000 
  195    -61.00000            0            0      0.00000 
  196    -62.00000            0            0      0.00000 
  197    -63.00000            0            0      0.00000 
  198    -64.00000            0            0      0.00000 
  199    -65.00000            0            0      0.00000 
  200    -66.00000            0            0      0.00000 
  201    -67.00000            0            0      0.00000 
  202    -68.00000            0            0      0.00000 
  203    -69.00000            0            0      0.00000 
  204    -70.00000            0            0      0.00000 
  205    -71.00000            0            0      0.00000 
  206    -72.00000            0            0      0.00000 
  207    -73.00000            0            0      0.00000 
  208    -74.00000            0            0      0.00000 
  209    -75.00000            0            0      0.00000 
  210    -76.00000            0            0      0.00000 
  211    -77.00000            0            0      0.00000 
  212    -78.00000            0            0      0.00000 
  213    -79.00000            0            0      0.00000 
  214    -80.00000            0            0      0.00000 
  215    -81.00000            0            0      0.00000 
  216    -82.00000            0            0      0.00000 
  217    -83.00000            0            0      0.00000 
  218    -84.00000            0            0      0.00000 
  219    -85.00000            0            0      0.00000 
  220    -86.00000            0            0      0.00000 
  221    -87.00000            0            0      0.00000 
  222    -88.00000            0            0      0.00000 
  223    -89.00000            0            0      0.00000 
  224    -90.00000            0            0      0.00000 
  225    -91.00000            0            0      0.00000 
  226    -92.00000            0            0      0.00000 
  227    -93.00000            0            0      0.00000 
  228    -94.00000            0            0      0.00000 
  229    -95.00000            0            0      0.00000 
  230    -96.00000            0            0      0.00000 
  231    -97.00000            0            0      0.00000 
  232    -98.00000            0            0      0.00000 
