# 3dSliceNDice -insetA 9m_4min_s1_m5_binary+orig -insetB 9m_4min_s2_m5_binary+orig -prefix 9m_4min_split_m5_binary
    0    134.00000            0            0      0.00000 
    1    133.00000            0            0      0.00000 
    2    132.00000            0            0      0.00000 
    3    131.00000            0            0      0.00000 
    4    130.00000            0            0      0.00000 
    5    129.00000            0            0      0.00000 
    6    128.00000            0            0      0.00000 
    7    127.00000            0            0      0.00000 
    8    126.00000            0            0      0.00000 
    9    125.00000            0            0      0.00000 
   10    124.00000            0            0      0.00000 
   11    123.00000            0            0      0.00000 
   12    122.00000            0            0      0.00000 
   13    121.00000            0            0      0.00000 
   14    120.00000            0            0      0.00000 
   15    119.00000            0            0      0.00000 
   16    118.00000            0            0      0.00000 
   17    117.00000            0            0      0.00000 
   18    116.00000            0            0      0.00000 
   19    115.00000            0            0      0.00000 
   20    114.00000            0            0      0.00000 
   21    113.00000            0            0      0.00000 
   22    112.00000            0            0      0.00000 
   23    111.00000            0            0      0.00000 
   24    110.00000            0            0      0.00000 
   25    109.00000            0            0      0.00000 
   26    108.00000            0            0      0.00000 
   27    107.00000            0            0      0.00000 
   28    106.00000            0            0      0.00000 
   29    105.00000            0            0      0.00000 
   30    104.00000            0            0      0.00000 
   31    103.00000            0            0      0.00000 
   32    102.00000            0            0      0.00000 
   33    101.00000            0            0      0.00000 
   34    100.00000            0            0      0.00000 
   35     99.00000            0            0      0.00000 
   36     98.00000            0            0      0.00000 
   37     97.00000            0            0      0.00000 
   38     96.00000            0            0      0.00000 
   39     95.00000            0            0      0.00000 
   40     94.00000            0            0      0.00000 
   41     93.00000            0            0      0.00000 
   42     92.00000            0            0      0.00000 
   43     91.00000            0            0      0.00000 
   44     90.00000            0            0      0.00000 
   45     89.00000            0            0      0.00000 
   46     88.00000            0            0      0.00000 
   47     87.00000            0            0      0.00000 
   48     86.00000            0            0      0.00000 
   49     85.00000            0            0      0.00000 
   50     84.00000            0            0      0.00000 
   51     83.00000            0            0      0.00000 
   52     82.00000            0            0      0.00000 
   53     81.00000            0            0      0.00000 
   54     80.00000            0            0      0.00000 
   55     79.00000            0            0      0.00000 
   56     78.00000            0            0      0.00000 
   57     77.00000            0            0      0.00000 
   58     76.00000            0            0      0.00000 
   59     75.00000            0            0      0.00000 
   60     74.00000            0            0      0.00000 
   61     73.00000            0            0      0.00000 
   62     72.00000           24           47      0.67606 
   63     71.00000           68          128      0.69388 
   64     70.00000          118          204      0.73292 
   65     69.00000          161          261      0.76303 
   66     68.00000          199          306      0.78812 
   67     67.00000          288          416      0.73580 
   68     66.00000          372          511      0.72933 
   69     65.00000          448          600      0.73282 
   70     64.00000          515          672      0.73968 
   71     63.00000          574          735      0.74408 
   72     62.00000          754          916      0.77006 
   73     61.00000          959         1100      0.81302 
   74     60.00000         1154         1280      0.85292 
   75     59.00000         1296         1417      0.87726 
   76     58.00000         1404         1521      0.89436 
   77     57.00000         1541         1641      0.90321 
   78     56.00000         1678         1760      0.90983 
   79     55.00000         1818         1903      0.92395 
   80     54.00000         1940         1991      0.93360 
   81     53.00000         2041         2079      0.93932 
   82     52.00000         2163         2174      0.93751 
   83     51.00000         2282         2245      0.92953 
   84     50.00000         2404         2338      0.92450 
   85     49.00000         2518         2404      0.91792 
   86     48.00000         2642         2481      0.91392 
   87     47.00000         2781         2647      0.92815 
   88     46.00000         2863         2797      0.94311 
   89     45.00000         2978         2945      0.94952 
   90     44.00000         3024         3023      0.95188 
   91     43.00000         3074         3091      0.95312 
   92     42.00000         3092         3151      0.95403 
   93     41.00000         3086         3160      0.95645 
   94     40.00000         3115         3188      0.95954 
   95     39.00000         3091         3148      0.96330 
   96     38.00000         3108         3141      0.96271 
   97     37.00000         3108         3189      0.94807 
   98     36.00000         3075         3234      0.93707 
   99     35.00000         3073         3245      0.93099 
  100     34.00000         3040         3196      0.92367 
  101     33.00000         3028         3139      0.91584 
  102     32.00000         3089         3155      0.89142 
  103     31.00000         3149         3250      0.88983 
  104     30.00000         3198         3322      0.89049 
  105     29.00000         3202         3341      0.88797 
  106     28.00000         3164         3336      0.88185 
  107     27.00000         3094         3297      0.87623 
  108     26.00000         3000         3211      0.88231 
  109     25.00000         2932         3115      0.88441 
  110     24.00000         2795         2949      0.88510 
  111     23.00000         2661         2784      0.89146 
  112     22.00000         2568         2639      0.90916 
  113     21.00000         2512         2550      0.91268 
  114     20.00000         2440         2463      0.91169 
  115     19.00000         2349         2378      0.90586 
  116     18.00000         2299         2333      0.89594 
  117     17.00000         2230         2282      0.88520 
  118     16.00000         2176         2221      0.87696 
  119     15.00000         2164         2183      0.86312 
  120     14.00000         2120         2093      0.85260 
  121     13.00000         2097         2027      0.85063 
  122     12.00000         2064         1913      0.84134 
  123     11.00000         2000         1817      0.84045 
  124     10.00000         1943         1702      0.83567 
  125      9.00000         1824         1536      0.82619 
  126      8.00000         1726         1367      0.79664 
  127      7.00000         1575         1150      0.75523 
  128      6.00000         1458         1071      0.75682 
  129      5.00000         1384         1039      0.78002 
  130      4.00000         1265          977      0.80018 
  131      3.00000         1192          936      0.82895 
  132      2.00000         1076          918      0.83952 
  133      1.00000          987          891      0.84026 
  134      0.00000          885          866      0.83838 
  135     -1.00000          741          809      0.83613 
  136     -2.00000          592          769      0.82292 
  137     -3.00000          446          692      0.78383 
  138     -4.00000          392          622      0.77318 
  139     -5.00000          325          540      0.75145 
  140     -6.00000          235          427      0.70997 
  141     -7.00000          116          298      0.56039 
  142     -8.00000            0          216      0.00000 
  143     -9.00000            0          180      0.00000 
  144    -10.00000            0          140      0.00000 
  145    -11.00000            0           88      0.00000 
  146    -12.00000            0           32      0.00000 
  147    -13.00000            0            0      0.00000 
  148    -14.00000            0            0      0.00000 
  149    -15.00000            0            0      0.00000 
  150    -16.00000            0            0      0.00000 
  151    -17.00000            0            0      0.00000 
  152    -18.00000            0            0      0.00000 
  153    -19.00000            0            0      0.00000 
  154    -20.00000            0            0      0.00000 
  155    -21.00000            0            0      0.00000 
  156    -22.00000            0            0      0.00000 
  157    -23.00000            0            0      0.00000 
  158    -24.00000            0            0      0.00000 
  159    -25.00000            0            0      0.00000 
  160    -26.00000            0            0      0.00000 
  161    -27.00000            0            0      0.00000 
  162    -28.00000            0            0      0.00000 
  163    -29.00000            0            0      0.00000 
  164    -30.00000            0            0      0.00000 
  165    -31.00000            0            0      0.00000 
  166    -32.00000            0            0      0.00000 
  167    -33.00000            0            0      0.00000 
  168    -34.00000            0            0      0.00000 
  169    -35.00000            0            0      0.00000 
  170    -36.00000            0            0      0.00000 
  171    -37.00000            0            0      0.00000 
  172    -38.00000            0            0      0.00000 
  173    -39.00000            0            0      0.00000 
  174    -40.00000            0            0      0.00000 
  175    -41.00000            0            0      0.00000 
  176    -42.00000            0            0      0.00000 
  177    -43.00000            0            0      0.00000 
  178    -44.00000            0            0      0.00000 
  179    -45.00000            0            0      0.00000 
  180    -46.00000            0            0      0.00000 
  181    -47.00000            0            0      0.00000 
  182    -48.00000            0            0      0.00000 
  183    -49.00000            0            0      0.00000 
  184    -50.00000            0            0      0.00000 
  185    -51.00000            0            0      0.00000 
  186    -52.00000            0            0      0.00000 
  187    -53.00000            0            0      0.00000 
  188    -54.00000            0            0      0.00000 
  189    -55.00000            0            0      0.00000 
  190    -56.00000            0            0      0.00000 
  191    -57.00000            0            0      0.00000 
  192    -58.00000            0            0      0.00000 
  193    -59.00000            0            0      0.00000 
  194    -60.00000            0            0      0.00000 
  195    -61.00000            0            0      0.00000 
  196    -62.00000            0            0      0.00000 
  197    -63.00000            0            0      0.00000 
  198    -64.00000            0            0      0.00000 
  199    -65.00000            0            0      0.00000 
  200    -66.00000            0            0      0.00000 
  201    -67.00000            0            0      0.00000 
  202    -68.00000            0            0      0.00000 
  203    -69.00000            0            0      0.00000 
  204    -70.00000            0            0      0.00000 
  205    -71.00000            0            0      0.00000 
  206    -72.00000            0            0      0.00000 
  207    -73.00000            0            0      0.00000 
  208    -74.00000            0            0      0.00000 
  209    -75.00000            0            0      0.00000 
  210    -76.00000            0            0      0.00000 
  211    -77.00000            0            0      0.00000 
  212    -78.00000            0            0      0.00000 
  213    -79.00000            0            0      0.00000 
  214    -80.00000            0            0      0.00000 
  215    -81.00000            0            0      0.00000 
  216    -82.00000            0            0      0.00000 
  217    -83.00000            0            0      0.00000 
  218    -84.00000            0            0      0.00000 
  219    -85.00000            0            0      0.00000 
  220    -86.00000            0            0      0.00000 
  221    -87.00000            0            0      0.00000 
  222    -88.00000            0            0      0.00000 
  223    -89.00000            0            0      0.00000 
  224    -90.00000            0            0      0.00000 
  225    -91.00000            0            0      0.00000 
  226    -92.00000            0            0      0.00000 
  227    -93.00000            0            0      0.00000 
  228    -94.00000            0            0      0.00000 
  229    -95.00000            0            0      0.00000 
  230    -96.00000            0            0      0.00000 
  231    -97.00000            0            0      0.00000 
  232    -98.00000            0            0      0.00000 
