# 3dSliceNDice -insetA 9m_4min_s1_m3_binary+orig -insetB 9m_4min_s2_m3_binary+orig -prefix 9m_4min_split_m3_binary
    0     96.00000            0            0      0.00000 
    1     95.00000            0            0      0.00000 
    2     94.00000            0            0      0.00000 
    3     93.00000            0            0      0.00000 
    4     92.00000            0            0      0.00000 
    5     91.00000            0            0      0.00000 
    6     90.00000            0            0      0.00000 
    7     89.00000            0            0      0.00000 
    8     88.00000            0            0      0.00000 
    9     87.00000            0            0      0.00000 
   10     86.00000            0            0      0.00000 
   11     85.00000            0            0      0.00000 
   12     84.00000            0            0      0.00000 
   13     83.00000            0            0      0.00000 
   14     82.00000            0            0      0.00000 
   15     81.00000            0            0      0.00000 
   16     80.00000            0            0      0.00000 
   17     79.00000            0            0      0.00000 
   18     78.00000            0            0      0.00000 
   19     77.00000            0            0      0.00000 
   20     76.00000            0            0      0.00000 
   21     75.00000            0            0      0.00000 
   22     74.00000            0            0      0.00000 
   23     73.00000            0            0      0.00000 
   24     72.00000            0            0      0.00000 
   25     71.00000            0            0      0.00000 
   26     70.00000            0            0      0.00000 
   27     69.00000            0            0      0.00000 
   28     68.00000            0            0      0.00000 
   29     67.00000            0            0      0.00000 
   30     66.00000            0            0      0.00000 
   31     65.00000            0            0      0.00000 
   32     64.00000            0            0      0.00000 
   33     63.00000            0            0      0.00000 
   34     62.00000            0            0      0.00000 
   35     61.00000            0            0      0.00000 
   36     60.00000            0            0      0.00000 
   37     59.00000            0            0      0.00000 
   38     58.00000            0            0      0.00000 
   39     57.00000            0            0      0.00000 
   40     56.00000            0            0      0.00000 
   41     55.00000            0            0      0.00000 
   42     54.00000            0            0      0.00000 
   43     53.00000            0            0      0.00000 
   44     52.00000            0            0      0.00000 
   45     51.00000            0            0      0.00000 
   46     50.00000            0            0      0.00000 
   47     49.00000            0            0      0.00000 
   48     48.00000            0            0      0.00000 
   49     47.00000            0            0      0.00000 
   50     46.00000            0            0      0.00000 
   51     45.00000            0            0      0.00000 
   52     44.00000            0            0      0.00000 
   53     43.00000            0            0      0.00000 
   54     42.00000            0            0      0.00000 
   55     41.00000            0            0      0.00000 
   56     40.00000            0            0      0.00000 
   57     39.00000            0            0      0.00000 
   58     38.00000            0            0      0.00000 
   59     37.00000           23           32      0.00000 
   60     36.00000           61           88      0.00000 
   61     35.00000          103          140      0.00000 
   62     34.00000          139          180      0.00000 
   63     33.00000          169          216      0.00000 
   64     32.00000          289          288      0.28769 
   65     31.00000          415          357      0.42746 
   66     30.00000          532          424      0.48117 
   67     29.00000          618          471      0.51240 
   68     28.00000          685          512      0.53300 
   69     27.00000          833          782      0.60557 
   70     26.00000          990         1015      0.67332 
   71     25.00000         1168         1194      0.72312 
   72     24.00000         1302         1324      0.75781 
   73     23.00000         1400         1427      0.77963 
   74     22.00000         1611         1689      0.84121 
   75     21.00000         1772         1926      0.88372 
   76     20.00000         1912         2106      0.90095 
   77     19.00000         2009         2211      0.91517 
   78     18.00000         2086         2282      0.92582 
   79     17.00000         2375         2568      0.93344 
   80     16.00000         2569         2741      0.94313 
   81     15.00000         2739         2903      0.95073 
   82     14.00000         2862         3022      0.95241 
   83     13.00000         2985         3140      0.95510 
   84     12.00000         3130         3251      0.95502 
   85     11.00000         3237         3336      0.95634 
   86     10.00000         3374         3413      0.96213 
   87      9.00000         3463         3479      0.96456 
   88      8.00000         3562         3549      0.96498 
   89      7.00000         3676         3624      0.96740 
   90      6.00000         3722         3634      0.96737 
   91      5.00000         3759         3634      0.96686 
   92      4.00000         3723         3625      0.96244 
   93      3.00000         3685         3594      0.95590 
   94      2.00000         3592         3504      0.94645 
   95      1.00000         3465         3402      0.94248 
   96      0.00000         3401         3338      0.93604 
   97     -1.00000         3366         3329      0.92606 
   98     -2.00000         3379         3362      0.92123 
   99     -3.00000         3329         3336      0.91043 
  100     -4.00000         3280         3287      0.89904 
  101     -5.00000         3204         3235      0.88896 
  102     -6.00000         3075         3108      0.87757 
  103     -7.00000         2952         2993      0.87065 
  104     -8.00000         2781         2871      0.86164 
  105     -9.00000         2694         2806      0.84982 
  106    -10.00000         2568         2685      0.83647 
  107    -11.00000         2399         2500      0.82017 
  108    -12.00000         2179         2266      0.80225 
  109    -13.00000         2040         1961      0.82379 
  110    -14.00000         2083         1918      0.83979 
  111    -15.00000         2085         1852      0.83769 
  112    -16.00000         2039         1726      0.82815 
  113    -17.00000         2006         1533      0.81775 
  114    -18.00000         1953         1368      0.79735 
  115    -19.00000         1857         1291      0.78335 
  116    -20.00000         1736         1197      0.76372 
  117    -21.00000         1541         1028      0.72713 
  118    -22.00000         1292          763      0.66861 
  119    -23.00000          987          420      0.59701 
  120    -24.00000          945          414      0.60927 
  121    -25.00000          877          399      0.62539 
  122    -26.00000          806          396      0.65890 
  123    -27.00000          711          382      0.69899 
  124    -28.00000          686          454      0.69123 
  125    -29.00000          696          551      0.66239 
  126    -30.00000          687          638      0.65509 
  127    -31.00000          658          691      0.64344 
  128    -32.00000          629          724      0.65041 
  129    -33.00000          699          794      0.64166 
  130    -34.00000          813          846      0.64135 
  131    -35.00000          899          894      0.64696 
  132    -36.00000          944          893      0.65759 
  133    -37.00000         1001          913      0.65099 
  134    -38.00000         1065          960      0.62914 
  135    -39.00000         1062         1007      0.61286 
  136    -40.00000         1060         1040      0.60381 
  137    -41.00000         1026         1037      0.60204 
  138    -42.00000          960         1005      0.59644 
  139    -43.00000          882          982      0.60300 
  140    -44.00000          791          931      0.60976 
  141    -45.00000          697          905      0.60924 
  142    -46.00000          585          867      0.57989 
  143    -47.00000          478          828      0.53905 
  144    -48.00000          357          787      0.49650 
  145    -49.00000          246          730      0.45287 
  146    -50.00000          167          681      0.38679 
  147    -51.00000          116          621      0.31479 
  148    -52.00000           85          572      0.25875 
  149    -53.00000           54          466      0.20769 
  150    -54.00000           25          364      0.12853 
  151    -55.00000            2          256      0.01550 
  152    -56.00000            0          165      0.00000 
  153    -57.00000            0           70      0.00000 
  154    -58.00000            0           12      0.00000 
  155    -59.00000            0            0      0.00000 
  156    -60.00000            0            0      0.00000 
  157    -61.00000            0            0      0.00000 
  158    -62.00000            0            0      0.00000 
  159    -63.00000            0            0      0.00000 
  160    -64.00000            0            0      0.00000 
  161    -65.00000            0            0      0.00000 
  162    -66.00000            0            0      0.00000 
  163    -67.00000            0            0      0.00000 
  164    -68.00000            0            0      0.00000 
  165    -69.00000            0            0      0.00000 
  166    -70.00000            0            0      0.00000 
  167    -71.00000            0            0      0.00000 
  168    -72.00000            0            0      0.00000 
  169    -73.00000            0            0      0.00000 
  170    -74.00000            0            0      0.00000 
  171    -75.00000            0            0      0.00000 
  172    -76.00000            0            0      0.00000 
  173    -77.00000            0            0      0.00000 
  174    -78.00000            0            0      0.00000 
  175    -79.00000            0            0      0.00000 
  176    -80.00000            0            0      0.00000 
  177    -81.00000            0            0      0.00000 
  178    -82.00000            0            0      0.00000 
  179    -83.00000            0            0      0.00000 
  180    -84.00000            0            0      0.00000 
  181    -85.00000            0            0      0.00000 
  182    -86.00000            0            0      0.00000 
  183    -87.00000            0            0      0.00000 
  184    -88.00000            0            0      0.00000 
  185    -89.00000            0            0      0.00000 
  186    -90.00000            0            0      0.00000 
  187    -91.00000            0            0      0.00000 
  188    -92.00000            0            0      0.00000 
  189    -93.00000            0            0      0.00000 
  190    -94.00000            0            0      0.00000 
  191    -95.00000            0            0      0.00000 
  192    -96.00000            0            0      0.00000 
  193    -97.00000            0            0      0.00000 
  194    -98.00000            0            0      0.00000 
