# 3dSliceNDice -insetA 9m_4min_s1_m3_binary+orig -insetB 9m_4min_s2_m3_binary+orig -prefix 9m_4min_split_m3_binary
    0    134.00000            0            0      0.00000 
    1    133.00000            0            0      0.00000 
    2    132.00000            0            0      0.00000 
    3    131.00000            0            0      0.00000 
    4    130.00000            0            0      0.00000 
    5    129.00000            0            0      0.00000 
    6    128.00000            0            0      0.00000 
    7    127.00000            0            0      0.00000 
    8    126.00000            0            0      0.00000 
    9    125.00000            0            0      0.00000 
   10    124.00000            0            0      0.00000 
   11    123.00000            0            0      0.00000 
   12    122.00000            0            0      0.00000 
   13    121.00000            0            0      0.00000 
   14    120.00000            0            0      0.00000 
   15    119.00000            0            0      0.00000 
   16    118.00000            0            0      0.00000 
   17    117.00000            0            0      0.00000 
   18    116.00000            0            0      0.00000 
   19    115.00000            0            0      0.00000 
   20    114.00000            0            0      0.00000 
   21    113.00000            0            0      0.00000 
   22    112.00000            0            0      0.00000 
   23    111.00000            0            0      0.00000 
   24    110.00000            0            0      0.00000 
   25    109.00000            0            0      0.00000 
   26    108.00000            0            0      0.00000 
   27    107.00000            0            0      0.00000 
   28    106.00000            0            0      0.00000 
   29    105.00000            0            0      0.00000 
   30    104.00000            0            0      0.00000 
   31    103.00000            0            0      0.00000 
   32    102.00000            0            0      0.00000 
   33    101.00000            0            0      0.00000 
   34    100.00000            0            0      0.00000 
   35     99.00000            0            0      0.00000 
   36     98.00000            0            0      0.00000 
   37     97.00000            0            0      0.00000 
   38     96.00000            0            0      0.00000 
   39     95.00000            0            0      0.00000 
   40     94.00000            0            0      0.00000 
   41     93.00000            0            0      0.00000 
   42     92.00000            0            0      0.00000 
   43     91.00000            0            0      0.00000 
   44     90.00000            0            0      0.00000 
   45     89.00000            0            0      0.00000 
   46     88.00000            0            0      0.00000 
   47     87.00000            0            0      0.00000 
   48     86.00000            0            0      0.00000 
   49     85.00000            0            0      0.00000 
   50     84.00000            0            0      0.00000 
   51     83.00000            0            0      0.00000 
   52     82.00000            0            0      0.00000 
   53     81.00000            0            0      0.00000 
   54     80.00000            0            0      0.00000 
   55     79.00000            0            0      0.00000 
   56     78.00000            0            0      0.00000 
   57     77.00000            0            0      0.00000 
   58     76.00000            0            0      0.00000 
   59     75.00000            0            2      0.00000 
   60     74.00000            0           29      0.00000 
   61     73.00000            0           67      0.00000 
   62     72.00000           11          120      0.15267 
   63     71.00000           64          193      0.31128 
   64     70.00000          135          302      0.47140 
   65     69.00000          192          392      0.53767 
   66     68.00000          239          465      0.57955 
   67     67.00000          342          613      0.63037 
   68     66.00000          464          766      0.67642 
   69     65.00000          600          912      0.70635 
   70     64.00000          721         1026      0.73383 
   71     63.00000          831         1135      0.75483 
   72     62.00000          939         1229      0.77583 
   73     61.00000         1041         1301      0.79675 
   74     60.00000         1178         1400      0.83243 
   75     59.00000         1278         1439      0.86566 
   76     58.00000         1368         1451      0.89819 
   77     57.00000         1537         1496      0.90406 
   78     56.00000         1703         1563      0.87753 
   79     55.00000         1855         1641      0.86384 
   80     54.00000         1953         1698      0.85182 
   81     53.00000         2035         1745      0.84339 
   82     52.00000         2314         1824      0.79942 
   83     51.00000         2581         1942      0.78222 
   84     50.00000         2719         2049      0.77852 
   85     49.00000         2785         2107      0.77351 
   86     48.00000         2864         2173      0.76831 
   87     47.00000         2890         2334      0.78063 
   88     46.00000         2900         2445      0.78503 
   89     45.00000         2947         2510      0.79677 
   90     44.00000         2933         2480      0.80473 
   91     43.00000         2892         2403      0.80755 
   92     42.00000         2740         2235      0.81889 
   93     41.00000         2773         2249      0.83951 
   94     40.00000         2841         2332      0.85018 
   95     39.00000         2856         2354      0.85489 
   96     38.00000         2864         2368      0.86047 
   97     37.00000         2881         2411      0.86772 
   98     36.00000         2884         2474      0.87533 
   99     35.00000         2906         2568      0.88637 
  100     34.00000         2881         2623      0.89535 
  101     33.00000         2893         2695      0.90372 
  102     32.00000         2875         2765      0.91454 
  103     31.00000         2818         2766      0.92156 
  104     30.00000         2791         2793      0.93052 
  105     29.00000         2756         2791      0.93744 
  106     28.00000         2731         2781      0.94376 
  107     27.00000         2676         2736      0.94863 
  108     26.00000         2606         2659      0.94587 
  109     25.00000         2558         2590      0.94600 
  110     24.00000         2489         2498      0.94686 
  111     23.00000         2417         2419      0.95079 
  112     22.00000         2336         2318      0.95187 
  113     21.00000         2237         2207      0.95050 
  114     20.00000         2105         2061      0.95007 
  115     19.00000         1991         1951      0.94368 
  116     18.00000         1904         1893      0.94443 
  117     17.00000         1854         1870      0.92750 
  118     16.00000         1841         1878      0.91476 
  119     15.00000         1828         1874      0.90816 
  120     14.00000         1794         1861      0.90287 
  121     13.00000         1779         1849      0.90187 
  122     12.00000         1750         1908      0.87479 
  123     11.00000         1690         1960      0.84932 
  124     10.00000         1619         1965      0.82757 
  125      9.00000         1509         1912      0.80795 
  126      8.00000         1393         1852      0.79322 
  127      7.00000         1235         1761      0.77103 
  128      6.00000         1069         1643      0.74705 
  129      5.00000          958         1595      0.72620 
  130      4.00000          821         1493      0.69231 
  131      3.00000          656         1393      0.63543 
  132      2.00000          481         1284      0.54504 
  133      1.00000          437         1186      0.53851 
  134      0.00000          391         1084      0.53017 
  135     -1.00000          318          960      0.49765 
  136     -2.00000          243          793      0.46911 
  137     -3.00000          318          637      0.66597 
  138     -4.00000          449          751      0.74833 
  139     -5.00000          535          809      0.79613 
  140     -6.00000          587          823      0.83262 
  141     -7.00000          620          834      0.85282 
  142     -8.00000          651          826      0.88152 
  143     -9.00000          654          793      0.88874 
  144    -10.00000          671          767      0.89708 
  145    -11.00000          680          719      0.90922 
  146    -12.00000          683          675      0.91605 
  147    -13.00000          692          656      0.90653 
  148    -14.00000          671          633      0.89724 
  149    -15.00000          663          616      0.87412 
  150    -16.00000          666          612      0.87167 
  151    -17.00000          661          610      0.87333 
  152    -18.00000          655          602      0.87033 
  153    -19.00000          628          576      0.87209 
  154    -20.00000          605          549      0.86828 
  155    -21.00000          569          515      0.86347 
  156    -22.00000          547          491      0.86127 
  157    -23.00000          530          444      0.82546 
  158    -24.00000          546          406      0.76891 
  159    -25.00000          545          357      0.70288 
  160    -26.00000          504          294      0.64411 
  161    -27.00000          447          222      0.56801 
  162    -28.00000          350          160      0.50588 
  163    -29.00000          329          125      0.44493 
  164    -30.00000          296           81      0.35013 
  165    -31.00000          255           37      0.20548 
  166    -32.00000          202            1      0.00985 
  167    -33.00000          196            0      0.00000 
  168    -34.00000          179            0      0.00000 
  169    -35.00000          168            0      0.00000 
  170    -36.00000          140            0      0.00000 
  171    -37.00000          112            0      0.00000 
  172    -38.00000           81            0      0.00000 
  173    -39.00000           54            0      0.00000 
  174    -40.00000           33            0      0.00000 
  175    -41.00000           12            0      0.00000 
  176    -42.00000            0            0      0.00000 
  177    -43.00000            0            0      0.00000 
  178    -44.00000            0            0      0.00000 
  179    -45.00000            0            0      0.00000 
  180    -46.00000            0            0      0.00000 
  181    -47.00000            0            0      0.00000 
  182    -48.00000            0            0      0.00000 
  183    -49.00000            0            0      0.00000 
  184    -50.00000            0            0      0.00000 
  185    -51.00000            0            0      0.00000 
  186    -52.00000            0            0      0.00000 
  187    -53.00000            0            0      0.00000 
  188    -54.00000            0            0      0.00000 
  189    -55.00000            0            0      0.00000 
  190    -56.00000            0            0      0.00000 
  191    -57.00000            0            0      0.00000 
  192    -58.00000            0            0      0.00000 
  193    -59.00000            0            0      0.00000 
  194    -60.00000            0            0      0.00000 
  195    -61.00000            0            0      0.00000 
  196    -62.00000            0            0      0.00000 
  197    -63.00000            0            0      0.00000 
  198    -64.00000            0            0      0.00000 
  199    -65.00000            0            0      0.00000 
  200    -66.00000            0            0      0.00000 
  201    -67.00000            0            0      0.00000 
  202    -68.00000            0            0      0.00000 
  203    -69.00000            0            0      0.00000 
  204    -70.00000            0            0      0.00000 
  205    -71.00000            0            0      0.00000 
  206    -72.00000            0            0      0.00000 
  207    -73.00000            0            0      0.00000 
  208    -74.00000            0            0      0.00000 
  209    -75.00000            0            0      0.00000 
  210    -76.00000            0            0      0.00000 
  211    -77.00000            0            0      0.00000 
  212    -78.00000            0            0      0.00000 
  213    -79.00000            0            0      0.00000 
  214    -80.00000            0            0      0.00000 
  215    -81.00000            0            0      0.00000 
  216    -82.00000            0            0      0.00000 
  217    -83.00000            0            0      0.00000 
  218    -84.00000            0            0      0.00000 
  219    -85.00000            0            0      0.00000 
  220    -86.00000            0            0      0.00000 
  221    -87.00000            0            0      0.00000 
  222    -88.00000            0            0      0.00000 
  223    -89.00000            0            0      0.00000 
  224    -90.00000            0            0      0.00000 
  225    -91.00000            0            0      0.00000 
  226    -92.00000            0            0      0.00000 
  227    -93.00000            0            0      0.00000 
  228    -94.00000            0            0      0.00000 
  229    -95.00000            0            0      0.00000 
  230    -96.00000            0            0      0.00000 
  231    -97.00000            0            0      0.00000 
  232    -98.00000            0            0      0.00000 
