# 3dSliceNDice -insetA 9m_4min_s1_m1_binary+orig -insetB 9m_4min_s2_m1_binary+orig -prefix 9m_4min_split_m1_binary
    0     96.00000            0            0      0.00000 
    1     95.00000            0            0      0.00000 
    2     94.00000            0            0      0.00000 
    3     93.00000            0            0      0.00000 
    4     92.00000            0            0      0.00000 
    5     91.00000            0            0      0.00000 
    6     90.00000            0            0      0.00000 
    7     89.00000            0            0      0.00000 
    8     88.00000            0            0      0.00000 
    9     87.00000            0            0      0.00000 
   10     86.00000            0            0      0.00000 
   11     85.00000            0            0      0.00000 
   12     84.00000            0            0      0.00000 
   13     83.00000            0            0      0.00000 
   14     82.00000            0            0      0.00000 
   15     81.00000            0            0      0.00000 
   16     80.00000            0            0      0.00000 
   17     79.00000            0            0      0.00000 
   18     78.00000            0            0      0.00000 
   19     77.00000            0            0      0.00000 
   20     76.00000            0            0      0.00000 
   21     75.00000            0            0      0.00000 
   22     74.00000            0            0      0.00000 
   23     73.00000            0            0      0.00000 
   24     72.00000            0            0      0.00000 
   25     71.00000            0            0      0.00000 
   26     70.00000            0            0      0.00000 
   27     69.00000            0            0      0.00000 
   28     68.00000            0            0      0.00000 
   29     67.00000            0            0      0.00000 
   30     66.00000            0            0      0.00000 
   31     65.00000            0            0      0.00000 
   32     64.00000            0            0      0.00000 
   33     63.00000            0            0      0.00000 
   34     62.00000            0            0      0.00000 
   35     61.00000            0            0      0.00000 
   36     60.00000            0            0      0.00000 
   37     59.00000            0            0      0.00000 
   38     58.00000            0            0      0.00000 
   39     57.00000            0            0      0.00000 
   40     56.00000            0            0      0.00000 
   41     55.00000            8            8      1.00000 
   42     54.00000           17           17      1.00000 
   43     53.00000           48           48      1.00000 
   44     52.00000           85           85      1.00000 
   45     51.00000          114          120      0.97436 
   46     50.00000          147          165      0.94231 
   47     49.00000          175          207      0.91623 
   48     48.00000          201          246      0.89933 
   49     47.00000          223          297      0.85769 
   50     46.00000          240          349      0.81494 
   51     45.00000          298          415      0.83590 
   52     44.00000          404          522      0.87257 
   53     43.00000          532          646      0.90323 
   54     42.00000          752          801      0.88989 
   55     41.00000         1053          980      0.85785 
   56     40.00000         1299         1105      0.85025 
   57     39.00000         1441         1160      0.83891 
   58     38.00000         1612         1228      0.82324 
   59     37.00000         1774         1338      0.83548 
   60     36.00000         1875         1431      0.84755 
   61     35.00000         2031         1533      0.84848 
   62     34.00000         2131         1611      0.84393 
   63     33.00000         2247         1701      0.83891 
   64     32.00000         2576         2132      0.86321 
   65     31.00000         2768         2399      0.88949 
   66     30.00000         2878         2574      0.89912 
   67     29.00000         2928         2704      0.90696 
   68     28.00000         2955         2793      0.91058 
   69     27.00000         2933         2876      0.91892 
   70     26.00000         2936         2951      0.92237 
   71     25.00000         2947         3039      0.92783 
   72     24.00000         2958         3108      0.93571 
   73     23.00000         3011         3210      0.94583 
   74     22.00000         3069         3259      0.95133 
   75     21.00000         3118         3275      0.95542 
   76     20.00000         3145         3265      0.95663 
   77     19.00000         3164         3249      0.95618 
   78     18.00000         3184         3258      0.95405 
   79     17.00000         3158         3232      0.94898 
   80     16.00000         3118         3182      0.94794 
   81     15.00000         3102         3135      0.94757 
   82     14.00000         3063         3098      0.94952 
   83     13.00000         3044         3070      0.95453 
   84     12.00000         3013         3023      0.95229 
   85     11.00000         2980         2996      0.95013 
   86     10.00000         2919         2930      0.93691 
   87      9.00000         2785         2802      0.91928 
   88      8.00000         2572         2586      0.89725 
   89      7.00000         2163         2180      0.89339 
   90      6.00000         2099         2121      0.88152 
   91      5.00000         2034         2095      0.87237 
   92      4.00000         1912         2037      0.85693 
   93      3.00000         1822         1978      0.84263 
   94      2.00000         1728         1896      0.84051 
   95      1.00000         1641         1764      0.85463 
   96      0.00000         1584         1696      0.86768 
   97     -1.00000         1614         1708      0.88501 
   98     -2.00000         1697         1799      0.90503 
   99     -3.00000         1855         1974      0.89997 
  100     -4.00000         2003         2141      0.88176 
  101     -5.00000         2127         2262      0.87674 
  102     -6.00000         2226         2338      0.87993 
  103     -7.00000         2335         2414      0.88524 
  104     -8.00000         2495         2600      0.88086 
  105     -9.00000         2613         2761      0.88165 
  106    -10.00000         2714         2880      0.89989 
  107    -11.00000         2757         2948      0.90272 
  108    -12.00000         2828         3045      0.90516 
  109    -13.00000         2909         3123      0.91114 
  110    -14.00000         2994         3161      0.92088 
  111    -15.00000         3112         3228      0.92681 
  112    -16.00000         3182         3286      0.92826 
  113    -17.00000         3226         3328      0.93134 
  114    -18.00000         3293         3362      0.93403 
  115    -19.00000         3286         3332      0.93533 
  116    -20.00000         3300         3324      0.93810 
  117    -21.00000         3257         3275      0.94029 
  118    -22.00000         3231         3242      0.94052 
  119    -23.00000         3160         3189      0.93621 
  120    -24.00000         3090         3132      0.93443 
  121    -25.00000         3004         3064      0.92848 
  122    -26.00000         2889         2937      0.91658 
  123    -27.00000         2743         2778      0.91034 
  124    -28.00000         2536         2547      0.92229 
  125    -29.00000         2467         2443      0.92424 
  126    -30.00000         2412         2361      0.92604 
  127    -31.00000         2303         2212      0.91960 
  128    -32.00000         2232         2089      0.91553 
  129    -33.00000         2153         1965      0.90724 
  130    -34.00000         2088         1843      0.89646 
  131    -35.00000         2011         1707      0.88811 
  132    -36.00000         1902         1582      0.88576 
  133    -37.00000         1772         1432      0.88077 
  134    -38.00000         1702         1331      0.86317 
  135    -39.00000         1692         1271      0.83969 
  136    -40.00000         1659         1197      0.81513 
  137    -41.00000         1578         1074      0.78130 
  138    -42.00000         1497          947      0.75123 
  139    -43.00000         1395          875      0.75066 
  140    -44.00000         1303          824      0.75976 
  141    -45.00000         1220          754      0.74468 
  142    -46.00000         1080          651      0.71519 
  143    -47.00000          969          560      0.67364 
  144    -48.00000          852          522      0.67394 
  145    -49.00000          751          518      0.70607 
  146    -50.00000          654          524      0.75382 
  147    -51.00000          571          507      0.79221 
  148    -52.00000          520          498      0.81729 
  149    -53.00000          522          498      0.81569 
  150    -54.00000          521          488      0.80872 
  151    -55.00000          517          474      0.79516 
  152    -56.00000          498          448      0.79915 
  153    -57.00000          448          398      0.81560 
  154    -58.00000          221          226      0.95302 
  155    -59.00000           38           39      0.98701 
  156    -60.00000            0            0      0.00000 
  157    -61.00000            0            0      0.00000 
  158    -62.00000            0            0      0.00000 
  159    -63.00000            0            0      0.00000 
  160    -64.00000            0            0      0.00000 
  161    -65.00000            0            0      0.00000 
  162    -66.00000            0            0      0.00000 
  163    -67.00000            0            0      0.00000 
  164    -68.00000            0            0      0.00000 
  165    -69.00000            0            0      0.00000 
  166    -70.00000            0            0      0.00000 
  167    -71.00000            0            0      0.00000 
  168    -72.00000            0            0      0.00000 
  169    -73.00000            0            0      0.00000 
  170    -74.00000            0            0      0.00000 
  171    -75.00000            0            0      0.00000 
  172    -76.00000            0            0      0.00000 
  173    -77.00000            0            0      0.00000 
  174    -78.00000            0            0      0.00000 
  175    -79.00000            0            0      0.00000 
  176    -80.00000            0            0      0.00000 
  177    -81.00000            0            0      0.00000 
  178    -82.00000            0            0      0.00000 
  179    -83.00000            0            0      0.00000 
  180    -84.00000            0            0      0.00000 
  181    -85.00000            0            0      0.00000 
  182    -86.00000            0            0      0.00000 
  183    -87.00000            0            0      0.00000 
  184    -88.00000            0            0      0.00000 
  185    -89.00000            0            0      0.00000 
  186    -90.00000            0            0      0.00000 
  187    -91.00000            0            0      0.00000 
  188    -92.00000            0            0      0.00000 
  189    -93.00000            0            0      0.00000 
  190    -94.00000            0            0      0.00000 
  191    -95.00000            0            0      0.00000 
  192    -96.00000            0            0      0.00000 
  193    -97.00000            0            0      0.00000 
  194    -98.00000            0            0      0.00000 
