# 3dSliceNDice -insetA 9m_5min_s1_m1_binary+orig -insetB 9m_5min_s2_m1_binary+orig -prefix 9m_5min_split_m1_binary
    0    134.00000            0            0      0.00000 
    1    133.00000            0            0      0.00000 
    2    132.00000            0            0      0.00000 
    3    131.00000            0            0      0.00000 
    4    130.00000            0            0      0.00000 
    5    129.00000            0            0      0.00000 
    6    128.00000            0            0      0.00000 
    7    127.00000            0            0      0.00000 
    8    126.00000            0            0      0.00000 
    9    125.00000            0            0      0.00000 
   10    124.00000            0            0      0.00000 
   11    123.00000            0            0      0.00000 
   12    122.00000            0            0      0.00000 
   13    121.00000            0            0      0.00000 
   14    120.00000            0            0      0.00000 
   15    119.00000            0            0      0.00000 
   16    118.00000            0            0      0.00000 
   17    117.00000            0            0      0.00000 
   18    116.00000            0            0      0.00000 
   19    115.00000            0            0      0.00000 
   20    114.00000            0            0      0.00000 
   21    113.00000            0            0      0.00000 
   22    112.00000            0            0      0.00000 
   23    111.00000            0            0      0.00000 
   24    110.00000            0            0      0.00000 
   25    109.00000            0            0      0.00000 
   26    108.00000            0            0      0.00000 
   27    107.00000            0            0      0.00000 
   28    106.00000            0            0      0.00000 
   29    105.00000            0            0      0.00000 
   30    104.00000            0            0      0.00000 
   31    103.00000            0            0      0.00000 
   32    102.00000            0            0      0.00000 
   33    101.00000            0            0      0.00000 
   34    100.00000            0            0      0.00000 
   35     99.00000            0            0      0.00000 
   36     98.00000            0            0      0.00000 
   37     97.00000            0            0      0.00000 
   38     96.00000            0            0      0.00000 
   39     95.00000            0            0      0.00000 
   40     94.00000            0            0      0.00000 
   41     93.00000            0            0      0.00000 
   42     92.00000            0            0      0.00000 
   43     91.00000            0            0      0.00000 
   44     90.00000            0            0      0.00000 
   45     89.00000            0            0      0.00000 
   46     88.00000            0            0      0.00000 
   47     87.00000            0            0      0.00000 
   48     86.00000            0            0      0.00000 
   49     85.00000            0            0      0.00000 
   50     84.00000           49           43      0.93478 
   51     83.00000          163          134      0.90236 
   52     82.00000          282          226      0.88976 
   53     81.00000          395          336      0.91929 
   54     80.00000          519          461      0.94082 
   55     79.00000          648          585      0.94891 
   56     78.00000          783          711      0.95181 
   57     77.00000          965          891      0.95905 
   58     76.00000         1177         1109      0.95013 
   59     75.00000         1435         1367      0.95789 
   60     74.00000         1681         1647      0.96514 
   61     73.00000         1938         1921      0.96864 
   62     72.00000         2253         2278      0.97021 
   63     71.00000         2494         2541      0.97120 
   64     70.00000         2767         2847      0.97186 
   65     69.00000         2941         3039      0.97324 
   66     68.00000         3095         3208      0.97509 
   67     67.00000         3232         3362      0.97816 
   68     66.00000         3365         3493      0.97900 
   69     65.00000         3475         3602      0.97895 
   70     64.00000         3553         3670      0.97494 
   71     63.00000         3649         3770      0.97210 
   72     62.00000         3660         3782      0.96775 
   73     61.00000         3681         3807      0.96341 
   74     60.00000         3656         3787      0.95848 
   75     59.00000         3532         3674      0.94949 
   76     58.00000         3393         3551      0.93664 
   77     57.00000         3136         3343      0.90786 
   78     56.00000         3010         3250      0.89489 
   79     55.00000         2843         3118      0.87703 
   80     54.00000         2550         2843      0.84702 
   81     53.00000         2194         2569      0.79278 
   82     52.00000         1827         2241      0.74779 
   83     51.00000         1687         2113      0.72684 
   84     50.00000         1490         1935      0.69839 
   85     49.00000         1187         1666      0.65405 
   86     48.00000          770         1311      0.55742 
   87     47.00000          372          938      0.34962 
   88     46.00000          358          910      0.36593 
   89     45.00000          333          849      0.37902 
   90     44.00000          292          735      0.39922 
   91     43.00000          244          554      0.43609 
   92     42.00000          249          408      0.54490 
   93     41.00000          314          471      0.57325 
   94     40.00000          385          535      0.61304 
   95     39.00000          454          571      0.63220 
   96     38.00000          512          601      0.63971 
   97     37.00000          583          620      0.66002 
   98     36.00000          607          595      0.66057 
   99     35.00000          658          593      0.67306 
  100     34.00000          677          571      0.70353 
  101     33.00000          697          535      0.73539 
  102     32.00000          745          564      0.76241 
  103     31.00000          797          616      0.78415 
  104     30.00000          843          658      0.79947 
  105     29.00000          841          668      0.79788 
  106     28.00000          830          661      0.80215 
  107     27.00000          782          647      0.78796 
  108     26.00000          723          618      0.77703 
  109     25.00000          664          586      0.76320 
  110     24.00000          545          494      0.74495 
  111     23.00000          390          384      0.78036 
  112     22.00000          265          301      0.93640 
  113     21.00000          263          304      0.92769 
  114     20.00000          260          308      0.91549 
  115     19.00000          266          293      0.89445 
  116     18.00000          267          282      0.86703 
  117     17.00000          261          286      0.77148 
  118     16.00000          247          314      0.65597 
  119     15.00000          237          339      0.54514 
  120     14.00000          216          343      0.44007 
  121     13.00000          209          350      0.35420 
  122     12.00000          185          362      0.28154 
  123     11.00000          160          359      0.23507 
  124     10.00000          134          357      0.18330 
  125      9.00000           88          325      0.09201 
  126      8.00000           32          296      0.00000 
  127      7.00000            0          271      0.00000 
  128      6.00000            0          265      0.00000 
  129      5.00000            0          254      0.00000 
  130      4.00000            0          233      0.00000 
  131      3.00000            0          216      0.00000 
  132      2.00000          248          385      0.46761 
  133      1.00000          432          565      0.64193 
  134      0.00000          560          670      0.71220 
  135     -1.00000          654          727      0.75597 
  136     -2.00000          726          763      0.79516 
  137     -3.00000         1237         1274      0.84349 
  138     -4.00000         1715         1662      0.87119 
  139     -5.00000         2065         1950      0.88568 
  140     -6.00000         2305         2154      0.89661 
  141     -7.00000         2481         2320      0.90564 
  142     -8.00000         2805         2574      0.93400 
  143     -9.00000         3013         2719      0.93126 
  144    -10.00000         3220         2908      0.93701 
  145    -11.00000         3329         3010      0.93895 
  146    -12.00000         3406         3071      0.93778 
  147    -13.00000         3505         3127      0.93486 
  148    -14.00000         3519         3124      0.93482 
  149    -15.00000         3553         3142      0.93293 
  150    -16.00000         3530         3135      0.93143 
  151    -17.00000         3495         3105      0.92818 
  152    -18.00000         3426         3076      0.91849 
  153    -19.00000         3350         3065      0.90569 
  154    -20.00000         3336         3087      0.89522 
  155    -21.00000         3284         3081      0.88327 
  156    -22.00000         3226         3082      0.87127 
  157    -23.00000         3156         3101      0.84865 
  158    -24.00000         3108         3108      0.83719 
  159    -25.00000         3040         3085      0.82808 
  160    -26.00000         2921         2983      0.82351 
  161    -27.00000         2775         2883      0.82361 
  162    -28.00000         2620         2730      0.83888 
  163    -29.00000         2646         2696      0.85548 
  164    -30.00000         2658         2647      0.86371 
  165    -31.00000         2610         2505      0.85748 
  166    -32.00000         2532         2314      0.84028 
  167    -33.00000         2399         2148      0.85023 
  168    -34.00000         2352         2111      0.86758 
  169    -35.00000         2286         2073      0.88048 
  170    -36.00000         2190         2022      0.88699 
  171    -37.00000         2132         2004      0.87959 
  172    -38.00000         2059         1984      0.87163 
  173    -39.00000         1978         1910      0.87603 
  174    -40.00000         1930         1874      0.88275 
  175    -41.00000         1852         1803      0.88919 
  176    -42.00000         1778         1739      0.89053 
  177    -43.00000         1677         1662      0.89069 
  178    -44.00000         1588         1595      0.88973 
  179    -45.00000         1475         1516      0.89535 
  180    -46.00000         1343         1416      0.90250 
  181    -47.00000         1223         1310      0.91038 
  182    -48.00000         1095         1186      0.92591 
  183    -49.00000         1002         1083      0.93717 
  184    -50.00000          911          969      0.96170 
  185    -51.00000          801          815      0.98144 
  186    -52.00000          722          710      0.98883 
  187    -53.00000          585          560      0.97817 
  188    -54.00000          489          458      0.96727 
  189    -55.00000          364          322      0.93878 
  190    -56.00000          245          190      0.87356 
  191    -57.00000          127           70      0.71066 
  192    -58.00000           47           12      0.40678 
  193    -59.00000           17            0      0.00000 
  194    -60.00000            0            0      0.00000 
  195    -61.00000            0            0      0.00000 
  196    -62.00000            0            0      0.00000 
  197    -63.00000            0            0      0.00000 
  198    -64.00000            0            0      0.00000 
  199    -65.00000            0            0      0.00000 
  200    -66.00000            0            0      0.00000 
  201    -67.00000            0            0      0.00000 
  202    -68.00000            0            0      0.00000 
  203    -69.00000            0            0      0.00000 
  204    -70.00000            0            0      0.00000 
  205    -71.00000            0            0      0.00000 
  206    -72.00000            0            0      0.00000 
  207    -73.00000            0            0      0.00000 
  208    -74.00000            0            0      0.00000 
  209    -75.00000            0            0      0.00000 
  210    -76.00000            0            0      0.00000 
  211    -77.00000            0            0      0.00000 
  212    -78.00000            0            0      0.00000 
  213    -79.00000            0            0      0.00000 
  214    -80.00000            0            0      0.00000 
  215    -81.00000            0            0      0.00000 
  216    -82.00000            0            0      0.00000 
  217    -83.00000            0            0      0.00000 
  218    -84.00000            0            0      0.00000 
  219    -85.00000            0            0      0.00000 
  220    -86.00000            0            0      0.00000 
  221    -87.00000            0            0      0.00000 
  222    -88.00000            0            0      0.00000 
  223    -89.00000            0            0      0.00000 
  224    -90.00000            0            0      0.00000 
  225    -91.00000            0            0      0.00000 
  226    -92.00000            0            0      0.00000 
  227    -93.00000            0            0      0.00000 
  228    -94.00000            0            0      0.00000 
  229    -95.00000            0            0      0.00000 
  230    -96.00000            0            0      0.00000 
  231    -97.00000            0            0      0.00000 
  232    -98.00000            0            0      0.00000 
