# 3dSliceNDice -insetA 9m_5min_s1_m4_binary+orig -insetB 9m_5min_s2_m4_binary+orig -prefix 9m_5min_split_m4_binary
    0    -72.00000            0            0      0.00000 
    1    -71.00000            0            0      0.00000 
    2    -70.00000            0            0      0.00000 
    3    -69.00000            0            0      0.00000 
    4    -68.00000            0            0      0.00000 
    5    -67.00000            0            0      0.00000 
    6    -66.00000            0            0      0.00000 
    7    -65.00000            0            0      0.00000 
    8    -64.00000            0            0      0.00000 
    9    -63.00000            0            0      0.00000 
   10    -62.00000            0            0      0.00000 
   11    -61.00000            0            0      0.00000 
   12    -60.00000            0            0      0.00000 
   13    -59.00000            0            0      0.00000 
   14    -58.00000            0            0      0.00000 
   15    -57.00000            0            0      0.00000 
   16    -56.00000            0            0      0.00000 
   17    -55.00000            0            0      0.00000 
   18    -54.00000            0            0      0.00000 
   19    -53.00000            0            0      0.00000 
   20    -52.00000            0            0      0.00000 
   21    -51.00000            0            0      0.00000 
   22    -50.00000            0            0      0.00000 
   23    -49.00000            0            0      0.00000 
   24    -48.00000            0            0      0.00000 
   25    -47.00000            0            0      0.00000 
   26    -46.00000            0            0      0.00000 
   27    -45.00000            0            0      0.00000 
   28    -44.00000            0            0      0.00000 
   29    -43.00000            0            0      0.00000 
   30    -42.00000            0            0      0.00000 
   31    -41.00000            0            0      0.00000 
   32    -40.00000            0            0      0.00000 
   33    -39.00000            0            0      0.00000 
   34    -38.00000            0            0      0.00000 
   35    -37.00000            0            0      0.00000 
   36    -36.00000            0            0      0.00000 
   37    -35.00000            0            0      0.00000 
   38    -34.00000            0            0      0.00000 
   39    -33.00000            0            0      0.00000 
   40    -32.00000          310          297      0.89951 
   41    -31.00000          498          476      0.92608 
   42    -30.00000          623          594      0.93509 
   43    -29.00000          734          702      0.94290 
   44    -28.00000          843          807      0.94788 
   45    -27.00000          946          913      0.95535 
   46    -26.00000         1018         1016      0.96362 
   47    -25.00000         1112         1133      0.96659 
   48    -24.00000         1164         1210      0.96630 
   49    -23.00000         1220         1286      0.96409 
   50    -22.00000         1281         1375      0.96084 
   51    -21.00000         1349         1454      0.95897 
   52    -20.00000         1485         1613      0.95868 
   53    -19.00000         1588         1705      0.95779 
   54    -18.00000         1673         1778      0.95509 
   55    -17.00000         1742         1830      0.95185 
   56    -16.00000         1773         1840      0.94769 
   57    -15.00000         1793         1837      0.94105 
   58    -14.00000         1725         1761      0.93402 
   59    -13.00000         1686         1723      0.93106 
   60    -12.00000         1559         1607      0.92483 
   61    -11.00000         1444         1498      0.92114 
   62    -10.00000         1292         1356      0.91390 
   63     -9.00000         1078         1153      0.90184 
   64     -8.00000          764          860      0.87685 
   65     -7.00000          205          339      0.75368 
   66     -6.00000          201          325      0.76426 
   67     -5.00000          198          311      0.77800 
   68     -4.00000          202          281      0.83230 
   69     -3.00000          207          263      0.83830 
   70     -2.00000          207          231      0.84475 
   71     -1.00000          201          202      0.84367 
   72      0.00000          194          166      0.82222 
   73      1.00000          180          118      0.75168 
   74      2.00000          168           57      0.50667 
   75      3.00000          178           64      0.03306 
   76      4.00000          209          176      0.19740 
   77      5.00000          230          280      0.29804 
   78      6.00000          228          360      0.36054 
   79      7.00000          214          432      0.42105 
   80      8.00000          209          512      0.46047 
   81      9.00000          217          552      0.48375 
   82     10.00000          228          598      0.48426 
   83     11.00000          223          610      0.48499 
   84     12.00000          222          623      0.48994 
   85     13.00000          313          747      0.39811 
   86     14.00000          430          913      0.34550 
   87     15.00000          527         1065      0.33417 
   88     16.00000          584         1177      0.31914 
   89     17.00000          636         1281      0.30569 
   90     18.00000         1093         1632      0.50716 
   91     19.00000         1390         1892      0.60024 
   92     20.00000         1579         2076      0.63584 
   93     21.00000         1693         2155      0.66164 
   94     22.00000         1768         2197      0.68146 
   95     23.00000         2100         2468      0.71629 
   96     24.00000         2308         2725      0.74707 
   97     25.00000         2499         2935      0.76518 
   98     26.00000         2613         3040      0.77693 
   99     27.00000         2710         3108      0.78790 
  100     28.00000         3093         3424      0.82461 
  101     29.00000         3442         3684      0.85883 
  102     30.00000         3736         3932      0.88080 
  103     31.00000         3909         4098      0.89996 
  104     32.00000         4026         4240      0.91774 
  105     33.00000         4185         4370      0.93840 
  106     34.00000         4350         4462      0.94644 
  107     35.00000         4598         4627      0.95393 
  108     36.00000         4782         4742      0.95716 
  109     37.00000         4932         4830      0.96169 
  110     38.00000         5073         4928      0.96630 
  111     39.00000         5111         4975      0.96768 
  112     40.00000         5144         5044      0.97016 
  113     41.00000         5142         5032      0.97169 
  114     42.00000         5093         4979      0.97299 
  115     43.00000         4962         4853      0.97585 
  116     44.00000         4748         4663      0.98034 
  117     45.00000         4550         4475      0.98416 
  118     46.00000         4334         4289      0.98643 
  119     47.00000         4079         4052      0.98758 
  120     48.00000         3757         3749      0.98721 
  121     49.00000         3350         3351      0.98612 
  122     50.00000         3001         3007      0.98435 
  123     51.00000         2563         2567      0.98402 
  124     52.00000         2113         2118      0.98275 
  125     53.00000         1702         1691      0.97907 
  126     54.00000         1246         1225      0.97208 
  127     55.00000          939          902      0.97990 
  128     56.00000          643          622      0.98340 
  129     57.00000          405          403      0.99752 
  130     58.00000          125          125      1.00000 
  131     59.00000            0            0      0.00000 
  132     60.00000            0            0      0.00000 
  133     61.00000            0            0      0.00000 
  134     62.00000            0            0      0.00000 
  135     63.00000            0            0      0.00000 
  136     64.00000            0            0      0.00000 
  137     65.00000            0            0      0.00000 
  138     66.00000            0            0      0.00000 
  139     67.00000            0            0      0.00000 
  140     68.00000            0            0      0.00000 
  141     69.00000            0            0      0.00000 
  142     70.00000            0            0      0.00000 
  143     71.00000            0            0      0.00000 
  144     72.00000            0            0      0.00000 
  145     73.00000            0            0      0.00000 
  146     74.00000            0            0      0.00000 
  147     75.00000            0            0      0.00000 
  148     76.00000            0            0      0.00000 
  149     77.00000            0            0      0.00000 
  150     78.00000            0            0      0.00000 
  151     79.00000            0            0      0.00000 
  152     80.00000            0            0      0.00000 
  153     81.00000            0            0      0.00000 
  154     82.00000            0            0      0.00000 
  155     83.00000            0            0      0.00000 
  156     84.00000            0            0      0.00000 
  157     85.00000            0            0      0.00000 
  158     86.00000            0            0      0.00000 
