# 3dSliceNDice -insetA 9m_5min_s1_m5_binary+orig -insetB 9m_5min_s2_m5_binary+orig -prefix 9m_5min_split_m5_binary
    0    134.00000            0            0      0.00000 
    1    133.00000            0            0      0.00000 
    2    132.00000            0            0      0.00000 
    3    131.00000            0            0      0.00000 
    4    130.00000            0            0      0.00000 
    5    129.00000            0            0      0.00000 
    6    128.00000            0            0      0.00000 
    7    127.00000            0            0      0.00000 
    8    126.00000            0            0      0.00000 
    9    125.00000            0            0      0.00000 
   10    124.00000            0            0      0.00000 
   11    123.00000            0            0      0.00000 
   12    122.00000            0            0      0.00000 
   13    121.00000            0            0      0.00000 
   14    120.00000            0            0      0.00000 
   15    119.00000            0            0      0.00000 
   16    118.00000            0            0      0.00000 
   17    117.00000            0            0      0.00000 
   18    116.00000            0            0      0.00000 
   19    115.00000            0            0      0.00000 
   20    114.00000            0            0      0.00000 
   21    113.00000            0            0      0.00000 
   22    112.00000            0            0      0.00000 
   23    111.00000            0            0      0.00000 
   24    110.00000            0            0      0.00000 
   25    109.00000            0            0      0.00000 
   26    108.00000            0            0      0.00000 
   27    107.00000            0            0      0.00000 
   28    106.00000            0            0      0.00000 
   29    105.00000            0            0      0.00000 
   30    104.00000            0            0      0.00000 
   31    103.00000            0            0      0.00000 
   32    102.00000            0            0      0.00000 
   33    101.00000            0            0      0.00000 
   34    100.00000            0            0      0.00000 
   35     99.00000            0            0      0.00000 
   36     98.00000            0            0      0.00000 
   37     97.00000            0            0      0.00000 
   38     96.00000            0            0      0.00000 
   39     95.00000            0            0      0.00000 
   40     94.00000            0            0      0.00000 
   41     93.00000            0            0      0.00000 
   42     92.00000            0            0      0.00000 
   43     91.00000            0            0      0.00000 
   44     90.00000            0            0      0.00000 
   45     89.00000            0            0      0.00000 
   46     88.00000            0            0      0.00000 
   47     87.00000            0            0      0.00000 
   48     86.00000            0            0      0.00000 
   49     85.00000            0            0      0.00000 
   50     84.00000            0            0      0.00000 
   51     83.00000            0            0      0.00000 
   52     82.00000            0            0      0.00000 
   53     81.00000            0            0      0.00000 
   54     80.00000            0            0      0.00000 
   55     79.00000            0            0      0.00000 
   56     78.00000            0            0      0.00000 
   57     77.00000            0            0      0.00000 
   58     76.00000            0            0      0.00000 
   59     75.00000            0            2      0.00000 
   60     74.00000            0           22      0.00000 
   61     73.00000            0           57      0.00000 
   62     72.00000           33          110      0.46154 
   63     71.00000          107          166      0.74725 
   64     70.00000          181          227      0.83824 
   65     69.00000          238          267      0.87921 
   66     68.00000          283          298      0.90878 
   67     67.00000          444          386      0.87952 
   68     66.00000          575          477      0.89164 
   69     65.00000          679          558      0.90218 
   70     64.00000          763          636      0.90922 
   71     63.00000          837          711      0.91860 
   72     62.00000          979          884      0.91036 
   73     61.00000         1108         1067      0.90023 
   74     60.00000         1248         1237      0.89899 
   75     59.00000         1344         1367      0.89118 
   76     58.00000         1419         1465      0.88904 
   77     57.00000         1554         1580      0.90236 
   78     56.00000         1698         1690      0.91558 
   79     55.00000         1826         1818      0.92645 
   80     54.00000         1943         1932      0.93161 
   81     53.00000         2039         2027      0.93606 
   82     52.00000         2159         2117      0.93405 
   83     51.00000         2278         2198      0.93476 
   84     50.00000         2396         2292      0.93003 
   85     49.00000         2478         2383      0.92574 
   86     48.00000         2588         2474      0.92493 
   87     47.00000         2699         2624      0.93556 
   88     46.00000         2787         2721      0.94408 
   89     45.00000         2899         2848      0.94902 
   90     44.00000         2950         2934      0.95105 
   91     43.00000         3012         3016      0.94857 
   92     42.00000         3055         3080      0.94377 
   93     41.00000         3064         3113      0.94253 
   94     40.00000         3100         3158      0.94311 
   95     39.00000         3080         3134      0.94464 
   96     38.00000         3085         3144      0.94397 
   97     37.00000         3086         3134      0.94534 
   98     36.00000         3061         3091      0.93791 
   99     35.00000         3050         3082      0.93379 
  100     34.00000         2970         3026      0.91895 
  101     33.00000         2876         3010      0.90078 
  102     32.00000         3021         3109      0.86297 
  103     31.00000         3209         3193      0.86098 
  104     30.00000         3332         3246      0.86014 
  105     29.00000         3380         3243      0.85822 
  106     28.00000         3334         3203      0.84901 
  107     27.00000         3245         3124      0.83059 
  108     26.00000         3170         3005      0.82980 
  109     25.00000         3124         2927      0.82796 
  110     24.00000         3026         2791      0.83479 
  111     23.00000         2938         2675      0.85017 
  112     22.00000         2857         2584      0.86455 
  113     21.00000         2750         2518      0.86750 
  114     20.00000         2613         2455      0.87609 
  115     19.00000         2472         2377      0.88018 
  116     18.00000         2402         2336      0.87801 
  117     17.00000         2307         2300      0.87519 
  118     16.00000         2244         2255      0.87619 
  119     15.00000         2222         2251      0.87145 
  120     14.00000         2180         2189      0.87343 
  121     13.00000         2154         2131      0.87328 
  122     12.00000         2143         2038      0.87061 
  123     11.00000         2096         1927      0.86851 
  124     10.00000         2049         1805      0.86559 
  125      9.00000         1931         1656      0.85977 
  126      8.00000         1812         1510      0.85009 
  127      7.00000         1686         1351      0.82977 
  128      6.00000         1613         1290      0.83431 
  129      5.00000         1557         1258      0.84192 
  130      4.00000         1438         1185      0.84331 
  131      3.00000         1334         1143      0.84861 
  132      2.00000         1176         1074      0.85867 
  133      1.00000         1087         1004      0.84840 
  134      0.00000          990          933      0.83515 
  135     -1.00000          843          823      0.80672 
  136     -2.00000          686          720      0.74964 
  137     -3.00000          554          624      0.72326 
  138     -4.00000          522          566      0.70221 
  139     -5.00000          487          499      0.67343 
  140     -6.00000          423          414      0.63560 
  141     -7.00000          333          295      0.63057 
  142     -8.00000          253          174      0.72600 
  143     -9.00000          252          164      0.69231 
  144    -10.00000          251          154      0.65185 
  145    -11.00000          229          130      0.62396 
  146    -12.00000          206          105      0.58521 
  147    -13.00000          185           72      0.50584 
  148    -14.00000          181           52      0.44635 
  149    -15.00000          181           40      0.36199 
  150    -16.00000          173           23      0.23469 
  151    -17.00000          163            4      0.04790 
  152    -18.00000          139            0      0.00000 
  153    -19.00000          119            0      0.00000 
  154    -20.00000           96            0      0.00000 
  155    -21.00000           64            0      0.00000 
  156    -22.00000           28            0      0.00000 
  157    -23.00000            0            0      0.00000 
  158    -24.00000            0            0      0.00000 
  159    -25.00000            0            0      0.00000 
  160    -26.00000            0            0      0.00000 
  161    -27.00000            0            0      0.00000 
  162    -28.00000            0            0      0.00000 
  163    -29.00000            0            0      0.00000 
  164    -30.00000            0            0      0.00000 
  165    -31.00000            0            0      0.00000 
  166    -32.00000            0            0      0.00000 
  167    -33.00000            0            0      0.00000 
  168    -34.00000            0            0      0.00000 
  169    -35.00000            0            0      0.00000 
  170    -36.00000            0            0      0.00000 
  171    -37.00000            0            0      0.00000 
  172    -38.00000            0            0      0.00000 
  173    -39.00000            0            0      0.00000 
  174    -40.00000            0            0      0.00000 
  175    -41.00000            0            0      0.00000 
  176    -42.00000            0            0      0.00000 
  177    -43.00000            0            0      0.00000 
  178    -44.00000            0            0      0.00000 
  179    -45.00000            0            0      0.00000 
  180    -46.00000            0            0      0.00000 
  181    -47.00000            0            0      0.00000 
  182    -48.00000            0            0      0.00000 
  183    -49.00000            0            0      0.00000 
  184    -50.00000            0            0      0.00000 
  185    -51.00000            0            0      0.00000 
  186    -52.00000            0            0      0.00000 
  187    -53.00000            0            0      0.00000 
  188    -54.00000            0            0      0.00000 
  189    -55.00000            0            0      0.00000 
  190    -56.00000            0            0      0.00000 
  191    -57.00000            0            0      0.00000 
  192    -58.00000            0            0      0.00000 
  193    -59.00000            0            0      0.00000 
  194    -60.00000            0            0      0.00000 
  195    -61.00000            0            0      0.00000 
  196    -62.00000            0            0      0.00000 
  197    -63.00000            0            0      0.00000 
  198    -64.00000            0            0      0.00000 
  199    -65.00000            0            0      0.00000 
  200    -66.00000            0            0      0.00000 
  201    -67.00000            0            0      0.00000 
  202    -68.00000            0            0      0.00000 
  203    -69.00000            0            0      0.00000 
  204    -70.00000            0            0      0.00000 
  205    -71.00000            0            0      0.00000 
  206    -72.00000            0            0      0.00000 
  207    -73.00000            0            0      0.00000 
  208    -74.00000            0            0      0.00000 
  209    -75.00000            0            0      0.00000 
  210    -76.00000            0            0      0.00000 
  211    -77.00000            0            0      0.00000 
  212    -78.00000            0            0      0.00000 
  213    -79.00000            0            0      0.00000 
  214    -80.00000            0            0      0.00000 
  215    -81.00000            0            0      0.00000 
  216    -82.00000            0            0      0.00000 
  217    -83.00000            0            0      0.00000 
  218    -84.00000            0            0      0.00000 
  219    -85.00000            0            0      0.00000 
  220    -86.00000            0            0      0.00000 
  221    -87.00000            0            0      0.00000 
  222    -88.00000            0            0      0.00000 
  223    -89.00000            0            0      0.00000 
  224    -90.00000            0            0      0.00000 
  225    -91.00000            0            0      0.00000 
  226    -92.00000            0            0      0.00000 
  227    -93.00000            0            0      0.00000 
  228    -94.00000            0            0      0.00000 
  229    -95.00000            0            0      0.00000 
  230    -96.00000            0            0      0.00000 
  231    -97.00000            0            0      0.00000 
  232    -98.00000            0            0      0.00000 
