# 3dSliceNDice -insetA 9m_5min_s1_m3_binary+orig -insetB 9m_5min_s2_m3_binary+orig -prefix 9m_5min_split_m3_binary
    0    134.00000            0            0      0.00000 
    1    133.00000            0            0      0.00000 
    2    132.00000            0            0      0.00000 
    3    131.00000            0            0      0.00000 
    4    130.00000            0            0      0.00000 
    5    129.00000            0            0      0.00000 
    6    128.00000            0            0      0.00000 
    7    127.00000            0            0      0.00000 
    8    126.00000            0            0      0.00000 
    9    125.00000            0            0      0.00000 
   10    124.00000            0            0      0.00000 
   11    123.00000            0            0      0.00000 
   12    122.00000            0            0      0.00000 
   13    121.00000            0            0      0.00000 
   14    120.00000            0            0      0.00000 
   15    119.00000            0            0      0.00000 
   16    118.00000            0            0      0.00000 
   17    117.00000            0            0      0.00000 
   18    116.00000            0            0      0.00000 
   19    115.00000            0            0      0.00000 
   20    114.00000            0            0      0.00000 
   21    113.00000            0            0      0.00000 
   22    112.00000            0            0      0.00000 
   23    111.00000            0            0      0.00000 
   24    110.00000            0            0      0.00000 
   25    109.00000            0            0      0.00000 
   26    108.00000            0            0      0.00000 
   27    107.00000            0            0      0.00000 
   28    106.00000            0            0      0.00000 
   29    105.00000            0            0      0.00000 
   30    104.00000            0            0      0.00000 
   31    103.00000            0            0      0.00000 
   32    102.00000            0            0      0.00000 
   33    101.00000            0            0      0.00000 
   34    100.00000            0            0      0.00000 
   35     99.00000            0            0      0.00000 
   36     98.00000            0            0      0.00000 
   37     97.00000            0            0      0.00000 
   38     96.00000            0            0      0.00000 
   39     95.00000            0            0      0.00000 
   40     94.00000            0            0      0.00000 
   41     93.00000            0            0      0.00000 
   42     92.00000            0            0      0.00000 
   43     91.00000            0            0      0.00000 
   44     90.00000            0            0      0.00000 
   45     89.00000            0            0      0.00000 
   46     88.00000            0            0      0.00000 
   47     87.00000            0            0      0.00000 
   48     86.00000            0            0      0.00000 
   49     85.00000            0            0      0.00000 
   50     84.00000            0            0      0.00000 
   51     83.00000            0            0      0.00000 
   52     82.00000            0            0      0.00000 
   53     81.00000            0            0      0.00000 
   54     80.00000            0            0      0.00000 
   55     79.00000            0            0      0.00000 
   56     78.00000            0            0      0.00000 
   57     77.00000            0            0      0.00000 
   58     76.00000            0            0      0.00000 
   59     75.00000            0            4      0.00000 
   60     74.00000            0           29      0.00000 
   61     73.00000            0           53      0.00000 
   62     72.00000           33           94      0.17323 
   63     71.00000          107          183      0.44138 
   64     70.00000          190          285      0.56000 
   65     69.00000          250          363      0.60685 
   66     68.00000          302          430      0.63388 
   67     67.00000          405          546      0.69611 
   68     66.00000          521          683      0.74585 
   69     65.00000          638          824      0.78796 
   70     64.00000          748          948      0.82547 
   71     63.00000          852         1059      0.85296 
   72     62.00000          955         1154      0.87719 
   73     61.00000         1060         1222      0.89571 
   74     60.00000         1179         1302      0.89883 
   75     59.00000         1265         1322      0.90916 
   76     58.00000         1337         1331      0.92204 
   77     57.00000         1422         1369      0.92153 
   78     56.00000         1482         1409      0.91180 
   79     55.00000         1576         1471      0.90253 
   80     54.00000         1644         1500      0.88041 
   81     53.00000         1687         1526      0.86586 
   82     52.00000         1746         1739      0.80230 
   83     51.00000         1823         1957      0.75450 
   84     50.00000         1902         2116      0.73569 
   85     49.00000         1933         2212      0.72183 
   86     48.00000         1986         2311      0.71259 
   87     47.00000         2091         2443      0.72254 
   88     46.00000         2223         2517      0.73797 
   89     45.00000         2306         2597      0.75342 
   90     44.00000         2294         2584      0.76548 
   91     43.00000         2193         2469      0.77606 
   92     42.00000         2079         2402      0.82169 
   93     41.00000         2263         2521      0.86037 
   94     40.00000         2442         2662      0.89146 
   95     39.00000         2553         2757      0.90847 
   96     38.00000         2647         2850      0.91832 
   97     37.00000         2724         2936      0.92544 
   98     36.00000         2760         2978      0.93168 
   99     35.00000         2850         3045      0.93571 
  100     34.00000         2890         3053      0.93791 
  101     33.00000         2941         3089      0.93930 
  102     32.00000         2984         3098      0.94081 
  103     31.00000         2966         3059      0.94207 
  104     30.00000         2988         3037      0.94506 
  105     29.00000         2969         2978      0.94670 
  106     28.00000         2950         2923      0.94534 
  107     27.00000         2892         2812      0.94390 
  108     26.00000         2807         2688      0.94158 
  109     25.00000         2730         2574      0.94042 
  110     24.00000         2637         2456      0.94129 
  111     23.00000         2568         2355      0.94130 
  112     22.00000         2492         2269      0.94224 
  113     21.00000         2396         2170      0.94087 
  114     20.00000         2268         2034      0.93770 
  115     19.00000         2149         1933      0.93925 
  116     18.00000         2066         1861      0.94067 
  117     17.00000         2058         1857      0.93078 
  118     16.00000         2075         1892      0.93320 
  119     15.00000         2059         1904      0.93565 
  120     14.00000         2013         1889      0.93849 
  121     13.00000         1995         1888      0.93175 
  122     12.00000         2002         1848      0.91377 
  123     11.00000         2016         1790      0.90016 
  124     10.00000         2009         1705      0.88261 
  125      9.00000         1934         1577      0.86642 
  126      8.00000         1862         1466      0.84856 
  127      7.00000         1718         1318      0.82543 
  128      6.00000         1551         1169      0.80147 
  129      5.00000         1437         1081      0.78554 
  130      4.00000         1287          966      0.76787 
  131      3.00000         1118          864      0.77397 
  132      2.00000          964          775      0.79471 
  133      1.00000          885          698      0.78459 
  134      0.00000          809          617      0.77560 
  135     -1.00000          726          513      0.74253 
  136     -2.00000          606          387      0.68479 
  137     -3.00000          586          330      0.65939 
  138     -4.00000          666          489      0.76537 
  139     -5.00000          703          589      0.82353 
  140     -6.00000          730          649      0.85134 
  141     -7.00000          745          688      0.86532 
  142     -8.00000          746          718      0.88934 
  143     -9.00000          726          716      0.90846 
  144    -10.00000          718          727      0.93426 
  145    -11.00000          702          731      0.95743 
  146    -12.00000          694          736      0.97063 
  147    -13.00000          710          751      0.97194 
  148    -14.00000          698          740      0.97079 
  149    -15.00000          696          739      0.97003 
  150    -16.00000          692          737      0.96851 
  151    -17.00000          692          735      0.96987 
  152    -18.00000          684          727      0.96953 
  153    -19.00000          656          701      0.96684 
  154    -20.00000          629          672      0.96695 
  155    -21.00000          593          626      0.97293 
  156    -22.00000          565          589      0.97920 
  157    -23.00000          514          528      0.98656 
  158    -24.00000          470          479      0.99052 
  159    -25.00000          414          417      0.99639 
  160    -26.00000          341          341      1.00000 
  161    -27.00000          250          250      1.00000 
  162    -28.00000          160          160      1.00000 
  163    -29.00000          125          125      1.00000 
  164    -30.00000           81           81      1.00000 
  165    -31.00000           37           37      1.00000 
  166    -32.00000            1            1      1.00000 
  167    -33.00000            0            0      0.00000 
  168    -34.00000            0            0      0.00000 
  169    -35.00000            0            0      0.00000 
  170    -36.00000            0            0      0.00000 
  171    -37.00000            0            0      0.00000 
  172    -38.00000            0            0      0.00000 
  173    -39.00000            0            0      0.00000 
  174    -40.00000            0            0      0.00000 
  175    -41.00000            0            0      0.00000 
  176    -42.00000            0            0      0.00000 
  177    -43.00000            0            0      0.00000 
  178    -44.00000            0            0      0.00000 
  179    -45.00000            0            0      0.00000 
  180    -46.00000            0            0      0.00000 
  181    -47.00000            0            0      0.00000 
  182    -48.00000            0            0      0.00000 
  183    -49.00000            0            0      0.00000 
  184    -50.00000            0            0      0.00000 
  185    -51.00000            0            0      0.00000 
  186    -52.00000            0            0      0.00000 
  187    -53.00000            0            0      0.00000 
  188    -54.00000            0            0      0.00000 
  189    -55.00000            0            0      0.00000 
  190    -56.00000            0            0      0.00000 
  191    -57.00000            0            0      0.00000 
  192    -58.00000            0            0      0.00000 
  193    -59.00000            0            0      0.00000 
  194    -60.00000            0            0      0.00000 
  195    -61.00000            0            0      0.00000 
  196    -62.00000            0            0      0.00000 
  197    -63.00000            0            0      0.00000 
  198    -64.00000            0            0      0.00000 
  199    -65.00000            0            0      0.00000 
  200    -66.00000            0            0      0.00000 
  201    -67.00000            0            0      0.00000 
  202    -68.00000            0            0      0.00000 
  203    -69.00000            0            0      0.00000 
  204    -70.00000            0            0      0.00000 
  205    -71.00000            0            0      0.00000 
  206    -72.00000            0            0      0.00000 
  207    -73.00000            0            0      0.00000 
  208    -74.00000            0            0      0.00000 
  209    -75.00000            0            0      0.00000 
  210    -76.00000            0            0      0.00000 
  211    -77.00000            0            0      0.00000 
  212    -78.00000            0            0      0.00000 
  213    -79.00000            0            0      0.00000 
  214    -80.00000            0            0      0.00000 
  215    -81.00000            0            0      0.00000 
  216    -82.00000            0            0      0.00000 
  217    -83.00000            0            0      0.00000 
  218    -84.00000            0            0      0.00000 
  219    -85.00000            0            0      0.00000 
  220    -86.00000            0            0      0.00000 
  221    -87.00000            0            0      0.00000 
  222    -88.00000            0            0      0.00000 
  223    -89.00000            0            0      0.00000 
  224    -90.00000            0            0      0.00000 
  225    -91.00000            0            0      0.00000 
  226    -92.00000            0            0      0.00000 
  227    -93.00000            0            0      0.00000 
  228    -94.00000            0            0      0.00000 
  229    -95.00000            0            0      0.00000 
  230    -96.00000            0            0      0.00000 
  231    -97.00000            0            0      0.00000 
  232    -98.00000            0            0      0.00000 
