# 3dSliceNDice -insetA 9m_5min_s1_m2_binary+orig -insetB 9m_5min_s2_m2_binary+orig -prefix 9m_5min_split_m2_binary
    0    -72.00000            0            0      0.00000 
    1    -71.00000            0            0      0.00000 
    2    -70.00000            0            0      0.00000 
    3    -69.00000            0            0      0.00000 
    4    -68.00000            0            0      0.00000 
    5    -67.00000            0            0      0.00000 
    6    -66.00000            0            0      0.00000 
    7    -65.00000            0            0      0.00000 
    8    -64.00000            0            0      0.00000 
    9    -63.00000            0            0      0.00000 
   10    -62.00000            0            0      0.00000 
   11    -61.00000            0            0      0.00000 
   12    -60.00000            0            0      0.00000 
   13    -59.00000            0            0      0.00000 
   14    -58.00000            0            0      0.00000 
   15    -57.00000            0            0      0.00000 
   16    -56.00000            0            0      0.00000 
   17    -55.00000            0            0      0.00000 
   18    -54.00000            0            0      0.00000 
   19    -53.00000            0            0      0.00000 
   20    -52.00000            0            0      0.00000 
   21    -51.00000            6            6      1.00000 
   22    -50.00000          137          137      1.00000 
   23    -49.00000          681          681      1.00000 
   24    -48.00000         1101         1101      1.00000 
   25    -47.00000         1342         1342      1.00000 
   26    -46.00000         1595         1595      1.00000 
   27    -45.00000         1831         1833      0.99891 
   28    -44.00000         2015         2021      0.99752 
   29    -43.00000         2189         2204      0.99431 
   30    -42.00000         2338         2351      0.99168 
   31    -41.00000         2441         2457      0.98898 
   32    -40.00000         2539         2556      0.98803 
   33    -39.00000         2600         2632      0.98586 
   34    -38.00000         2656         2695      0.98225 
   35    -37.00000         2687         2725      0.97746 
   36    -36.00000         2732         2764      0.97052 
   37    -35.00000         2752         2779      0.96294 
   38    -34.00000         2751         2758      0.95698 
   39    -33.00000         2754         2763      0.94907 
   40    -32.00000         2735         2735      0.94369 
   41    -31.00000         2698         2701      0.93832 
   42    -30.00000         2638         2642      0.93295 
   43    -29.00000         2574         2541      0.92160 
   44    -28.00000         2572         2484      0.91693 
   45    -27.00000         2569         2465      0.93008 
   46    -26.00000         2594         2483      0.93756 
   47    -25.00000         2553         2441      0.94834 
   48    -24.00000         2446         2340      0.95821 
   49    -23.00000         2338         2273      0.96855 
   50    -22.00000         2200         2193      0.97428 
   51    -21.00000         2114         2122      0.96978 
   52    -20.00000         2011         2049      0.96256 
   53    -19.00000         1900         1947      0.95971 
   54    -18.00000         1821         1869      0.95339 
   55    -17.00000         1747         1801      0.94701 
   56    -16.00000         1682         1754      0.93888 
   57    -15.00000         1624         1720      0.92285 
   58    -14.00000         1516         1680      0.89174 
   59    -13.00000         1369         1622      0.84587 
   60    -12.00000         1242         1663      0.78348 
   61    -11.00000         1251         1731      0.76056 
   62    -10.00000         1225         1732      0.73791 
   63     -9.00000         1154         1662      0.70668 
   64     -8.00000         1054         1548      0.65334 
   65     -7.00000         1004         1453      0.55678 
   66     -6.00000         1153         1436      0.52762 
   67     -5.00000         1262         1407      0.50131 
   68     -4.00000         1287         1293      0.48140 
   69     -3.00000         1246         1099      0.49893 
   70     -2.00000         1341         1070      0.53339 
   71     -1.00000         1527         1209      0.54678 
   72      0.00000         1696         1344      0.57105 
   73      1.00000         1783         1432      0.58725 
   74      2.00000         1863         1509      0.60320 
   75      3.00000         1996         1604      0.64722 
   76      4.00000         2083         1628      0.67475 
   77      5.00000         2146         1676      0.69649 
   78      6.00000         2130         1649      0.71395 
   79      7.00000         2121         1632      0.72902 
   80      8.00000         2105         1597      0.74770 
   81      9.00000         2059         1569      0.76351 
   82     10.00000         2010         1525      0.78416 
   83     11.00000         1869         1418      0.79708 
   84     12.00000         1719         1282      0.82173 
   85     13.00000         1614         1153      0.83339 
   86     14.00000         1547         1072      0.81863 
   87     15.00000         1466          979      0.80082 
   88     16.00000         1331          833      0.76987 
   89     17.00000         1188          705      0.74485 
   90     18.00000         1057          592      0.71801 
   91     19.00000          977          546      0.71701 
   92     20.00000          891          486      0.70588 
   93     21.00000          780          416      0.69565 
   94     22.00000          622          318      0.67660 
   95     23.00000          472          207      0.60972 
   96     24.00000          474          195      0.58296 
   97     25.00000          470          184      0.56269 
   98     26.00000          435          167      0.55482 
   99     27.00000          397          149      0.54579 
  100     28.00000          373          118      0.48065 
  101     29.00000          358           87      0.39101 
  102     30.00000          339           52      0.26598 
  103     31.00000          309           23      0.13855 
  104     32.00000          290            5      0.03390 
  105     33.00000          275           32      0.00000 
  106     34.00000          259           88      0.00000 
  107     35.00000          244          140      0.00000 
  108     36.00000          216          180      0.00000 
  109     37.00000          193          216      0.00000 
  110     38.00000          153          256      0.00000 
  111     39.00000          117          274      0.00000 
  112     40.00000           78          280      0.00000 
  113     41.00000           36          265      0.00000 
  114     42.00000            4          247      0.00000 
  115     43.00000            0          239      0.00000 
  116     44.00000            0          255      0.00000 
  117     45.00000            0          276      0.00000 
  118     46.00000            0          269      0.00000 
  119     47.00000            0          256      0.00000 
  120     48.00000            0          271      0.00000 
  121     49.00000            0          276      0.00000 
  122     50.00000            0          300      0.00000 
  123     51.00000            0          308      0.00000 
  124     52.00000            0          316      0.00000 
  125     53.00000            0          311      0.00000 
  126     54.00000            0          248      0.00000 
  127     55.00000            0          177      0.00000 
  128     56.00000            0          111      0.00000 
  129     57.00000            0           36      0.00000 
  130     58.00000            0            0      0.00000 
  131     59.00000            0            0      0.00000 
  132     60.00000            0            0      0.00000 
  133     61.00000            0            0      0.00000 
  134     62.00000            0            0      0.00000 
  135     63.00000            0            0      0.00000 
  136     64.00000            0            0      0.00000 
  137     65.00000            0            0      0.00000 
  138     66.00000            0            0      0.00000 
  139     67.00000            0            0      0.00000 
  140     68.00000            0            0      0.00000 
  141     69.00000            0            0      0.00000 
  142     70.00000            0            0      0.00000 
  143     71.00000            0            0      0.00000 
  144     72.00000            0            0      0.00000 
  145     73.00000            0            0      0.00000 
  146     74.00000            0            0      0.00000 
  147     75.00000            0            0      0.00000 
  148     76.00000            0            0      0.00000 
  149     77.00000            0            0      0.00000 
  150     78.00000            0            0      0.00000 
  151     79.00000            0            0      0.00000 
  152     80.00000            0            0      0.00000 
  153     81.00000            0            0      0.00000 
  154     82.00000            0            0      0.00000 
  155     83.00000            0            0      0.00000 
  156     84.00000            0            0      0.00000 
  157     85.00000            0            0      0.00000 
  158     86.00000            0            0      0.00000 
