# 3dSliceNDice -insetA 9m_5min_s1_m3_binary+orig -insetB 9m_5min_s2_m3_binary+orig -prefix 9m_5min_split_m3_binary
    0    -72.00000            0            0      0.00000 
    1    -71.00000            0            0      0.00000 
    2    -70.00000            0            0      0.00000 
    3    -69.00000            0            0      0.00000 
    4    -68.00000            0            0      0.00000 
    5    -67.00000            0            0      0.00000 
    6    -66.00000            0            0      0.00000 
    7    -65.00000            0            0      0.00000 
    8    -64.00000            0            0      0.00000 
    9    -63.00000            0            0      0.00000 
   10    -62.00000            0            0      0.00000 
   11    -61.00000            0            0      0.00000 
   12    -60.00000            0            0      0.00000 
   13    -59.00000            0            0      0.00000 
   14    -58.00000            0            0      0.00000 
   15    -57.00000            0            0      0.00000 
   16    -56.00000            0            0      0.00000 
   17    -55.00000            0            0      0.00000 
   18    -54.00000            0            0      0.00000 
   19    -53.00000            0            0      0.00000 
   20    -52.00000            0            0      0.00000 
   21    -51.00000            6            6      1.00000 
   22    -50.00000           95          134      0.82969 
   23    -49.00000          331          652      0.67345 
   24    -48.00000          558         1001      0.71584 
   25    -47.00000          674         1098      0.76072 
   26    -46.00000          801         1233      0.78761 
   27    -45.00000          919         1351      0.80969 
   28    -44.00000          978         1413      0.81807 
   29    -43.00000         1044         1478      0.82791 
   30    -42.00000         1096         1522      0.83728 
   31    -41.00000         1111         1540      0.83742 
   32    -40.00000         1141         1566      0.83931 
   33    -39.00000         1128         1547      0.83664 
   34    -38.00000         1128         1525      0.84056 
   35    -37.00000         1138         1528      0.83796 
   36    -36.00000         1167         1558      0.83596 
   37    -35.00000         1202         1599      0.83327 
   38    -34.00000         1236         1630      0.83601 
   39    -33.00000         1272         1654      0.84142 
   40    -32.00000         1316         1652      0.86051 
   41    -31.00000         1332         1628      0.87635 
   42    -30.00000         1360         1603      0.89841 
   43    -29.00000         1373         1550      0.91550 
   44    -28.00000         1407         1516      0.92850 
   45    -27.00000         1629         1566      0.89953 
   46    -26.00000         1792         1656      0.88167 
   47    -25.00000         1918         1729      0.88127 
   48    -24.00000         1993         1755      0.87567 
   49    -23.00000         2068         1769      0.87360 
   50    -22.00000         2149         1945      0.91304 
   51    -21.00000         2232         2102      0.93770 
   52    -20.00000         2333         2221      0.94642 
   53    -19.00000         2410         2329      0.95126 
   54    -18.00000         2486         2422      0.95436 
   55    -17.00000         2623         2506      0.94521 
   56    -16.00000         2751         2565      0.93529 
   57    -15.00000         2900         2667      0.92976 
   58    -14.00000         3052         2783      0.92134 
   59    -13.00000         3142         2859      0.91418 
   60    -12.00000         3196         2890      0.90108 
   61    -11.00000         3213         2900      0.89252 
   62    -10.00000         3250         2920      0.88298 
   63     -9.00000         3245         2904      0.87559 
   64     -8.00000         3249         2897      0.86983 
   65     -7.00000         3211         2857      0.86388 
   66     -6.00000         3150         2790      0.85859 
   67     -5.00000         3082         2728      0.85542 
   68     -4.00000         2956         2603      0.85051 
   69     -3.00000         2869         2504      0.84199 
   70     -2.00000         2707         2339      0.83155 
   71     -1.00000         2564         2221      0.83177 
   72      0.00000         2388         2078      0.83206 
   73      1.00000         2149         1884      0.83660 
   74      2.00000         1896         1706      0.85564 
   75      3.00000         1634         1555      0.88805 
   76      4.00000         1536         1438      0.88769 
   77      5.00000         1406         1293      0.88625 
   78      6.00000         1227         1095      0.88630 
   79      7.00000          983          816      0.87382 
   80      8.00000          621          248      0.49712 
   81      9.00000          555          268      0.43742 
   82     10.00000          471          280      0.37284 
   83     11.00000          357          268      0.28160 
   84     12.00000          196          248      0.14414 
   85     13.00000           92          288      0.36842 
   86     14.00000          226          370      0.59060 
   87     15.00000          344          458      0.69825 
   88     16.00000          434          520      0.75472 
   89     17.00000          512          578      0.79266 
   90     18.00000          672          680      0.78550 
   91     19.00000          854          824      0.82241 
   92     20.00000         1035          969      0.84830 
   93     21.00000         1157         1067      0.86601 
   94     22.00000         1255         1152      0.87827 
   95     23.00000         1349         1254      0.89205 
   96     24.00000         1392         1328      0.91618 
   97     25.00000         1450         1399      0.93436 
   98     26.00000         1468         1412      0.94583 
   99     27.00000         1480         1429      0.95634 
  100     28.00000         1585         1567      0.96066 
  101     29.00000         1619         1611      0.96223 
  102     30.00000         1653         1659      0.97162 
  103     31.00000         1670         1677      0.96684 
  104     32.00000         1696         1711      0.96625 
  105     33.00000         1702         1723      0.96818 
  106     34.00000         1657         1680      0.97033 
  107     35.00000         1634         1657      0.97964 
  108     36.00000         1564         1603      0.97948 
  109     37.00000         1524         1565      0.97572 
  110     38.00000         1437         1489      0.97198 
  111     39.00000         1333         1387      0.96324 
  112     40.00000         1212         1275      0.95858 
  113     41.00000         1083         1142      0.95461 
  114     42.00000          962         1014      0.95040 
  115     43.00000          846          883      0.94505 
  116     44.00000          731          758      0.93351 
  117     45.00000          635          649      0.92679 
  118     46.00000          520          511      0.90980 
  119     47.00000          387          366      0.86321 
  120     48.00000          246          206      0.75664 
  121     49.00000          162          103      0.59623 
  122     50.00000          134           46      0.44444 
  123     51.00000           88            7      0.14737 
  124     52.00000           63            0      0.00000 
  125     53.00000           34            0      0.00000 
  126     54.00000           10            0      0.00000 
  127     55.00000            0            0      0.00000 
  128     56.00000            0            0      0.00000 
  129     57.00000            0            0      0.00000 
  130     58.00000            0            0      0.00000 
  131     59.00000            0            0      0.00000 
  132     60.00000            0            0      0.00000 
  133     61.00000            0            0      0.00000 
  134     62.00000            0            0      0.00000 
  135     63.00000            0            0      0.00000 
  136     64.00000            0            0      0.00000 
  137     65.00000            0            0      0.00000 
  138     66.00000            0            0      0.00000 
  139     67.00000            0            0      0.00000 
  140     68.00000            0            0      0.00000 
  141     69.00000            0            0      0.00000 
  142     70.00000            0            0      0.00000 
  143     71.00000            0            0      0.00000 
  144     72.00000            0            0      0.00000 
  145     73.00000            0            0      0.00000 
  146     74.00000            0            0      0.00000 
  147     75.00000            0            0      0.00000 
  148     76.00000            0            0      0.00000 
  149     77.00000            0            0      0.00000 
  150     78.00000            0            0      0.00000 
  151     79.00000            0            0      0.00000 
  152     80.00000            0            0      0.00000 
  153     81.00000            0            0      0.00000 
  154     82.00000            0            0      0.00000 
  155     83.00000            0            0      0.00000 
  156     84.00000            0            0      0.00000 
  157     85.00000            0            0      0.00000 
  158     86.00000            0            0      0.00000 
