# 3dSliceNDice -insetA 9m_5min_s1_m1_binary+orig -insetB 9m_5min_s2_m1_binary+orig -prefix 9m_5min_split_m1_binary
    0     96.00000            0            0      0.00000 
    1     95.00000            0            0      0.00000 
    2     94.00000            0            0      0.00000 
    3     93.00000            0            0      0.00000 
    4     92.00000            0            0      0.00000 
    5     91.00000            0            0      0.00000 
    6     90.00000            0            0      0.00000 
    7     89.00000            0            0      0.00000 
    8     88.00000            0            0      0.00000 
    9     87.00000            0            0      0.00000 
   10     86.00000            0            0      0.00000 
   11     85.00000            0            0      0.00000 
   12     84.00000            0            0      0.00000 
   13     83.00000            0            0      0.00000 
   14     82.00000            0            0      0.00000 
   15     81.00000            0            0      0.00000 
   16     80.00000            0            0      0.00000 
   17     79.00000            0            0      0.00000 
   18     78.00000            0            0      0.00000 
   19     77.00000            0            0      0.00000 
   20     76.00000            0            0      0.00000 
   21     75.00000            0            0      0.00000 
   22     74.00000            0            0      0.00000 
   23     73.00000            0            0      0.00000 
   24     72.00000            0            0      0.00000 
   25     71.00000            0            0      0.00000 
   26     70.00000            0            0      0.00000 
   27     69.00000            0            0      0.00000 
   28     68.00000            0            0      0.00000 
   29     67.00000            0            0      0.00000 
   30     66.00000            0            0      0.00000 
   31     65.00000            0            0      0.00000 
   32     64.00000            0            0      0.00000 
   33     63.00000            0            0      0.00000 
   34     62.00000            0            0      0.00000 
   35     61.00000            0            0      0.00000 
   36     60.00000            0            0      0.00000 
   37     59.00000            0            0      0.00000 
   38     58.00000            0            0      0.00000 
   39     57.00000            0           27      0.00000 
   40     56.00000            0          126      0.00000 
   41     55.00000            8          230      0.00000 
   42     54.00000           17          329      0.00000 
   43     53.00000           48          413      0.00000 
   44     52.00000           85          458      0.01105 
   45     51.00000          114          560      0.10682 
   46     50.00000          151          651      0.19950 
   47     49.00000          185          693      0.27790 
   48     48.00000          214          730      0.33475 
   49     47.00000          256          746      0.42715 
   50     46.00000          298          752      0.50286 
   51     45.00000          374          792      0.57461 
   52     44.00000          520          862      0.63965 
   53     43.00000          669          953      0.69544 
   54     42.00000          824         1052      0.73667 
   55     41.00000          978         1193      0.75265 
   56     40.00000         1120         1294      0.76056 
   57     39.00000         1169         1287      0.77036 
   58     38.00000         1231         1309      0.77795 
   59     37.00000         1324         1344      0.76162 
   60     36.00000         1427         1456      0.74853 
   61     35.00000         1564         1590      0.73748 
   62     34.00000         1668         1689      0.72922 
   63     33.00000         1772         1774      0.72025 
   64     32.00000         2077         2084      0.77626 
   65     31.00000         2256         2276      0.81421 
   66     30.00000         2391         2428      0.83461 
   67     29.00000         2484         2512      0.85148 
   68     28.00000         2547         2583      0.86706 
   69     27.00000         2614         2681      0.89292 
   70     26.00000         2679         2741      0.90738 
   71     25.00000         2784         2793      0.91913 
   72     24.00000         2877         2850      0.92579 
   73     23.00000         2992         2955      0.92887 
   74     22.00000         3071         3032      0.93266 
   75     21.00000         3118         3073      0.93458 
   76     20.00000         3150         3113      0.93885 
   77     19.00000         3160         3136      0.94219 
   78     18.00000         3187         3183      0.94349 
   79     17.00000         3175         3179      0.94618 
   80     16.00000         3155         3153      0.94832 
   81     15.00000         3141         3149      0.94881 
   82     14.00000         3124         3098      0.93218 
   83     13.00000         3093         3002      0.91485 
   84     12.00000         3041         2817      0.90304 
   85     11.00000         3013         2804      0.90459 
   86     10.00000         2958         2759      0.90537 
   87      9.00000         2844         2638      0.90441 
   88      8.00000         2637         2497      0.90806 
   89      7.00000         2368         2323      0.93541 
   90      6.00000         2375         2297      0.93236 
   91      5.00000         2394         2270      0.92925 
   92      4.00000         2330         2181      0.91199 
   93      3.00000         2276         2104      0.88904 
   94      2.00000         2206         1987      0.87241 
   95      1.00000         2082         1827      0.86314 
   96      0.00000         2025         1723      0.85646 
   97     -1.00000         2050         1734      0.85571 
   98     -2.00000         2148         1812      0.85960 
   99     -3.00000         2345         1872      0.84800 
  100     -4.00000         2549         1984      0.83962 
  101     -5.00000         2712         2074      0.83326 
  102     -6.00000         2810         2140      0.82828 
  103     -7.00000         2904         2222      0.82364 
  104     -8.00000         2990         2468      0.82741 
  105     -9.00000         3019         2705      0.84172 
  106    -10.00000         3022         2867      0.84972 
  107    -11.00000         3043         2941      0.85795 
  108    -12.00000         3099         3013      0.86846 
  109    -13.00000         3150         3111      0.88644 
  110    -14.00000         3164         3207      0.90253 
  111    -15.00000         3219         3318      0.91602 
  112    -16.00000         3259         3352      0.92512 
  113    -17.00000         3290         3398      0.93032 
  114    -18.00000         3283         3425      0.93292 
  115    -19.00000         3213         3405      0.93472 
  116    -20.00000         3161         3403      0.93571 
  117    -21.00000         3087         3360      0.93408 
  118    -22.00000         3036         3323      0.93600 
  119    -23.00000         2955         3254      0.93123 
  120    -24.00000         2882         3178      0.92739 
  121    -25.00000         2817         3100      0.92648 
  122    -26.00000         2681         2982      0.92425 
  123    -27.00000         2555         2877      0.91716 
  124    -28.00000         2395         2683      0.91059 
  125    -29.00000         2313         2606      0.91482 
  126    -30.00000         2244         2531      0.91895 
  127    -31.00000         2130         2395      0.92597 
  128    -32.00000         2050         2279      0.93047 
  129    -33.00000         1984         2190      0.92238 
  130    -34.00000         1927         2116      0.91714 
  131    -35.00000         1857         2030      0.91690 
  132    -36.00000         1784         1914      0.91617 
  133    -37.00000         1674         1756      0.91895 
  134    -38.00000         1598         1633      0.92170 
  135    -39.00000         1561         1577      0.92033 
  136    -40.00000         1514         1513      0.91245 
  137    -41.00000         1400         1371      0.90004 
  138    -42.00000         1259         1202      0.88582 
  139    -43.00000         1158         1047      0.85533 
  140    -44.00000         1089          947      0.82024 
  141    -45.00000         1011          837      0.78571 
  142    -46.00000          888          705      0.75455 
  143    -47.00000          782          597      0.74547 
  144    -48.00000          690          542      0.73864 
  145    -49.00000          632          520      0.77778 
  146    -50.00000          581          488      0.81197 
  147    -51.00000          500          475      0.84308 
  148    -52.00000          441          467      0.84361 
  149    -53.00000          416          454      0.83678 
  150    -54.00000          408          450      0.83916 
  151    -55.00000          394          433      0.84885 
  152    -56.00000          356          433      0.81876 
  153    -57.00000          303          418      0.79057 
  154    -58.00000          165          298      0.70410 
  155    -59.00000           26           51      0.67532 
  156    -60.00000            0            0      0.00000 
  157    -61.00000            0            0      0.00000 
  158    -62.00000            0            0      0.00000 
  159    -63.00000            0            0      0.00000 
  160    -64.00000            0            0      0.00000 
  161    -65.00000            0            0      0.00000 
  162    -66.00000            0            0      0.00000 
  163    -67.00000            0            0      0.00000 
  164    -68.00000            0            0      0.00000 
  165    -69.00000            0            0      0.00000 
  166    -70.00000            0            0      0.00000 
  167    -71.00000            0            0      0.00000 
  168    -72.00000            0            0      0.00000 
  169    -73.00000            0            0      0.00000 
  170    -74.00000            0            0      0.00000 
  171    -75.00000            0            0      0.00000 
  172    -76.00000            0            0      0.00000 
  173    -77.00000            0            0      0.00000 
  174    -78.00000            0            0      0.00000 
  175    -79.00000            0            0      0.00000 
  176    -80.00000            0            0      0.00000 
  177    -81.00000            0            0      0.00000 
  178    -82.00000            0            0      0.00000 
  179    -83.00000            0            0      0.00000 
  180    -84.00000            0            0      0.00000 
  181    -85.00000            0            0      0.00000 
  182    -86.00000            0            0      0.00000 
  183    -87.00000            0            0      0.00000 
  184    -88.00000            0            0      0.00000 
  185    -89.00000            0            0      0.00000 
  186    -90.00000            0            0      0.00000 
  187    -91.00000            0            0      0.00000 
  188    -92.00000            0            0      0.00000 
  189    -93.00000            0            0      0.00000 
  190    -94.00000            0            0      0.00000 
  191    -95.00000            0            0      0.00000 
  192    -96.00000            0            0      0.00000 
  193    -97.00000            0            0      0.00000 
  194    -98.00000            0            0      0.00000 
