# 3dSliceNDice -insetA 9m_5min_s1_m2_binary+orig -insetB 9m_5min_s2_m2_binary+orig -prefix 9m_5min_split_m2_binary
    0    134.00000            0            0      0.00000 
    1    133.00000            0            0      0.00000 
    2    132.00000            0            0      0.00000 
    3    131.00000            0            0      0.00000 
    4    130.00000            0            0      0.00000 
    5    129.00000            0            0      0.00000 
    6    128.00000            0            0      0.00000 
    7    127.00000            0            0      0.00000 
    8    126.00000            0            0      0.00000 
    9    125.00000            0            0      0.00000 
   10    124.00000            0            0      0.00000 
   11    123.00000            0            0      0.00000 
   12    122.00000            0            0      0.00000 
   13    121.00000            0            0      0.00000 
   14    120.00000            0            0      0.00000 
   15    119.00000            0            0      0.00000 
   16    118.00000            0            0      0.00000 
   17    117.00000            0            0      0.00000 
   18    116.00000            0            0      0.00000 
   19    115.00000            0            0      0.00000 
   20    114.00000            0            0      0.00000 
   21    113.00000            0            0      0.00000 
   22    112.00000            0            0      0.00000 
   23    111.00000            0            0      0.00000 
   24    110.00000            0            0      0.00000 
   25    109.00000            0            0      0.00000 
   26    108.00000            0            0      0.00000 
   27    107.00000            0            0      0.00000 
   28    106.00000            0            0      0.00000 
   29    105.00000            0            0      0.00000 
   30    104.00000            0            0      0.00000 
   31    103.00000            0            0      0.00000 
   32    102.00000            0            0      0.00000 
   33    101.00000            0            0      0.00000 
   34    100.00000            0            0      0.00000 
   35     99.00000            0            0      0.00000 
   36     98.00000            0            0      0.00000 
   37     97.00000            0            0      0.00000 
   38     96.00000            0            0      0.00000 
   39     95.00000            0            0      0.00000 
   40     94.00000            0            0      0.00000 
   41     93.00000            0            0      0.00000 
   42     92.00000            0            0      0.00000 
   43     91.00000            0            0      0.00000 
   44     90.00000            0            0      0.00000 
   45     89.00000            0            0      0.00000 
   46     88.00000            0            0      0.00000 
   47     87.00000            0            0      0.00000 
   48     86.00000            0            0      0.00000 
   49     85.00000            0            0      0.00000 
   50     84.00000            0            0      0.00000 
   51     83.00000            0            0      0.00000 
   52     82.00000           28           59      0.64368 
   53     81.00000           87          155      0.71901 
   54     80.00000          140          229      0.75881 
   55     79.00000          184          283      0.77088 
   56     78.00000          248          331      0.74611 
   57     77.00000          334          379      0.71809 
   58     76.00000          409          407      0.67892 
   59     75.00000          504          439      0.65323 
   60     74.00000          589          472      0.64467 
   61     73.00000          672          508      0.64068 
   62     72.00000          753          570      0.65004 
   63     71.00000          824          640      0.67213 
   64     70.00000          893          702      0.68966 
   65     69.00000          909          736      0.70638 
   66     68.00000          918          759      0.71676 
   67     67.00000          904          769      0.73162 
   68     66.00000          889          760      0.74591 
   69     65.00000          878          762      0.77073 
   70     64.00000          832          727      0.78640 
   71     63.00000          799          666      0.79181 
   72     62.00000          821          684      0.78671 
   73     61.00000          861          786      0.79903 
   74     60.00000          876          864      0.81839 
   75     59.00000          846          923      0.82533 
   76     58.00000          810          955      0.84986 
   77     57.00000         1002         1252      0.84206 
   78     56.00000         1166         1470      0.85812 
   79     55.00000         1290         1610      0.86966 
   80     54.00000         1370         1710      0.87078 
   81     53.00000         1456         1805      0.87642 
   82     52.00000         1573         1922      0.88355 
   83     51.00000         1685         2045      0.88686 
   84     50.00000         1781         2171      0.87955 
   85     49.00000         1852         2256      0.87390 
   86     48.00000         1926         2370      0.86499 
   87     47.00000         2134         2561      0.87497 
   88     46.00000         2349         2638      0.89072 
   89     45.00000         2497         2692      0.90345 
   90     44.00000         2579         2686      0.90674 
   91     43.00000         2626         2681      0.90484 
   92     42.00000         2680         2677      0.90648 
   93     41.00000         2732         2672      0.91562 
   94     40.00000         2802         2680      0.92521 
   95     39.00000         2825         2647      0.93385 
   96     38.00000         2854         2620      0.94337 
   97     37.00000         2906         2580      0.93839 
   98     36.00000         2969         2556      0.92199 
   99     35.00000         3033         2542      0.90834 
  100     34.00000         3056         2515      0.89894 
  101     33.00000         3099         2531      0.89414 
  102     32.00000         3259         2714      0.88666 
  103     31.00000         3325         2806      0.89153 
  104     30.00000         3377         2882      0.89184 
  105     29.00000         3378         2914      0.89193 
  106     28.00000         3360         2916      0.89165 
  107     27.00000         3279         2918      0.88365 
  108     26.00000         3127         2860      0.87256 
  109     25.00000         3002         2831      0.85822 
  110     24.00000         2811         2724      0.84734 
  111     23.00000         2666         2640      0.84169 
  112     22.00000         2503         2556      0.83613 
  113     21.00000         2336         2450      0.83201 
  114     20.00000         2140         2326      0.82535 
  115     19.00000         1942         2154      0.82764 
  116     18.00000         1799         2046      0.83433 
  117     17.00000         1672         1898      0.83193 
  118     16.00000         1592         1778      0.82196 
  119     15.00000         1515         1656      0.80669 
  120     14.00000         1399         1488      0.78767 
  121     13.00000         1316         1292      0.73083 
  122     12.00000         1220         1017      0.62763 
  123     11.00000         1172          938      0.61137 
  124     10.00000         1095          842      0.59577 
  125      9.00000          954          716      0.59281 
  126      8.00000          739          563      0.60522 
  127      7.00000          516          407      0.59372 
  128      6.00000          409          284      0.44156 
  129      5.00000          367          224      0.34179 
  130      4.00000          305          149      0.18943 
  131      3.00000          259           81      0.00000 
  132      2.00000          315          114      0.27972 
  133      1.00000          381          177      0.49462 
  134      0.00000          435          227      0.60725 
  135     -1.00000          454          245      0.67811 
  136     -2.00000          448          252      0.72000 
  137     -3.00000          446          278      0.76796 
  138     -4.00000          433          291      0.80387 
  139     -5.00000          429          315      0.84677 
  140     -6.00000          391          314      0.89078 
  141     -7.00000          334          303      0.95133 
  142     -8.00000          295          327      0.94855 
  143     -9.00000          273          361      0.86120 
  144    -10.00000          253          377      0.80317 
  145    -11.00000          234          373      0.72488 
  146    -12.00000          201          354      0.65225 
  147    -13.00000          172          331      0.53678 
  148    -14.00000          168          320      0.49180 
  149    -15.00000          162          310      0.41525 
  150    -16.00000          151          273      0.32547 
  151    -17.00000          140          229      0.15176 
  152    -18.00000          119          188      0.00000 
  153    -19.00000           93          180      0.00000 
  154    -20.00000           69          164      0.00000 
  155    -21.00000           42          143      0.00000 
  156    -22.00000           13          123      0.00000 
  157    -23.00000           32           99      0.00000 
  158    -24.00000           88           75      0.00000 
  159    -25.00000          127           50      0.00000 
  160    -26.00000          154           24      0.00000 
  161    -27.00000          178            3      0.00000 
  162    -28.00000          194            0      0.00000 
  163    -29.00000          202            0      0.00000 
  164    -30.00000          208            0      0.00000 
  165    -31.00000          208            0      0.00000 
  166    -32.00000          204            0      0.00000 
  167    -33.00000          191            0      0.00000 
  168    -34.00000          180            0      0.00000 
  169    -35.00000          168            0      0.00000 
  170    -36.00000          147            0      0.00000 
  171    -37.00000          128            0      0.00000 
  172    -38.00000           96            0      0.00000 
  173    -39.00000           58            0      0.00000 
  174    -40.00000           31            0      0.00000 
  175    -41.00000           10            0      0.00000 
  176    -42.00000            0            0      0.00000 
  177    -43.00000            0            0      0.00000 
  178    -44.00000            0            0      0.00000 
  179    -45.00000            0            0      0.00000 
  180    -46.00000            0            0      0.00000 
  181    -47.00000            0            0      0.00000 
  182    -48.00000            0            0      0.00000 
  183    -49.00000            0            0      0.00000 
  184    -50.00000            0            0      0.00000 
  185    -51.00000            0            0      0.00000 
  186    -52.00000            0            0      0.00000 
  187    -53.00000            0            0      0.00000 
  188    -54.00000            0            0      0.00000 
  189    -55.00000            0            0      0.00000 
  190    -56.00000            0            0      0.00000 
  191    -57.00000            0            0      0.00000 
  192    -58.00000            0            0      0.00000 
  193    -59.00000            0            0      0.00000 
  194    -60.00000            0            0      0.00000 
  195    -61.00000            0            0      0.00000 
  196    -62.00000            0            0      0.00000 
  197    -63.00000            0            0      0.00000 
  198    -64.00000            0            0      0.00000 
  199    -65.00000            0            0      0.00000 
  200    -66.00000            0            0      0.00000 
  201    -67.00000            0            0      0.00000 
  202    -68.00000            0            0      0.00000 
  203    -69.00000            0            0      0.00000 
  204    -70.00000            0            0      0.00000 
  205    -71.00000            0            0      0.00000 
  206    -72.00000            0            0      0.00000 
  207    -73.00000            0            0      0.00000 
  208    -74.00000            0            0      0.00000 
  209    -75.00000            0            0      0.00000 
  210    -76.00000            0            0      0.00000 
  211    -77.00000            0            0      0.00000 
  212    -78.00000            0            0      0.00000 
  213    -79.00000            0            0      0.00000 
  214    -80.00000            0            0      0.00000 
  215    -81.00000            0            0      0.00000 
  216    -82.00000            0            0      0.00000 
  217    -83.00000            0            0      0.00000 
  218    -84.00000            0            0      0.00000 
  219    -85.00000            0            0      0.00000 
  220    -86.00000            0            0      0.00000 
  221    -87.00000            0            0      0.00000 
  222    -88.00000            0            0      0.00000 
  223    -89.00000            0            0      0.00000 
  224    -90.00000            0            0      0.00000 
  225    -91.00000            0            0      0.00000 
  226    -92.00000            0            0      0.00000 
  227    -93.00000            0            0      0.00000 
  228    -94.00000            0            0      0.00000 
  229    -95.00000            0            0      0.00000 
  230    -96.00000            0            0      0.00000 
  231    -97.00000            0            0      0.00000 
  232    -98.00000            0            0      0.00000 
