# 3dSliceNDice -insetA 9m_5min_s1_m3_binary+orig -insetB 9m_5min_s2_m3_binary+orig -prefix 9m_5min_split_m3_binary
    0     96.00000            0            0      0.00000 
    1     95.00000            0            0      0.00000 
    2     94.00000            0            0      0.00000 
    3     93.00000            0            0      0.00000 
    4     92.00000            0            0      0.00000 
    5     91.00000            0            0      0.00000 
    6     90.00000            0            0      0.00000 
    7     89.00000            0            0      0.00000 
    8     88.00000            0            0      0.00000 
    9     87.00000            0            0      0.00000 
   10     86.00000            0            0      0.00000 
   11     85.00000            0            0      0.00000 
   12     84.00000            0            0      0.00000 
   13     83.00000            0            0      0.00000 
   14     82.00000            0            0      0.00000 
   15     81.00000            0            0      0.00000 
   16     80.00000            0            0      0.00000 
   17     79.00000            0            0      0.00000 
   18     78.00000            0            0      0.00000 
   19     77.00000            0            0      0.00000 
   20     76.00000            0            0      0.00000 
   21     75.00000            0            0      0.00000 
   22     74.00000            0            0      0.00000 
   23     73.00000            0            0      0.00000 
   24     72.00000            0            0      0.00000 
   25     71.00000            0            0      0.00000 
   26     70.00000            0            0      0.00000 
   27     69.00000            0            0      0.00000 
   28     68.00000            0            0      0.00000 
   29     67.00000            0            0      0.00000 
   30     66.00000            0            0      0.00000 
   31     65.00000            0            0      0.00000 
   32     64.00000            0            0      0.00000 
   33     63.00000            0            0      0.00000 
   34     62.00000            0            0      0.00000 
   35     61.00000            0            0      0.00000 
   36     60.00000            0            0      0.00000 
   37     59.00000            0            0      0.00000 
   38     58.00000            0            0      0.00000 
   39     57.00000            0            0      0.00000 
   40     56.00000            0            0      0.00000 
   41     55.00000            0            0      0.00000 
   42     54.00000            0            0      0.00000 
   43     53.00000            0            0      0.00000 
   44     52.00000            0            0      0.00000 
   45     51.00000            0            0      0.00000 
   46     50.00000            0            0      0.00000 
   47     49.00000            0            0      0.00000 
   48     48.00000            0            0      0.00000 
   49     47.00000            0            0      0.00000 
   50     46.00000            0            0      0.00000 
   51     45.00000            0            0      0.00000 
   52     44.00000            0            0      0.00000 
   53     43.00000            0            0      0.00000 
   54     42.00000            0            0      0.00000 
   55     41.00000            0            0      0.00000 
   56     40.00000            0            0      0.00000 
   57     39.00000            0            0      0.00000 
   58     38.00000            0            0      0.00000 
   59     37.00000           32           32      0.00000 
   60     36.00000           88           88      0.00000 
   61     35.00000          140          140      0.08571 
   62     34.00000          180          180      0.15556 
   63     33.00000          216          216      0.21296 
   64     32.00000          353          337      0.42899 
   65     31.00000          493          474      0.55636 
   66     30.00000          613          598      0.62593 
   67     29.00000          701          682      0.66956 
   68     28.00000          781          749      0.69542 
   69     27.00000          957          894      0.75203 
   70     26.00000         1139         1025      0.77357 
   71     25.00000         1327         1176      0.80463 
   72     24.00000         1450         1289      0.82293 
   73     23.00000         1539         1379      0.83756 
   74     22.00000         1692         1526      0.86700 
   75     21.00000         1820         1689      0.89655 
   76     20.00000         1964         1835      0.91392 
   77     19.00000         2066         1937      0.92531 
   78     18.00000         2137         2013      0.93205 
   79     17.00000         2463         2281      0.92032 
   80     16.00000         2668         2504      0.92923 
   81     15.00000         2841         2690      0.93473 
   82     14.00000         2954         2797      0.93479 
   83     13.00000         3062         2898      0.93624 
   84     12.00000         3197         3015      0.93722 
   85     11.00000         3264         3101      0.93543 
   86     10.00000         3344         3190      0.93450 
   87      9.00000         3408         3280      0.93571 
   88      8.00000         3477         3379      0.93757 
   89      7.00000         3556         3486      0.93894 
   90      6.00000         3566         3524      0.94133 
   91      5.00000         3583         3547      0.94390 
   92      4.00000         3574         3525      0.94718 
   93      3.00000         3552         3513      0.95032 
   94      2.00000         3481         3448      0.95021 
   95      1.00000         3369         3332      0.94732 
   96      0.00000         3302         3275      0.94724 
   97     -1.00000         3254         3248      0.94617 
   98     -2.00000         3280         3263      0.94238 
   99     -3.00000         3216         3210      0.93993 
  100     -4.00000         3137         3136      0.93512 
  101     -5.00000         3036         3045      0.92978 
  102     -6.00000         2876         2912      0.92329 
  103     -7.00000         2742         2768      0.90926 
  104     -8.00000         2674         2725      0.89609 
  105     -9.00000         2620         2729      0.88802 
  106    -10.00000         2526         2686      0.88296 
  107    -11.00000         2373         2577      0.87636 
  108    -12.00000         2187         2436      0.86437 
  109    -13.00000         2015         2250      0.87175 
  110    -14.00000         1986         2189      0.87473 
  111    -15.00000         1945         2121      0.88047 
  112    -16.00000         1843         2013      0.88278 
  113    -17.00000         1709         1919      0.87376 
  114    -18.00000         1583         1818      0.87445 
  115    -19.00000         1515         1753      0.86659 
  116    -20.00000         1440         1665      0.85797 
  117    -21.00000         1302         1526      0.83805 
  118    -22.00000         1147         1339      0.81175 
  119    -23.00000          951         1075      0.79072 
  120    -24.00000          872         1011      0.77961 
  121    -25.00000          772          922      0.76860 
  122    -26.00000          656          819      0.75797 
  123    -27.00000          501          695      0.74415 
  124    -28.00000          422          651      0.78658 
  125    -29.00000          460          717      0.78165 
  126    -30.00000          491          768      0.77998 
  127    -31.00000          505          766      0.78363 
  128    -32.00000          518          752      0.80315 
  129    -33.00000          663          816      0.78567 
  130    -34.00000          754          889      0.79610 
  131    -35.00000          822          957      0.81169 
  132    -36.00000          855          974      0.82449 
  133    -37.00000          880         1006      0.82821 
  134    -38.00000          910         1010      0.84062 
  135    -39.00000          900          980      0.85426 
  136    -40.00000          899          958      0.87022 
  137    -41.00000          860          896      0.88724 
  138    -42.00000          800          818      0.90235 
  139    -43.00000          800          739      0.89149 
  140    -44.00000          813          654      0.86299 
  141    -45.00000          812          583      0.83441 
  142    -46.00000          785          515      0.77231 
  143    -47.00000          754          449      0.71322 
  144    -48.00000          728          391      0.63628 
  145    -49.00000          672          332      0.57171 
  146    -50.00000          627          284      0.49835 
  147    -51.00000          552          240      0.43687 
  148    -52.00000          490          207      0.38164 
  149    -53.00000          389          163      0.33696 
  150    -54.00000          294          118      0.26214 
  151    -55.00000          191           66      0.10895 
  152    -56.00000          114           12      0.00000 
  153    -57.00000           41            0      0.00000 
  154    -58.00000            1            0      0.00000 
  155    -59.00000            0            0      0.00000 
  156    -60.00000            0            0      0.00000 
  157    -61.00000            0            0      0.00000 
  158    -62.00000            0            0      0.00000 
  159    -63.00000            0            0      0.00000 
  160    -64.00000            0            0      0.00000 
  161    -65.00000            0            0      0.00000 
  162    -66.00000            0            0      0.00000 
  163    -67.00000            0            0      0.00000 
  164    -68.00000            0            0      0.00000 
  165    -69.00000            0            0      0.00000 
  166    -70.00000            0            0      0.00000 
  167    -71.00000            0            0      0.00000 
  168    -72.00000            0            0      0.00000 
  169    -73.00000            0            0      0.00000 
  170    -74.00000            0            0      0.00000 
  171    -75.00000            0            0      0.00000 
  172    -76.00000            0            0      0.00000 
  173    -77.00000            0            0      0.00000 
  174    -78.00000            0            0      0.00000 
  175    -79.00000            0            0      0.00000 
  176    -80.00000            0            0      0.00000 
  177    -81.00000            0            0      0.00000 
  178    -82.00000            0            0      0.00000 
  179    -83.00000            0            0      0.00000 
  180    -84.00000            0            0      0.00000 
  181    -85.00000            0            0      0.00000 
  182    -86.00000            0            0      0.00000 
  183    -87.00000            0            0      0.00000 
  184    -88.00000            0            0      0.00000 
  185    -89.00000            0            0      0.00000 
  186    -90.00000            0            0      0.00000 
  187    -91.00000            0            0      0.00000 
  188    -92.00000            0            0      0.00000 
  189    -93.00000            0            0      0.00000 
  190    -94.00000            0            0      0.00000 
  191    -95.00000            0            0      0.00000 
  192    -96.00000            0            0      0.00000 
  193    -97.00000            0            0      0.00000 
  194    -98.00000            0            0      0.00000 
