# 3dSliceNDice -insetA 9m_5min_s1_m1_binary+orig -insetB 9m_5min_s2_m1_binary+orig -prefix 9m_5min_split_m1_binary
    0    -72.00000            0            0      0.00000 
    1    -71.00000            0            0      0.00000 
    2    -70.00000            0            0      0.00000 
    3    -69.00000            0            0      0.00000 
    4    -68.00000            0            0      0.00000 
    5    -67.00000            0            0      0.00000 
    6    -66.00000            0            0      0.00000 
    7    -65.00000            0            0      0.00000 
    8    -64.00000            0            0      0.00000 
    9    -63.00000            0            0      0.00000 
   10    -62.00000            0            0      0.00000 
   11    -61.00000            0            0      0.00000 
   12    -60.00000            0            0      0.00000 
   13    -59.00000            0            0      0.00000 
   14    -58.00000            0            0      0.00000 
   15    -57.00000            0            0      0.00000 
   16    -56.00000            0            0      0.00000 
   17    -55.00000            0            0      0.00000 
   18    -54.00000            0            0      0.00000 
   19    -53.00000            0            0      0.00000 
   20    -52.00000            0            0      0.00000 
   21    -51.00000            0            0      0.00000 
   22    -50.00000            0            0      0.00000 
   23    -49.00000            0            0      0.00000 
   24    -48.00000            0            0      0.00000 
   25    -47.00000            0            0      0.00000 
   26    -46.00000            0            0      0.00000 
   27    -45.00000            0            0      0.00000 
   28    -44.00000            0            0      0.00000 
   29    -43.00000            0            0      0.00000 
   30    -42.00000            0            0      0.00000 
   31    -41.00000            0            0      0.00000 
   32    -40.00000            0            0      0.00000 
   33    -39.00000            0            0      0.00000 
   34    -38.00000            0            0      0.00000 
   35    -37.00000            0            0      0.00000 
   36    -36.00000            0            0      0.00000 
   37    -35.00000            0            0      0.00000 
   38    -34.00000            0            0      0.00000 
   39    -33.00000            0            0      0.00000 
   40    -32.00000          339          292      0.90016 
   41    -31.00000          599          582      0.93649 
   42    -30.00000          772          768      0.93766 
   43    -29.00000          911          921      0.93450 
   44    -28.00000         1048         1097      0.92587 
   45    -27.00000         1186         1269      0.91405 
   46    -26.00000         1318         1415      0.91328 
   47    -25.00000         1493         1578      0.90785 
   48    -24.00000         1607         1674      0.90338 
   49    -23.00000         1733         1779      0.90433 
   50    -22.00000         1961         1925      0.91302 
   51    -21.00000         2247         2153      0.91591 
   52    -20.00000         2733         2591      0.92299 
   53    -19.00000         3079         2883      0.91815 
   54    -18.00000         3363         3125      0.91554 
   55    -17.00000         3942         3593      0.89900 
   56    -16.00000         4379         3999      0.89496 
   57    -15.00000         4784         4408      0.89099 
   58    -14.00000         4897         4523      0.88493 
   59    -13.00000         4933         4517      0.87810 
   60    -12.00000         5012         4612      0.88259 
   61    -11.00000         5048         4682      0.89517 
   62    -10.00000         5012         4696      0.90729 
   63     -9.00000         4810         4551      0.91678 
   64     -8.00000         4450         4221      0.92123 
   65     -7.00000         4005         3802      0.94018 
   66     -6.00000         4006         3872      0.94973 
   67     -5.00000         4080         3952      0.95418 
   68     -4.00000         4102         3971      0.95479 
   69     -3.00000         4118         3991      0.95548 
   70     -2.00000         4137         4042      0.95244 
   71     -1.00000         4141         4076      0.94828 
   72      0.00000         4111         4064      0.94361 
   73      1.00000         3983         3933      0.93507 
   74      2.00000         3840         3732      0.92050 
   75      3.00000         3726         3461      0.90719 
   76      4.00000         3678         3372      0.90950 
   77      5.00000         3593         3268      0.90891 
   78      6.00000         3423         3104      0.90210 
   79      7.00000         3267         2923      0.89047 
   80      8.00000         3140         2813      0.85436 
   81      9.00000         3132         2883      0.83791 
   82     10.00000         3126         2893      0.82605 
   83     11.00000         3032         2822      0.81483 
   84     12.00000         2923         2699      0.79438 
   85     13.00000         2851         2809      0.75442 
   86     14.00000         2879         3078      0.76381 
   87     15.00000         2908         3310      0.77420 
   88     16.00000         2943         3429      0.77903 
   89     17.00000         3001         3504      0.78155 
   90     18.00000         3207         3752      0.78373 
   91     19.00000         3385         3892      0.79621 
   92     20.00000         3527         4024      0.80334 
   93     21.00000         3540         4025      0.80529 
   94     22.00000         3498         4013      0.80495 
   95     23.00000         3442         3972      0.80793 
   96     24.00000         3359         3874      0.80824 
   97     25.00000         3299         3804      0.81036 
   98     26.00000         3138         3622      0.81361 
   99     27.00000         2961         3427      0.81653 
  100     28.00000         2774         3204      0.82804 
  101     29.00000         2628         3037      0.83460 
  102     30.00000         2495         2865      0.84590 
  103     31.00000         2326         2665      0.86396 
  104     32.00000         2182         2488      0.88608 
  105     33.00000         2042         2334      0.89899 
  106     34.00000         1877         2129      0.90115 
  107     35.00000         1726         1926      0.90909 
  108     36.00000         1546         1689      0.92056 
  109     37.00000         1407         1483      0.93910 
  110     38.00000         1253         1282      0.94596 
  111     39.00000         1127         1156      0.93999 
  112     40.00000         1028         1055      0.93999 
  113     41.00000          943          975      0.93952 
  114     42.00000          859          921      0.92584 
  115     43.00000          714          812      0.90826 
  116     44.00000          571          695      0.87362 
  117     45.00000          429          582      0.82690 
  118     46.00000          263          448      0.72574 
  119     47.00000          144          320      0.62069 
  120     48.00000           81          253      0.48503 
  121     49.00000           31          200      0.26840 
  122     50.00000           10          166      0.11364 
  123     51.00000            0          144      0.00000 
  124     52.00000            0           95      0.00000 
  125     53.00000            0           53      0.00000 
  126     54.00000            0            2      0.00000 
  127     55.00000            0            0      0.00000 
  128     56.00000            0            0      0.00000 
  129     57.00000            0            0      0.00000 
  130     58.00000            0            0      0.00000 
  131     59.00000            0            0      0.00000 
  132     60.00000            0            0      0.00000 
  133     61.00000            0            0      0.00000 
  134     62.00000            0            0      0.00000 
  135     63.00000            0            0      0.00000 
  136     64.00000            0            0      0.00000 
  137     65.00000            0            0      0.00000 
  138     66.00000            0            0      0.00000 
  139     67.00000            0            0      0.00000 
  140     68.00000            0            0      0.00000 
  141     69.00000            0            0      0.00000 
  142     70.00000            0            0      0.00000 
  143     71.00000            0            0      0.00000 
  144     72.00000            0            0      0.00000 
  145     73.00000            0            0      0.00000 
  146     74.00000            0            0      0.00000 
  147     75.00000            0            0      0.00000 
  148     76.00000            0            0      0.00000 
  149     77.00000            0            0      0.00000 
  150     78.00000            0            0      0.00000 
  151     79.00000            0            0      0.00000 
  152     80.00000            0            0      0.00000 
  153     81.00000            0            0      0.00000 
  154     82.00000            0            0      0.00000 
  155     83.00000            0            0      0.00000 
  156     84.00000            0            0      0.00000 
  157     85.00000            0            0      0.00000 
  158     86.00000            0            0      0.00000 
